 -0.0806517 -0.0187041 0.697414
 -0.105443 -0.0690027 0.713269
 -0.148023 -0.0272214 0.736529
 -0.166088 0.00188883 0.746045
 -0.180892 0.0257433 0.753842
 -0.100157 0.0328385 0.683778
 -0.0821156 0.0490647 0.678079
 -0.0558231 0.0727123 0.669773
 -0.0454262 0.0820633 0.666489
 -0.0739504 0.0283775 0.684097
 -0.0688305 0.0513399 0.67978
 -0.0606928 0.087937 0.676982
 -0.0553471 0.111977 0.675144
 -0.0494624 0.0178154 0.685299
 -0.0429764 0.032037 0.681283
 -0.0265467 0.0680621 0.67111
 -0.018782 0.0850873 0.666303
 -0.0295842 -0.00248195 0.689795
 -0.0180144 0.00819578 0.686062
 0.0114745 0.0359877 0.679071
 0.0184735 0.0439041 0.683186
 -0.00326994 0.0220917 0.682566
 -0.0347615 0.0500496 0.676197
 -0.0647616 0.0696384 0.678381
 -0.0689693 0.0608885 0.673926
