 -0.117604 -0.0821728 0.737237
 -0.132788 -0.0260882 0.741698
 -0.0860138 -0.05099 0.764081
 -0.0604221 -0.0728067 0.775632
 -0.0531674 -0.0943472 0.793863
 -0.0700293 -0.111536 0.747111
 -0.0590649 -0.133854 0.748822
 -0.0448744 -0.166506 0.756033
 -0.0398423 -0.179298 0.7602
 -0.092632 -0.124598 0.738062
 -0.0858476 -0.147489 0.736625
 -0.0758153 -0.18372 0.736351
 -0.0693002 -0.207541 0.736401
 -0.116635 -0.131244 0.729546
 -0.1137 -0.147028 0.727899
 -0.106609 -0.187172 0.724833
 -0.105354 -0.205864 0.729556
 -0.143411 -0.12722 0.721943
 -0.14595 -0.143186 0.722611
 -0.152404 -0.183761 0.724308
 -0.154232 -0.194933 0.724955
 -0.149177 -0.163473 0.723459
 -0.110154 -0.1671 0.726366
 -0.0808314 -0.165605 0.736488
 -0.0519697 -0.15018 0.752428
