 -0.113432 -0.0781987 0.73839
 -0.122838 -0.0217611 0.749448
 -0.0704145 -0.0346811 0.782253
 -0.0434842 -0.0510917 0.798678
 -0.0214161 -0.0645394 0.812137
 -0.0689956 -0.113087 0.743979
 -0.0597499 -0.136069 0.741218
 -0.0467092 -0.169864 0.738513
 -0.0423264 -0.183502 0.739569
 -0.0920986 -0.122563 0.734359
 -0.0841779 -0.14502 0.732107
 -0.0717283 -0.180317 0.728568
 -0.0635503 -0.203503 0.726243
 -0.11685 -0.125875 0.725391
 -0.11386 -0.141461 0.722464
 -0.106408 -0.181038 0.715433
 -0.102886 -0.199741 0.712111
 -0.143772 -0.118407 0.718594
 -0.145867 -0.134451 0.718512
 -0.151998 -0.175023 0.721186
 -0.153691 -0.186212 0.721931
 -0.148933 -0.154737 0.719849
 -0.110134 -0.161249 0.718949
 -0.0779531 -0.162668 0.730338
 -0.0532296 -0.152966 0.739866
