 -0.108314 -0.0831962 0.743318
 -0.11704 -0.0264468 0.753285
 -0.0643751 -0.0420819 0.782559
 -0.0360221 -0.0587608 0.796059
 -0.0176152 -0.0755449 0.811174
 -0.0638479 -0.118168 0.748081
 -0.0548159 -0.141261 0.745554
 -0.0416531 -0.174917 0.741872
 -0.036448 -0.188225 0.740416
 -0.0879457 -0.127884 0.739235
 -0.0829329 -0.150985 0.735585
 -0.0750539 -0.187295 0.729849
 -0.0701272 -0.211322 0.726962
 -0.113284 -0.131212 0.731439
 -0.11271 -0.147001 0.728148
 -0.111269 -0.187005 0.719851
 -0.110588 -0.205911 0.71593
 -0.139572 -0.123731 0.72574
 -0.142703 -0.139129 0.721879
 -0.153767 -0.178547 0.725706
 -0.15682 -0.189417 0.726767
 -0.148235 -0.158838 0.723792
 -0.11199 -0.167003 0.724
 -0.0789934 -0.16914 0.732717
 -0.0482345 -0.158089 0.743713
