 -0.0848654 0.00649188 0.716116
 -0.0778211 -0.0489481 0.732631
 -0.0445435 -0.00447818 0.748262
 -0.0219871 0.0211221 0.738255
 -0.00399557 0.0267145 0.716028
 -0.0722116 0.0568673 0.739033
 -0.0499447 0.0563646 0.727845
 -0.0166596 0.0527433 0.713757
 -0.00341758 0.0509286 0.708495
 -0.0828141 0.0549473 0.712974
 -0.0772046 0.0745022 0.700394
 -0.0561044 0.0966718 0.67856
 -0.0422342 0.111225 0.664218
 -0.0966544 0.0476977 0.690797
 -0.100636 0.0608163 0.682282
 -0.0946874 0.09072 0.65505
 -0.0916651 0.104769 0.642137
 -0.106196 0.0305445 0.672578
 -0.106575 0.0466529 0.6711
 -0.0809089 0.0745972 0.655249
 -0.0726268 0.0806691 0.650439
 -0.0937418 0.0606251 0.663174
 -0.0976616 0.0757681 0.668666
 -0.0666545 0.085587 0.689477
 -0.0333021 0.0545539 0.720801
