 -0.0718012 0.00722584 0.691146
 -0.095863 -0.0451271 0.699874
 -0.0487953 -0.0321045 0.670137
 -0.0209749 -0.0174368 0.653548
 -0.00506271 -0.00278218 0.634028
 -0.0207785 0.0253426 0.674073
 -0.0144244 0.047241 0.664006
 -0.00520277 0.079128 0.649253
 -0.00155623 0.0917371 0.643419
 -0.0398434 0.0430449 0.679533
 -0.0263738 0.061463 0.672359
 -0.00554957 0.0903202 0.660234
 0.00565215 0.108185 0.647378
 -0.0612625 0.0549461 0.686506
 -0.0520002 0.0674111 0.682115
 -0.0292488 0.0988201 0.669189
 -0.0237482 0.110556 0.654862
 -0.0893278 0.0581876 0.696128
 -0.0863368 0.0740417 0.694898
 -0.0804582 0.113917 0.68676
 -0.0795429 0.124449 0.682655
 -0.0833975 0.0939795 0.690829
 -0.0406245 0.0831156 0.675652
 -0.0159617 0.0758916 0.666297
 -0.0098136 0.0631845 0.65663
