 -0.142759 -0.0430996 0.716399
 -0.125532 -0.087979 0.749339
 -0.0735883 -0.0570168 0.733692
 -0.0508973 -0.0366328 0.715419
 -0.035454 -0.0244114 0.693945
 -0.118623 0.00529494 0.699124
 -0.118426 0.0226892 0.681273
 -0.112256 0.0342034 0.647379
 -0.109816 0.0387564 0.633976
 -0.143147 -0.00102645 0.69075
 -0.143526 0.0160782 0.674035
 -0.143805 0.0423883 0.647181
 -0.143459 0.0586707 0.628617
 -0.167174 -0.0115385 0.687168
 -0.170591 0.000338417 0.676789
 -0.175003 0.0236078 0.643468
 -0.176812 0.0341221 0.627361
 -0.188394 -0.0309322 0.689969
 -0.196419 -0.0239691 0.677766
 -0.204886 -0.0199036 0.637733
 -0.206517 -0.0195443 0.626517
 -0.200652 -0.0219364 0.65775
 -0.172797 0.0119731 0.660129
 -0.143665 0.0292332 0.660608
 -0.115341 0.0284463 0.664326
