 -0.106858 -0.0753121 0.72844
 -0.117404 -0.092345 0.783163
 -0.062381 -0.0815559 0.765246
 -0.0325402 -0.073422 0.747705
 -0.0078841 -0.0721436 0.732231
 -0.0724465 -0.0370284 0.704498
 -0.054578 -0.0542975 0.702564
 -0.0300278 -0.0773921 0.716107
 -0.0212419 -0.085537 0.724031
 -0.0904871 -0.0538883 0.688301
 -0.0922773 -0.0530959 0.664462
 -0.095091 -0.0518505 0.626993
 -0.0969394 -0.0510323 0.60238
 -0.105997 -0.068964 0.679383
 -0.102377 -0.0636432 0.664583
 -0.0932097 -0.0501649 0.627093
 -0.0888771 -0.0437952 0.609375
 -0.126095 -0.0897962 0.679971
 -0.11448 -0.100987 0.678678
 -0.127581 -0.119268 0.713103
 -0.13626 -0.112456 0.715721
 -0.12103 -0.110127 0.69589
 -0.0977936 -0.0569041 0.645838
 -0.0936842 -0.0524732 0.645727
 -0.0423029 -0.0658448 0.709336
