 -0.0849951 -0.0675115 0.735853
 -0.0896342 -0.00953421 0.73947
 -0.0387004 -0.0207367 0.776
 -0.0120482 -0.0354432 0.794376
 0.00689251 -0.0489911 0.811889
 -0.0433449 -0.104881 0.745432
 -0.0425999 -0.12972 0.743501
 -0.0424375 -0.166044 0.743681
 -0.0441137 -0.179128 0.749367
 -0.0687068 -0.113769 0.736845
 -0.0688122 -0.137594 0.734738
 -0.0689779 -0.175043 0.731428
 -0.0690868 -0.199643 0.729253
 -0.0913312 -0.115812 0.729696
 -0.0865901 -0.131238 0.729814
 -0.0751085 -0.170423 0.731791
 -0.0696824 -0.188942 0.732725
 -0.118886 -0.10735 0.721943
 -0.118611 -0.123527 0.722132
 -0.117915 -0.164638 0.722612
 -0.117723 -0.175976 0.722744
 -0.118263 -0.144082 0.722372
 -0.0808493 -0.15083 0.730802
 -0.0688951 -0.156319 0.733083
 -0.0425187 -0.147882 0.743591
