 -0.104204 -0.0719141 0.738096
 -0.117205 -0.0173794 0.753999
 -0.0632008 -0.0299856 0.783687
 -0.0338593 -0.0451154 0.796896
 -0.00985472 -0.0575513 0.807765
 -0.055994 -0.101236 0.731852
 -0.047078 -0.123643 0.738153
 -0.0340843 -0.156298 0.747334
 -0.0289937 -0.16918 0.751138
 -0.0795752 -0.113226 0.726926
 -0.070466 -0.134576 0.721154
 -0.0561484 -0.168133 0.712082
 -0.0467433 -0.190177 0.706122
 -0.105673 -0.119386 0.723537
 -0.103344 -0.134697 0.719
 -0.0974459 -0.173483 0.707506
 -0.095219 -0.192608 0.709099
 -0.133471 -0.114977 0.723325
 -0.135873 -0.130698 0.720348
 -0.142144 -0.170987 0.725672
 -0.143873 -0.182098 0.727144
 -0.139008 -0.150843 0.72301
 -0.100395 -0.15409 0.713253
 -0.0633072 -0.151355 0.716618
 -0.0405811 -0.139971 0.742744
