 -0.0760778 -0.0731268 0.697064
 -0.101322 -0.0860196 0.747981
 -0.0815685 -0.0274974 0.750029
 -0.0673397 0.00438201 0.743279
 -0.0556799 0.0305058 0.737748
 -0.0510624 -0.0269546 0.675492
 -0.0356339 -0.0179442 0.658113
 -0.0131488 -0.00481266 0.632786
 -0.00253077 -0.000597302 0.624079
 -0.0525955 -0.0498072 0.660538
 -0.040434 -0.043279 0.641003
 -0.0199746 -0.033558 0.610998
 0.00221056 -0.0326082 0.60019
 -0.0565314 -0.0727112 0.652091
 -0.0468393 -0.0667341 0.640655
 -0.022288 -0.0515935 0.611685
 -0.0101861 -0.0446799 0.598306
 -0.0671186 -0.10058 0.651292
 -0.058382 -0.10383 0.638066
 -0.0337759 -0.112924 0.606401
 -0.0251102 -0.115939 0.613065
 -0.046079 -0.108377 0.622233
 -0.0345637 -0.0591638 0.62617
 -0.0302043 -0.0384185 0.626001
 -0.0243913 -0.0113784 0.645449
