 -0.112223 -0.0854713 0.740155
 -0.12358 -0.0314856 0.758931
 -0.0694377 -0.0477709 0.785692
 -0.0399255 -0.0643618 0.796559
 -0.0162719 -0.0784298 0.806129
 -0.0650264 -0.113738 0.726138
 -0.0564988 -0.137056 0.728325
 -0.0445843 -0.169971 0.738029
 -0.0398729 -0.182986 0.741867
 -0.0891727 -0.126452 0.725671
 -0.0820177 -0.149134 0.723134
 -0.070741 -0.184888 0.720325
 -0.0633335 -0.208375 0.71848
 -0.114986 -0.1327 0.725061
 -0.112857 -0.147878 0.720008
 -0.107111 -0.18735 0.711051
 -0.104396 -0.206004 0.706818
 -0.142665 -0.12883 0.729089
 -0.145424 -0.14414 0.724641
 -0.152214 -0.18363 0.715404
 -0.154086 -0.19452 0.712856
 -0.148819 -0.163885 0.720022
 -0.109984 -0.167614 0.715529
 -0.0763794 -0.167011 0.721729
 -0.0505416 -0.153514 0.733177
