 -0.108839 -0.0259354 0.816926
 -0.100235 -0.0823082 0.828928
 -0.0484576 -0.0508369 0.825168
 -0.0256192 -0.0254975 0.815136
 -0.0069829 -0.00472963 0.806747
 -0.074839 0.0189185 0.809498
 -0.0724702 0.0381525 0.793824
 -0.0690148 0.0625822 0.767164
 -0.0676484 0.0722423 0.756622
 -0.101329 0.015761 0.803376
 -0.10013 0.0110402 0.779958
 -0.0924878 -0.0230053 0.765962
 -0.0874655 -0.0453809 0.756796
 -0.126351 0.0171769 0.803815
 -0.124816 0.0286996 0.79262
 -0.121335 0.0423963 0.75426
 -0.119781 0.0469938 0.735559
 -0.152677 0.00463037 0.808382
 -0.156183 0.0200667 0.805029
 -0.165091 0.0592956 0.796508
 -0.167547 0.0701141 0.794159
 -0.160637 0.0396812 0.800769
 -0.123075 0.0355479 0.77344
 -0.0963088 -0.00598257 0.77296
 -0.0707425 0.0503673 0.780494
