 -0.111491 -0.0208956 0.821251
 -0.106697 -0.0762424 0.83885
 -0.0533842 -0.054307 0.818854
 -0.0282832 -0.0350012 0.802682
 -0.00771413 -0.019181 0.789429
 -0.0749124 0.0218285 0.813528
 -0.0702052 0.0402969 0.797465
 -0.0633004 0.06673 0.773526
 -0.0604916 0.0760548 0.762967
 -0.101648 0.0256584 0.80846
 -0.10227 0.0484916 0.801362
 -0.101454 0.0786512 0.778932
 -0.100665 0.097317 0.76278
 -0.125752 0.0226304 0.80409
 -0.122898 0.0360814 0.795641
 -0.115666 0.0701543 0.774241
 -0.112243 0.0862207 0.764072
 -0.152832 0.0103736 0.805686
 -0.159813 0.0240198 0.800503
 -0.177552 0.0586994 0.787331
 -0.182444 0.0682632 0.783699
 -0.168682 0.0413596 0.793917
 -0.119282 0.0531178 0.784941
 -0.101862 0.0635714 0.790147
 -0.0667528 0.0535134 0.785496
