 -0.0748673 -0.0282611 0.792559
 -0.0795171 -0.075816 0.825919
 -0.0475102 -0.0720169 0.777821
 -0.04764 -0.0680511 0.742486
 -0.052211 -0.0663454 0.713759
 -0.0341517 -0.00654846 0.759487
 -0.0313134 0.00482448 0.73749
 -0.0271769 0.021399 0.705433
 -0.0255412 0.0279532 0.692756
 -0.0576111 0.00582923 0.761298
 -0.0519241 0.0215729 0.744213
 -0.0429854 0.0463183 0.717358
 -0.0374533 0.0620496 0.699143
 -0.0817962 0.0140785 0.767973
 -0.0793902 0.0268845 0.758451
 -0.0747758 0.0571062 0.731311
 -0.0726068 0.0713702 0.718462
 -0.107848 0.0129887 0.780733
 -0.112093 0.0268701 0.773586
 -0.127244 0.0529995 0.745683
 -0.131563 0.0597482 0.737658
 -0.119669 0.0399348 0.759634
 -0.077083 0.0419954 0.744881
 -0.0474548 0.0339456 0.730786
 -0.0292452 0.0131118 0.721461
