 -0.068646 -0.0411182 0.720826
 -0.0670889 -0.0951805 0.742524
 -0.0257546 -0.0637866 0.778622
 -0.00240315 -0.0400102 0.79102
 0.0234186 -0.027446 0.786083
 -0.065855 0.010967 0.743239
 -0.0570478 0.0338574 0.738799
 -0.0404456 0.0654886 0.732217
 -0.0338463 0.0779785 0.729614
 -0.068552 0.00800893 0.716341
 -0.0689323 0.0310562 0.709953
 -0.0653648 0.0670108 0.699564
 -0.0597565 0.0900235 0.692574
 -0.0709395 -0.000628218 0.693146
 -0.0709965 0.0153201 0.690677
 -0.0664053 0.055389 0.683995
 -0.0608379 0.0735774 0.680612
 -0.0733553 -0.0205037 0.671007
 -0.0708655 -0.00900947 0.659894
 -0.0470493 0.0140375 0.635553
 -0.040457 0.0203793 0.628851
 -0.0589574 0.00251403 0.647723
 -0.0687009 0.0353546 0.687336
 -0.0671485 0.0490335 0.704758
 -0.0487467 0.049673 0.735508
