 -0.0929623 0.00795912 0.72847
 -0.0856193 -0.0494215 0.735507
 -0.0350197 -0.0256982 0.709401
 -0.018957 -0.0100503 0.681807
 -0.00770477 0.00148564 0.657531
 -0.0613879 0.0538602 0.739386
 -0.0555482 0.0761157 0.729803
 -0.047031 0.108541 0.71582
 -0.0424789 0.119166 0.707293
 -0.0852972 0.056751 0.72812
 -0.0824858 0.0803575 0.725485
 -0.078067 0.117462 0.721343
 -0.0725042 0.139777 0.712343
 -0.108641 0.0534066 0.718491
 -0.10725 0.0694747 0.717914
 -0.103606 0.110156 0.716174
 -0.100583 0.128851 0.712354
 -0.13283 0.0388362 0.708815
 -0.140038 0.0527291 0.704712
 -0.158357 0.0880357 0.694285
 -0.163409 0.0977724 0.69141
 -0.149197 0.0703824 0.699499
 -0.105428 0.0898151 0.717044
 -0.0802764 0.0989096 0.723414
 -0.0512896 0.0923285 0.722811
