 -0.125158 -0.0575214 0.743568
 -0.117618 -0.109131 0.769559
 -0.0678114 -0.0883816 0.742111
 -0.0435441 -0.0699403 0.723798
 -0.0267878 -0.0566768 0.703992
 -0.0904162 -0.0160078 0.726461
 -0.0872918 -0.000886196 0.706895
 -0.0826109 0.0120389 0.673272
 -0.0807701 0.0162421 0.659661
 -0.11657 -0.0143206 0.721585
 -0.113974 0.00346101 0.705799
 -0.109628 0.0273661 0.67711
 -0.106625 0.0379665 0.655008
 -0.142089 -0.0171925 0.721138
 -0.141031 -0.00401137 0.711887
 -0.137923 0.0253826 0.683646
 -0.136022 0.0289715 0.664757
 -0.168321 -0.0299692 0.726047
 -0.170637 -0.0172916 0.716263
 -0.17604 0.012351 0.688282
 -0.177104 0.0182428 0.678651
 -0.173339 -0.00247029 0.702272
 -0.139477 0.0106856 0.697766
 -0.111801 0.0154136 0.691455
 -0.0849513 0.00557637 0.690084
