 -0.12643 -0.0332898 0.795927
 -0.122567 -0.0906922 0.805202
 -0.0678862 -0.0661167 0.793717
 -0.041498 -0.0443686 0.783971
 -0.0210505 -0.0263123 0.77373
 -0.0887808 0.00873105 0.789618
 -0.0847738 0.0315667 0.780468
 -0.0790991 0.0628059 0.762821
 -0.076919 0.0745128 0.754789
 -0.114904 0.0140805 0.788043
 -0.1116 0.0371233 0.782545
 -0.106435 0.0721571 0.769922
 -0.103041 0.0951705 0.761629
 -0.141106 0.01312 0.787538
 -0.140791 0.0286203 0.783056
 -0.139987 0.0677483 0.771241
 -0.139607 0.08624 0.765658
 -0.167581 0.00133696 0.789871
 -0.171408 0.0168292 0.787197
 -0.181013 0.0552021 0.775966
 -0.183375 0.064228 0.76952
 -0.176211 0.0360157 0.781582
 -0.140389 0.0481843 0.777148
 -0.109017 0.0546402 0.776233
 -0.0819365 0.0471863 0.771644
