 -0.0912118 -0.0447567 0.811709
 -0.0851494 -0.100174 0.828683
 -0.0338362 -0.0746967 0.809417
 -0.0154902 -0.0558576 0.785483
 -0.000456435 -0.0404198 0.765871
 -0.0555505 -0.00126367 0.803986
 -0.051729 0.0198992 0.791385
 -0.0456539 0.0470355 0.768014
 -0.0430674 0.0533556 0.755377
 -0.0819487 0.00194999 0.798834
 -0.0809818 0.0241436 0.789966
 -0.079462 0.0590268 0.776029
 -0.0784636 0.0819413 0.766873
 -0.107772 -0.00064361 0.796572
 -0.108629 0.0147974 0.791958
 -0.110777 0.0538653 0.780112
 -0.111792 0.0723285 0.774514
 -0.133327 -0.0141327 0.796959
 -0.139217 4.69208e-007 0.791727
 -0.154185 0.0359175 0.778431
 -0.158146 0.0454635 0.773764
 -0.146701 0.017959 0.785079
 -0.109703 0.0343314 0.786035
 -0.0802219 0.0415852 0.782997
 -0.0486914 0.0334674 0.7797
