 -0.0768724 -0.0620814 0.740569
 -0.0897524 -0.00591116 0.73191
 -0.0401794 -0.00853904 0.769049
 -0.0128274 -0.0184774 0.789479
 0.00958635 -0.0266214 0.806221
 -0.030158 -0.0903754 0.756068
 -0.0203376 -0.111936 0.763811
 -0.00925544 -0.140709 0.783015
 -0.00487325 -0.152087 0.790609
 -0.0535153 -0.104186 0.750853
 -0.047617 -0.127068 0.754561
 -0.040527 -0.161656 0.767474
 -0.0358696 -0.184378 0.775957
 -0.0780534 -0.111578 0.744729
 -0.0758476 -0.127433 0.746778
 -0.0702602 -0.167596 0.751967
 -0.0683119 -0.186196 0.756817
 -0.104863 -0.108265 0.737006
 -0.106628 -0.123522 0.742096
 -0.112828 -0.159287 0.761417
 -0.114539 -0.169149 0.766747
 -0.109728 -0.141405 0.751757
 -0.0730539 -0.147515 0.749372
 -0.044072 -0.144362 0.761018
 -0.0147965 -0.126322 0.773413
