 -0.105919 -0.0349902 0.811961
 -0.0988238 -0.090998 0.82641
 -0.0463768 -0.0622197 0.816395
 -0.0214357 -0.0388604 0.806566
 -0.000997503 -0.0197184 0.798513
 -0.0709792 0.00929166 0.805529
 -0.0679632 0.00397434 0.781365
 -0.0695375 -0.0314357 0.773419
 -0.0717315 -0.0344509 0.787291
 -0.0977517 0.0110307 0.798911
 -0.0983578 0.0275992 0.78167
 -0.0980592 0.0474686 0.749756
 -0.0978582 0.0604945 0.728775
 -0.122083 0.0086705 0.797231
 -0.119932 0.0220894 0.788527
 -0.11441 0.0555562 0.765708
 -0.111743 0.0708946 0.754268
 -0.148689 -0.00435234 0.799269
 -0.152279 0.010236 0.79326
 -0.160337 0.0446117 0.772183
 -0.162282 0.0533179 0.765182
 -0.156308 0.0274238 0.782721
 -0.117171 0.0388228 0.777118
 -0.0982085 0.0375339 0.765713
 -0.0687504 -0.0137307 0.777392
