 -0.144908 -0.0480854 0.771907
 -0.141512 -0.100358 0.797441
 -0.094156 -0.0808642 0.767255
 -0.0711446 -0.063258 0.746644
 -0.0564301 -0.0510007 0.724684
 -0.106926 -0.00979957 0.754171
 -0.109579 0.00828173 0.737222
 -0.113383 0.0338631 0.711715
 -0.114785 0.0427961 0.700554
 -0.13292 -0.00531995 0.75041
 -0.129069 0.0139477 0.73677
 -0.123044 0.0426427 0.713239
 -0.119301 0.0571355 0.693596
 -0.159041 -0.00603627 0.750296
 -0.158167 0.00752869 0.741597
 -0.155951 0.0418903 0.719561
 -0.154866 0.0537179 0.704323
 -0.18577 -0.016572 0.755587
 -0.191937 -0.00326052 0.748762
 -0.207611 0.0305684 0.731418
 -0.211931 0.0398456 0.726532
 -0.199774 0.0136539 0.74009
 -0.157059 0.0247095 0.730579
 -0.126056 0.0282952 0.725004
 -0.111481 0.0210724 0.724468
