 -0.0715343 -0.0352755 0.725551
 -0.0762839 -0.0893141 0.74684
 -0.0311981 -0.0581501 0.773414
 -0.00249861 -0.0372321 0.771656
 0.0210194 -0.0200908 0.770216
 -0.0473164 0.0127653 0.743678
 -0.036305 0.0270867 0.726505
 -0.0139953 0.0409088 0.701391
 -0.00480277 0.0458516 0.691522
 -0.0614031 0.0116813 0.718177
 -0.0630293 0.0311223 0.704338
 -0.0655854 0.0616791 0.682586
 -0.0574882 0.0766562 0.664697
 -0.0731978 0.00620982 0.699136
 -0.0701154 0.0216591 0.695633
 -0.0623075 0.0607938 0.68676
 -0.0566632 0.078516 0.681532
 -0.0885615 -0.010813 0.680376
 -0.0853379 0.00479456 0.67758
 -0.0733197 0.043039 0.668426
 -0.0683555 0.0526556 0.665039
 -0.0793288 0.0239168 0.673003
 -0.0662115 0.0412264 0.691197
 -0.0643074 0.0464007 0.693462
 -0.0251501 0.0339978 0.713948
