 -0.142478 -0.0348095 0.780039
 -0.136891 -0.0923145 0.787651
 -0.0968657 -0.0541912 0.773137
 -0.0773246 -0.0258541 0.764222
 -0.0642578 -0.00308634 0.751578
 -0.106223 0.00879909 0.777412
 -0.10293 0.0333454 0.774604
 -0.097691 0.0531519 0.744608
 -0.0956226 0.0609314 0.732711
 -0.132378 0.0132682 0.774818
 -0.129582 0.0368641 0.772073
 -0.125186 0.0739513 0.767758
 -0.122233 0.098187 0.764043
 -0.158168 0.0113934 0.772909
 -0.157416 0.0273476 0.770596
 -0.155328 0.0673223 0.762296
 -0.154143 0.0854135 0.75562
 -0.184541 -0.00157138 0.772622
 -0.187131 0.0140857 0.769467
 -0.193513 0.0534181 0.759313
 -0.193117 0.0547235 0.748056
 -0.190322 0.0337519 0.76439
 -0.156372 0.0473349 0.766446
 -0.127384 0.0554077 0.769916
 -0.10031 0.0432487 0.759606
