 -0.124452 -0.0333261 0.793576
 -0.122187 -0.0905068 0.804585
 -0.0686149 -0.0658794 0.791382
 -0.0429904 -0.0440552 0.779919
 -0.0227153 -0.0260374 0.769276
 -0.0857535 0.00681038 0.782875
 -0.0816917 0.0298266 0.774215
 -0.0758246 0.063189 0.761099
 -0.0735045 0.0763816 0.755913
 -0.111884 0.0133479 0.783519
 -0.109008 0.0366061 0.778733
 -0.104506 0.0731154 0.770974
 -0.101726 0.0965517 0.763701
 -0.138034 0.0135146 0.785169
 -0.137904 0.0292113 0.781421
 -0.137627 0.0688068 0.771255
 -0.137495 0.0875195 0.766451
 -0.164524 0.00281862 0.789467
 -0.168722 0.0176803 0.784639
 -0.179424 0.0551398 0.771481
 -0.182376 0.0654607 0.767826
 -0.174073 0.03641 0.77806
 -0.137765 0.0490091 0.776338
 -0.106757 0.0548607 0.774853
 -0.0787581 0.0465078 0.767657
