 -0.148358 -0.034185 0.786688
 -0.142241 -0.0917939 0.792995
 -0.103115 -0.0530483 0.777873
 -0.0848496 -0.0243407 0.76755
 -0.0698817 -0.000816105 0.759092
 -0.11239 0.009554 0.782657
 -0.115328 0.0247672 0.763133
 -0.119519 0.0464654 0.734304
 -0.12032 0.0505323 0.720551
 -0.140102 0.0133849 0.77981
 -0.144046 0.0342482 0.768797
 -0.149642 0.0637854 0.746222
 -0.151967 0.0759565 0.72486
 -0.16399 0.0114744 0.779382
 -0.162013 0.0258367 0.772292
 -0.157193 0.0594096 0.74947
 -0.154927 0.0751068 0.738437
 -0.190838 -0.000936276 0.782322
 -0.189161 0.0142347 0.776952
 -0.185 0.0499134 0.756937
 -0.183874 0.0593436 0.750741
 -0.187081 0.032074 0.766945
 -0.159603 0.0426231 0.760881
 -0.146844 0.0490168 0.75751
 -0.117423 0.0356163 0.748718
