 -0.116239 -0.0400231 0.816386
 -0.103894 -0.0966483 0.822483
 -0.0655619 -0.0647277 0.789311
 -0.0539964 -0.0444768 0.76247
 -0.0471387 -0.0302226 0.738
 -0.0866675 0.00810104 0.822095
 -0.0849753 0.0320579 0.815428
 -0.0811795 0.0651115 0.800849
 -0.0787529 0.0759305 0.791718
 -0.112472 0.00918551 0.81477
 -0.113161 0.0329626 0.812261
 -0.114235 0.0703317 0.808286
 -0.114701 0.094777 0.804807
 -0.13684 0.00276793 0.805275
 -0.137817 0.0154043 0.795284
 -0.13959 0.0462547 0.76852
 -0.138051 0.0560161 0.751918
 -0.160715 -0.0122644 0.802951
 -0.169286 0.00105344 0.799638
 -0.191067 0.0348985 0.791216
 -0.18831 0.034696 0.780218
 -0.180176 0.017976 0.795427
 -0.138703 0.0308295 0.781902
 -0.113698 0.0516471 0.810273
 -0.0830774 0.0485847 0.808138
