 -0.113061 -0.0270699 0.823998
 -0.107238 -0.0775056 0.852604
 -0.0577099 -0.0510173 0.832874
 -0.0340445 -0.0315087 0.814883
 -0.0158954 -0.0176534 0.796782
 -0.0808989 0.0193213 0.81796
 -0.078486 0.0301251 0.795629
 -0.0748783 0.0457103 0.763016
 -0.0733561 0.0517047 0.750052
 -0.105808 0.0177715 0.805283
 -0.109134 0.0381452 0.793201
 -0.110192 0.0654421 0.767372
 -0.108781 0.0802884 0.747687
 -0.127086 0.0109598 0.796343
 -0.124571 0.024778 0.788394
 -0.114731 0.0546086 0.76223
 -0.109221 0.0669919 0.748462
 -0.15151 -0.00572804 0.792449
 -0.148857 0.00521943 0.780833
 -0.140867 0.0307191 0.749579
 -0.138456 0.0373314 0.740688
 -0.144862 0.0179693 0.765206
 -0.119651 0.0396933 0.775312
 -0.109663 0.0517936 0.780286
 -0.0766822 0.0379177 0.779322
