 -0.132856 -0.0421914 0.729955
 -0.127167 -0.0927536 0.758364
 -0.0904286 -0.0483894 0.760008
 -0.0688158 -0.0407791 0.732818
 -0.0517131 -0.0369868 0.709535
 -0.114593 0.0108273 0.738814
 -0.102264 0.0187915 0.718668
 -0.0767944 0.021312 0.692892
 -0.0672206 0.0110496 0.69595
 -0.127526 0.00392845 0.715572
 -0.118635 0.0196905 0.699931
 -0.0891197 0.0210488 0.676684
 -0.0697316 0.0219411 0.661413
 -0.142469 -0.00577347 0.698577
 -0.139574 0.00869946 0.69205
 -0.121146 0.0378303 0.670072
 -0.10762 0.0252066 0.664508
 -0.157798 -0.027041 0.684375
 -0.156904 -0.0118018 0.679011
 -0.122815 -0.0211897 0.658019
 -0.119232 -0.0319173 0.658841
 -0.13986 -0.0164958 0.668515
 -0.13036 0.0232649 0.681061
 -0.103877 0.0203696 0.688308
 -0.0895294 0.0200518 0.70578
