 -0.130864 -0.0921342 0.674283
 -0.159319 -0.092222 0.725138
 -0.103484 -0.0906714 0.714449
 -0.0791466 -0.10769 0.694894
 -0.0592037 -0.121636 0.67887
 -0.0761585 -0.0906868 0.659174
 -0.0735868 -0.111501 0.645705
 -0.0698476 -0.141883 0.62615
 -0.0688581 -0.155695 0.622331
 -0.0955377 -0.0947186 0.641199
 -0.0821858 -0.108841 0.627257
 -0.0611995 -0.131039 0.605342
 -0.0477024 -0.146215 0.591292
 -0.116751 -0.092428 0.627255
 -0.105879 -0.0922784 0.61533
 -0.0820415 -0.114073 0.59027
 -0.070776 -0.124373 0.578426
 -0.146186 -0.0934078 0.622392
 -0.135281 -0.0934386 0.610439
 -0.107821 -0.100646 0.580692
 -0.100249 -0.102634 0.572488
 -0.121551 -0.0970423 0.595565
 -0.0939603 -0.103176 0.6028
 -0.0716926 -0.11994 0.616299
 -0.0717172 -0.126692 0.635928
