 -0.135065 -0.0497447 0.760884
 -0.126399 -0.102685 0.783647
 -0.0848592 -0.0651858 0.769202
 -0.0667641 -0.0434002 0.747702
 -0.0530237 -0.0279104 0.727201
 -0.10672 -0.000575859 0.7623
 -0.09514 0.00521897 0.741002
 -0.0767047 -0.00448119 0.711244
 -0.0697975 -0.0116074 0.70086
 -0.128778 -0.00285139 0.747438
 -0.124343 0.0170167 0.73488
 -0.112576 0.0411051 0.708523
 -0.104823 0.0568841 0.691179
 -0.151654 -0.0101215 0.736447
 -0.151985 0.00397522 0.728597
 -0.148802 0.0358744 0.703229
 -0.144127 0.0465054 0.687789
 -0.173561 -0.0277973 0.729812
 -0.180726 -0.0160019 0.721365
 -0.198933 0.0139742 0.699899
 -0.20392 0.0222227 0.693925
 -0.189829 -0.00101385 0.710632
 -0.150394 0.0199248 0.715913
 -0.118459 0.0290609 0.721701
 -0.0859223 0.000368893 0.726123
