 -0.133342 -0.0337563 0.811757
 -0.131349 -0.0904162 0.825235
 -0.0762518 -0.0689877 0.810089
 -0.0483423 -0.049327 0.800147
 -0.0254718 -0.033216 0.792
 -0.0949479 0.00475122 0.795445
 -0.0902076 0.0283048 0.788811
 -0.0832994 0.0626311 0.779143
 -0.0805677 0.0762049 0.77532
 -0.120474 0.0119926 0.798267
 -0.116381 0.0347025 0.791972
 -0.109947 0.0703973 0.782078
 -0.10572 0.0938449 0.775579
 -0.145471 0.0129216 0.80254
 -0.142398 0.0281761 0.79826
 -0.134692 0.0667134 0.787003
 -0.131154 0.0847751 0.781128
 -0.172766 0.003271 0.809808
 -0.176049 0.017899 0.80372
 -0.18439 0.0550736 0.78825
 -0.186762 0.0650961 0.783504
 -0.180219 0.0364863 0.795985
 -0.138545 0.0474448 0.792632
 -0.113164 0.0525499 0.787025
 -0.0867535 0.045468 0.783977
