 -0.0806923 -0.0428557 0.828022
 -0.0710378 -0.0997983 0.835788
 -0.0309652 -0.0697326 0.803312
 -0.0200718 -0.0518522 0.774573
 -0.0197631 -0.0452267 0.7462
 -0.048965 0.00399212 0.832678
 -0.0460227 0.0275152 0.82498
 -0.0396543 0.0577583 0.805893
 -0.0371361 0.0697174 0.798346
 -0.0742606 0.00598385 0.824741
 -0.0721397 0.0293329 0.820004
 -0.0687986 0.0660262 0.812531
 -0.0649458 0.0877554 0.801446
 -0.0997766 0.00180014 0.818409
 -0.101626 0.017592 0.815644
 -0.106312 0.0575946 0.808639
 -0.108507 0.0764897 0.805259
 -0.123724 -0.0134585 0.81342
 -0.13083 -0.000216264 0.807425
 -0.148868 0.0334219 0.792129
 -0.153843 0.0426985 0.787911
 -0.139849 0.0166028 0.799777
 -0.103969 0.0375933 0.812141
 -0.0704691 0.0476796 0.816268
 -0.0428385 0.0426368 0.815437
