 -0.127442 -0.036235 0.793604
 -0.122498 -0.0929639 0.805988
 -0.0668717 -0.0692497 0.794742
 -0.0428846 -0.0475191 0.780021
 -0.0232283 -0.0297118 0.767957
 -0.0907992 0.00505428 0.780357
 -0.0872495 0.0290272 0.774531
 -0.0820818 0.0639526 0.765987
 -0.0801246 0.077561 0.761827
 -0.116968 0.0105803 0.781853
 -0.114494 0.0337208 0.776329
 -0.110621 0.0700556 0.767487
 -0.108078 0.0939237 0.761679
 -0.142206 0.00979925 0.784686
 -0.140268 0.0253765 0.780939
 -0.135358 0.0648336 0.771438
 -0.133038 0.0834808 0.766948
 -0.16904 -0.00178555 0.790145
 -0.17308 0.0135786 0.787073
 -0.183629 0.0518446 0.776336
 -0.186657 0.0616738 0.771559
 -0.178354 0.0327116 0.781704
 -0.137813 0.0451051 0.776189
 -0.112558 0.0518882 0.771908
 -0.0846657 0.0464899 0.770259
