 -0.0959498 -0.0735644 0.736998
 -0.103875 -0.016961 0.748366
 -0.0485683 -0.0292142 0.77688
 -0.0204045 -0.0452855 0.791469
 0.00159833 -0.0592029 0.804552
 -0.050605 -0.107486 0.732977
 -0.0479915 -0.131307 0.739834
 -0.0441828 -0.166021 0.749829
 -0.0426767 -0.179748 0.753781
 -0.0765016 -0.117996 0.729889
 -0.0752257 -0.141866 0.729052
 -0.0737772 -0.179033 0.734522
 -0.0732679 -0.202252 0.74292
 -0.100037 -0.12148 0.727031
 -0.094473 -0.136529 0.725298
 -0.0804697 -0.174784 0.721882
 -0.0738518 -0.192864 0.720268
 -0.129094 -0.114916 0.726017
 -0.125987 -0.130711 0.724384
 -0.11871 -0.171129 0.726452
 -0.116704 -0.182276 0.727023
 -0.122349 -0.15092 0.725418
 -0.0874714 -0.155657 0.72359
 -0.0745014 -0.16045 0.731787
 -0.0460871 -0.148664 0.744832
