 -0.0885438 0.00627591 0.717179
 -0.0850374 -0.0458781 0.742941
 -0.0479547 -0.00219243 0.750732
 -0.0233001 0.0189509 0.736261
 -0.00309681 0.0362768 0.724402
 -0.0730673 0.0589817 0.731518
 -0.0516321 0.0633028 0.719555
 -0.0201901 0.0506206 0.706515
 -0.0077577 0.0456027 0.701359
 -0.0844256 0.0546121 0.707886
 -0.0816168 0.0773641 0.701061
 -0.0581191 0.100876 0.683498
 -0.0368038 0.104854 0.671678
 -0.0966937 0.0440241 0.685968
 -0.0974721 0.0578737 0.67772
 -0.0994439 0.0929562 0.656826
 -0.0980183 0.108894 0.645999
 -0.107964 0.0238043 0.669801
 -0.107442 0.0393773 0.66544
 -0.0861994 0.0691716 0.64668
 -0.0788293 0.0757822 0.641151
 -0.0968205 0.0542744 0.65606
 -0.098458 0.0754149 0.667273
 -0.0698679 0.08912 0.692279
 -0.0359111 0.0569617 0.713035
