 -0.0919869 -0.0427233 0.808911
 -0.0868508 -0.0991197 0.822661
 -0.0322069 -0.0751207 0.808881
 -0.0061138 -0.0540184 0.797127
 0.0128844 -0.0367605 0.783334
 -0.055276 -0.00058263 0.798937
 -0.0517861 0.0222811 0.789646
 -0.0471429 0.0492821 0.765795
 -0.0453461 0.0595318 0.755894
 -0.0814316 0.00419387 0.797579
 -0.0782679 0.027234 0.791988
 -0.0732919 0.0633096 0.78265
 -0.0700335 0.0860277 0.773531
 -0.10846 0.00262823 0.797342
 -0.110526 0.0178841 0.7925
 -0.115761 0.056529 0.780236
 -0.118232 0.0747447 0.774291
 -0.1339 -0.00952463 0.80053
 -0.140639 0.00257529 0.792164
 -0.155846 0.0275996 0.763295
 -0.160021 0.0344509 0.755281
 -0.148242 0.0150875 0.77773
 -0.113144 0.0372065 0.786368
 -0.0757799 0.0452718 0.787319
 -0.0494645 0.0357816 0.777721
