 -0.0753108 0.0048795 0.739727
 -0.100888 -0.037502 0.770478
 -0.0402656 -0.0520894 0.767633
 -0.00525983 -0.0531097 0.761479
 0.0228433 -0.0543328 0.753882
 -0.0215298 0.0203284 0.730139
 -0.00648003 0.0301093 0.712844
 0.0149108 0.0422988 0.686136
 0.0233216 0.0469539 0.675463
 -0.0426975 0.0347921 0.718516
 -0.0338367 0.0526577 0.705309
 -0.0198727 0.0790472 0.682462
 -0.0107013 0.0960662 0.667095
 -0.0639038 0.0433563 0.711379
 -0.0538753 0.0536562 0.704045
 -0.0284718 0.0797468 0.685466
 -0.0164627 0.091998 0.676581
 -0.093505 0.0453841 0.708785
 -0.0921514 0.0583218 0.699162
 -0.0887114 0.091201 0.674708
 -0.0877627 0.100268 0.667965
 -0.0904314 0.0747614 0.686935
 -0.0411735 0.0667015 0.694756
 -0.0268547 0.0658525 0.693886
 0.00421536 0.0362041 0.69949
