 -0.126377 -0.0482616 0.737216
 -0.120702 -0.0944649 0.772273
 -0.0669854 -0.0798543 0.746754
 -0.0403179 -0.0653396 0.728247
 -0.0190994 -0.0540887 0.711749
 -0.0905758 -0.00966942 0.715958
 -0.0883936 -0.00507895 0.691556
 -0.0836145 -0.0122419 0.656267
 -0.0813226 -0.0217608 0.645757
 -0.116036 -0.0113359 0.707866
 -0.111258 -0.00552887 0.68516
 -0.103643 -0.00639783 0.648354
 -0.101494 -0.0280468 0.636666
 -0.141123 -0.015278 0.705419
 -0.138011 -0.0106195 0.690284
 -0.129865 -0.0107067 0.650224
 -0.126946 -0.0227866 0.635431
 -0.168121 -0.0249648 0.711843
 -0.165257 -0.0162067 0.698542
 -0.157197 -0.0246592 0.659116
 -0.154976 -0.027016 0.648248
 -0.161227 -0.020433 0.678829
 -0.133938 -0.0106631 0.670254
 -0.10745 -0.00596335 0.666757
 -0.0860041 -0.00866041 0.673912
