 -0.0968097 -0.0717734 0.739757
 -0.111333 -0.0164832 0.751072
 -0.0550775 -0.0206967 0.781022
 -0.0257251 -0.0333584 0.796593
 -0.00167223 -0.0437341 0.809352
 -0.0496948 -0.102777 0.746237
 -0.0438282 -0.126486 0.741266
 -0.0353736 -0.161122 0.73431
 -0.0320304 -0.174818 0.73156
 -0.0714297 -0.113984 0.735824
 -0.060624 -0.135164 0.73322
 -0.0436471 -0.16846 0.729149
 -0.0334303 -0.190943 0.729105
 -0.096032 -0.119465 0.726131
 -0.0923479 -0.134835 0.722869
 -0.084019 -0.174509 0.717593
 -0.0835292 -0.192714 0.724043
 -0.123038 -0.11421 0.718774
 -0.125933 -0.130109 0.717971
 -0.133318 -0.170514 0.716037
 -0.13536 -0.181657 0.715524
 -0.129626 -0.150312 0.717004
 -0.0881835 -0.154672 0.720231
 -0.0521355 -0.151812 0.731184
 -0.0396009 -0.143804 0.737788
