 -0.079295 0.0192111 0.714585
 -0.126314 0.0130811 0.748461
 -0.107939 -0.0351925 0.718557
 -0.0941174 -0.0581634 0.695199
 -0.0827912 -0.0769871 0.676058
 -0.0314161 -0.0103506 0.707052
 -0.0242539 -0.0215025 0.685943
 -0.0583112 -0.0328444 0.68038
 -0.0719405 -0.0370546 0.678695
 -0.0392628 0.0102338 0.690649
 -0.0353752 0.00109225 0.66889
 -0.0700701 -0.0133871 0.668775
 -0.0929478 -0.0226772 0.669219
 -0.0464539 0.0317946 0.680993
 -0.0368363 0.0267659 0.669049
 -0.0686829 0.00844941 0.651118
 -0.0837335 -0.000206874 0.642644
 -0.06384 0.0555648 0.677589
 -0.0710426 0.0468484 0.666015
 -0.0972034 0.0315391 0.693802
 -0.0921583 0.0376462 0.701917
 -0.084123 0.0391938 0.679909
 -0.0527596 0.0176077 0.660083
 -0.0527226 -0.00614744 0.668832
 -0.0412825 -0.0271734 0.683162
