 -0.0884985 0.00351444 0.729583
 -0.0754187 -0.0519483 0.74178
 -0.0348178 -0.0156919 0.719471
 -0.0194033 0.00710694 0.696957
 -0.00840303 0.0236704 0.675658
 -0.0617163 0.053161 0.735982
 -0.0599329 0.0712054 0.718881
 -0.0516507 0.0874346 0.687456
 -0.0474571 0.0916567 0.674383
 -0.0871447 0.0521415 0.723773
 -0.0928795 0.0735375 0.714749
 -0.101893 0.107167 0.700564
 -0.107432 0.129042 0.690528
 -0.108569 0.0460159 0.715397
 -0.108544 0.0619359 0.71275
 -0.105718 0.100691 0.70005
 -0.103547 0.118245 0.692278
 -0.131258 0.0282959 0.707524
 -0.135974 0.0432358 0.703478
 -0.147958 0.0812031 0.693196
 -0.151123 0.0916305 0.690058
 -0.141966 0.0622194 0.698337
 -0.107131 0.0813134 0.7064
 -0.0973863 0.0903524 0.707657
 -0.0557918 0.07932 0.703168
