 -0.100966 -0.0782375 0.746851
 -0.114251 -0.0251543 0.766893
 -0.0556063 -0.0340587 0.789434
 -0.0244346 -0.0478247 0.799589
 0.000148342 -0.0600441 0.809354
 -0.0544757 -0.10198 0.724536
 -0.0564067 -0.12661 0.721237
 -0.059221 -0.162505 0.716429
 -0.0595919 -0.176861 0.716732
 -0.076361 -0.116888 0.72886
 -0.0653634 -0.137923 0.725911
 -0.0470859 -0.170704 0.728092
 -0.0350218 -0.192155 0.730136
 -0.10025 -0.125719 0.733567
 -0.0941867 -0.140207 0.729851
 -0.0787467 -0.17695 0.720753
 -0.0712069 -0.194428 0.717447
 -0.128213 -0.124757 0.742093
 -0.123259 -0.140115 0.740906
 -0.110642 -0.179144 0.738008
 -0.106778 -0.189747 0.739129
 -0.116951 -0.15963 0.739457
 -0.0864667 -0.158578 0.725302
 -0.0562246 -0.154313 0.727002
 -0.0578139 -0.144557 0.718833
