 -0.111065 -0.0296483 0.816494
 -0.105575 -0.0845801 0.835158
 -0.0522345 -0.0593907 0.820589
 -0.028597 -0.0381039 0.8047
 -0.00924218 -0.020662 0.791655
 -0.0747411 0.0105321 0.799489
 -0.0714118 0.0337736 0.791123
 -0.0674262 0.0635853 0.770754
 -0.0658501 0.0753738 0.7627
 -0.10268 0.0147334 0.798292
 -0.107983 0.0325277 0.783213
 -0.116162 0.0557439 0.754797
 -0.121536 0.0709945 0.73613
 -0.126875 0.0142269 0.800901
 -0.126628 0.0276113 0.791887
 -0.127017 0.0536437 0.760369
 -0.127201 0.0659465 0.745473
 -0.153067 0.00351883 0.80844
 -0.160308 0.0173528 0.804199
 -0.178961 0.0506406 0.788873
 -0.184108 0.0597307 0.784461
 -0.169634 0.0339967 0.796536
 -0.126823 0.0406275 0.776128
 -0.112073 0.0441358 0.769005
 -0.069419 0.0486794 0.780939
