 -0.101477 -0.0310812 0.808764
 -0.0998714 -0.0879935 0.821189
 -0.0418973 -0.0673114 0.815788
 -0.017468 -0.046727 0.800174
 0.00032456 -0.0299727 0.784308
 -0.0622111 0.00884576 0.799436
 -0.0578318 0.0282699 0.784443
 -0.051511 0.0562048 0.762101
 -0.0490524 0.067005 0.752956
 -0.0884851 0.0153854 0.798403
 -0.0860188 0.0386196 0.793283
 -0.0821454 0.0750939 0.785036
 -0.079601 0.0990536 0.779618
 -0.115145 0.0155786 0.798742
 -0.116409 0.0312881 0.795269
 -0.119653 0.0700314 0.782633
 -0.121189 0.0881944 0.776229
 -0.141233 0.00491421 0.801491
 -0.147303 0.0179936 0.79415
 -0.162116 0.0485686 0.770985
 -0.166201 0.0570005 0.764596
 -0.154709 0.0332811 0.782567
 -0.118031 0.0506597 0.788951
 -0.0840821 0.0568567 0.789159
 -0.0546714 0.0422374 0.773272
