 -0.10935 -0.0511508 0.717819
 -0.10649 -0.105633 0.7383
 -0.0472866 -0.094622 0.718756
 -0.0202248 -0.081808 0.699579
 -0.00134655 -0.0726847 0.679346
 -0.0724974 -0.00819093 0.713423
 -0.0667906 0.0120571 0.700055
 -0.0581948 0.0407841 0.679552
 -0.0545909 0.0514887 0.670678
 -0.0978188 -0.00506328 0.704451
 -0.0955015 0.0172158 0.696061
 -0.0918562 0.0522292 0.682864
 -0.0894616 0.0752293 0.674195
 -0.122948 -0.007838 0.698132
 -0.122862 0.00735378 0.692687
 -0.122644 0.0458363 0.678892
 -0.122498 0.063972 0.672234
 -0.148429 -0.0212365 0.695299
 -0.154799 -0.00796379 0.688586
 -0.170843 0.0255921 0.671052
 -0.175265 0.0348429 0.666208
 -0.162821 0.00881416 0.679819
 -0.122753 0.0265951 0.68579
 -0.0936788 0.0347225 0.689463
 -0.0624927 0.0264206 0.689804
