 -0.0934521 -0.0421728 0.807381
 -0.0900164 -0.0991241 0.819244
 -0.0350229 -0.0747316 0.809286
 -0.00733079 -0.0535284 0.802366
 0.00534602 -0.036822 0.782138
 -0.0554892 -0.00083638 0.79883
 -0.0513563 0.0215818 0.78875
 -0.0458216 0.0496885 0.766415
 -0.0436424 0.0607251 0.757484
 -0.0815076 0.00476325 0.797623
 -0.0777354 0.0278851 0.792799
 -0.0718065 0.0642274 0.785217
 -0.068021 0.0861532 0.774502
 -0.109156 0.00399813 0.79765
 -0.112361 0.0194297 0.794181
 -0.120264 0.0557844 0.777236
 -0.12398 0.072804 0.768882
 -0.134347 -0.00747823 0.800099
 -0.140609 0.00470841 0.791492
 -0.154705 0.030152 0.762427
 -0.158592 0.0371688 0.754411
 -0.147657 0.0174302 0.776959
 -0.116313 0.0376071 0.785708
 -0.0747709 0.0460563 0.789008
 -0.0485889 0.0356352 0.777583
