 -0.0733573 -0.0413587 0.72804
 -0.0658186 -0.0956843 0.747735
 -0.0284465 -0.0569594 0.77719
 -0.00165477 -0.0337588 0.774318
 0.021934 -0.0194609 0.76493
 -0.0717075 0.0102364 0.751667
 -0.0738924 0.0348835 0.748668
 -0.0592281 0.0672741 0.741232
 -0.0499688 0.0777463 0.737927
 -0.0756795 0.00778663 0.725476
 -0.0719839 0.0310804 0.721494
 -0.0661571 0.0676895 0.715231
 -0.0623296 0.0917377 0.711116
 -0.0797626 -0.000589843 0.701749
 -0.0769578 0.015065 0.699009
 -0.0698527 0.0547204 0.692066
 -0.0664677 0.0734557 0.688781
 -0.0847801 -0.0199304 0.679672
 -0.0876193 -0.00739451 0.669844
 -0.0717176 0.0206815 0.644354
 -0.0673322 0.0284242 0.637324
 -0.0796684 0.0066435 0.657099
 -0.0734052 0.0348927 0.695537
 -0.0690705 0.049385 0.718362
 -0.0665603 0.0510788 0.74495
