 -0.155659 -0.0484632 0.76988
 -0.148294 -0.10379 0.786634
 -0.0971689 -0.0754904 0.771478
 -0.0720607 -0.0525307 0.761146
 -0.0544789 -0.0336846 0.747556
 -0.120903 -0.007069 0.752514
 -0.123425 0.00300996 0.729857
 -0.127617 0.00355494 0.693779
 -0.129275 0.00369353 0.679512
 -0.148194 -0.00892101 0.750805
 -0.151099 -0.0157976 0.728081
 -0.143957 -0.0439497 0.70421
 -0.135944 -0.0654977 0.69519
 -0.172832 -0.00656182 0.754305
 -0.172835 0.00158307 0.740372
 -0.172901 0.0218944 0.704894
 -0.173259 0.0295852 0.687175
 -0.198606 -0.0159449 0.764666
 -0.201376 -0.00066326 0.760127
 -0.208483 0.0379921 0.748038
 -0.210464 0.0485901 0.744524
 -0.20493 0.0186644 0.754083
 -0.172868 0.0117387 0.722633
 -0.147528 -0.0298736 0.716145
 -0.125521 0.00328245 0.711818
