 -0.0638763 0.0152728 0.735257
 -0.117831 0.0071705 0.755731
 -0.0930369 -0.0473041 0.741224
 -0.0753575 -0.070451 0.720828
 -0.0625431 -0.0874959 0.700972
 -0.0162191 -0.015578 0.735072
 0.00301399 -0.0212865 0.720282
 0.0192713 -0.0340152 0.690396
 0.0252907 -0.0391481 0.678407
 -0.016975 0.00819302 0.722331
 0.00298651 0.00524273 0.709487
 0.0343614 0.000605546 0.6893
 0.0512189 -0.00465212 0.672035
 -0.0223257 0.0315399 0.714768
 -0.00680157 0.0304209 0.710502
 0.0259207 0.0217333 0.687589
 0.0411485 0.0174887 0.676482
 -0.0391551 0.0554372 0.70871
 -0.0270573 0.0623706 0.700501
 0.00368738 0.0799908 0.679641
 0.0116034 0.0841361 0.672659
 -0.011685 0.0711807 0.690071
 0.00955956 0.0260771 0.699045
 0.018674 0.00292414 0.699394
 0.0111426 -0.0276508 0.705339
