 -0.142427 -0.0344001 0.778708
 -0.136188 -0.0923048 0.780733
 -0.0931966 -0.0537657 0.780006
 -0.0753926 -0.0251195 0.768748
 -0.0666157 -0.0051692 0.749411
 -0.108467 0.00979203 0.789515
 -0.102409 0.0315002 0.778871
 -0.0934657 0.0628761 0.7629
 -0.0899263 0.0752765 0.756574
 -0.133269 0.0139053 0.780001
 -0.129782 0.0367543 0.773846
 -0.124303 0.0726676 0.76417
 -0.119263 0.094022 0.752835
 -0.157738 0.0118373 0.77206
 -0.156196 0.0273645 0.76794
 -0.152289 0.0666969 0.757502
 -0.14977 0.0844962 0.750424
 -0.183142 -0.0012001 0.765701
 -0.186491 0.0145932 0.764623
 -0.194149 0.0546377 0.759269
 -0.19222 0.0598617 0.74939
 -0.19032 0.0346154 0.761946
 -0.154243 0.0470307 0.762721
 -0.127042 0.0547109 0.769008
 -0.0979374 0.0471882 0.770886
