 -0.133998 -0.0487233 0.736105
 -0.122957 -0.101376 0.758505
 -0.0840127 -0.0579238 0.759063
 -0.062213 -0.0384083 0.738859
 -0.0487241 -0.0397366 0.713066
 -0.120045 0.00442813 0.750361
 -0.111519 0.0150818 0.729503
 -0.0851166 0.0180868 0.704737
 -0.0746764 0.0192751 0.694943
 -0.133321 -0.000403033 0.72777
 -0.127053 0.0204879 0.717952
 -0.0959901 0.0170375 0.697056
 -0.0756146 0.0117995 0.684122
 -0.148749 -0.0120742 0.706394
 -0.149761 -0.00200764 0.693821
 -0.121691 0.00336953 0.664591
 -0.108425 0.00591074 0.650777
 -0.161792 -0.0309713 0.693193
 -0.162819 -0.0151775 0.68983
 -0.128935 -0.0174035 0.666639
 -0.119591 -0.0180174 0.660243
 -0.145877 -0.0162905 0.678234
 -0.135726 0.000680941 0.679206
 -0.111521 0.0187627 0.707504
 -0.0983176 0.0165843 0.71712
