 -0.0837701 -0.0356902 0.733686
 -0.0783647 -0.090907 0.751515
 -0.0373797 -0.0585961 0.78644
 -0.0126724 -0.0364066 0.773732
 0.00757348 -0.0182249 0.763314
 -0.0592027 0.0134473 0.748003
 -0.0573425 0.0380026 0.744152
 -0.0546316 0.0737887 0.73854
 -0.0535596 0.0879397 0.736321
 -0.0777738 0.0131297 0.728991
 -0.0761238 0.036724 0.725427
 -0.0735303 0.0738091 0.719825
 -0.0718231 0.0981691 0.716142
 -0.0952145 0.00660102 0.71158
 -0.0928878 0.0221649 0.708002
 -0.0869939 0.06159 0.698938
 -0.0842085 0.0802222 0.694655
 -0.114388 -0.0107417 0.696684
 -0.103745 -0.0054524 0.685704
 -0.076612 0.00768781 0.65774
 -0.0691293 0.0113116 0.650028
 -0.0901786 0.0011177 0.671722
 -0.0899409 0.0418775 0.70347
 -0.0748271 0.0552665 0.722626
 -0.0559871 0.0558957 0.741346
