 -0.0961358 -0.0367448 0.773534
 -0.100595 -0.0933591 0.786607
 -0.0574688 -0.0663614 0.760402
 -0.0509656 -0.0477493 0.730811
 -0.0502972 -0.034696 0.70477
 -0.0531047 -0.00205875 0.760564
 -0.0465749 0.0212341 0.754559
 -0.048024 0.0234153 0.718329
 -0.0517307 0.0125492 0.709697
 -0.0784118 0.00628993 0.759047
 -0.0737188 0.0226361 0.742227
 -0.0714204 0.0345779 0.706653
 -0.0729072 0.0337132 0.682017
 -0.103224 0.0105897 0.762816
 -0.0989453 0.0246775 0.756207
 -0.101894 0.0219653 0.715523
 -0.105578 0.0133256 0.69864
 -0.131585 0.00388809 0.768908
 -0.133297 0.0178134 0.760848
 -0.137112 -0.0024151 0.725251
 -0.138145 -0.00815281 0.715525
 -0.135205 0.00769913 0.74305
 -0.100419 0.0233214 0.735865
 -0.0725696 0.028607 0.72444
 -0.0472995 0.0223247 0.736444
