 -0.117693 -0.0232596 0.816583
 -0.109986 -0.0778139 0.835567
 -0.0558248 -0.0552959 0.816482
 -0.0313296 -0.0360541 0.799334
 -0.0119335 -0.0205321 0.784107
 -0.0833059 0.0208834 0.806994
 -0.0797329 0.0388113 0.790051
 -0.0745257 0.064939 0.765359
 -0.072176 0.0685912 0.751667
 -0.109387 0.0233597 0.802476
 -0.107157 0.046081 0.795342
 -0.103652 0.0817937 0.78413
 -0.101095 0.104576 0.774948
 -0.135275 0.0198096 0.799961
 -0.135816 0.0351132 0.794866
 -0.136307 0.0714149 0.776073
 -0.136418 0.0881532 0.766425
 -0.160734 0.00561439 0.800998
 -0.160141 0.0137863 0.787045
 -0.156807 0.0223114 0.746957
 -0.155888 0.0246624 0.735902
 -0.158474 0.0180488 0.767001
 -0.136061 0.0532641 0.78547
 -0.105404 0.0639373 0.789736
 -0.0771293 0.0518752 0.777705
