 -0.149112 -0.0351752 0.79146
 -0.139094 -0.0922987 0.797163
 -0.0997392 -0.0533455 0.780139
 -0.0811224 -0.0246542 0.770416
 -0.0658667 -0.00114293 0.762449
 -0.11709 0.0115377 0.795397
 -0.114685 0.0145076 0.770767
 -0.0957214 -0.0102126 0.752091
 -0.0883532 -0.0223707 0.754144
 -0.143702 0.0124625 0.786477
 -0.145858 0.0301673 0.770539
 -0.149247 0.0579952 0.745489
 -0.151294 0.0759342 0.72864
 -0.167294 0.00949492 0.783155
 -0.165632 0.0247744 0.778233
 -0.158417 0.0535224 0.750077
 -0.154663 0.0646478 0.734735
 -0.1929 -0.00541231 0.78024
 -0.191969 0.0103576 0.77674
 -0.188117 0.0480643 0.760795
 -0.186949 0.0582204 0.755888
 -0.190043 0.0292109 0.768767
 -0.162025 0.0391484 0.764155
 -0.147552 0.0440812 0.758014
 -0.105203 0.00214752 0.761429
