 -0.105376 -0.0373149 0.819573
 -0.0927927 -0.0942141 0.819932
 -0.0538085 -0.0528546 0.807219
 -0.0502854 -0.035278 0.776512
 -0.0530229 -0.0281753 0.748386
 -0.0769653 0.00991836 0.83317
 -0.0736202 0.03334 0.825329
 -0.0657627 0.0625335 0.805192
 -0.0614366 0.0696884 0.793513
 -0.102482 0.0116824 0.823249
 -0.104827 0.0352539 0.819932
 -0.106516 0.0713839 0.809676
 -0.101369 0.0853587 0.789976
 -0.123905 0.00441717 0.810245
 -0.11973 0.0128718 0.797148
 -0.105635 0.00927074 0.758944
 -0.102592 -0.00915426 0.753992
 -0.149048 -0.00834401 0.806063
 -0.156089 0.00582856 0.80269
 -0.167405 0.0392394 0.78156
 -0.170526 0.0484534 0.775732
 -0.161747 0.022534 0.792125
 -0.112682 0.0110713 0.778046
 -0.105672 0.0533189 0.814804
 -0.0696915 0.0479368 0.815261
