 -0.135022 -0.0453236 0.768394
 -0.122579 -0.0994022 0.786189
 -0.0844994 -0.057587 0.775081
 -0.0726745 -0.040348 0.746318
 -0.0642738 -0.0286677 0.720981
 -0.109346 0.00509895 0.773009
 -0.0972542 0.0015601 0.751503
 -0.0793907 -0.0080145 0.721358
 -0.0732811 -0.0185753 0.713777
 -0.131789 0.0023361 0.758068
 -0.128733 0.0212354 0.74373
 -0.116874 0.0392506 0.712937
 -0.107239 0.0463124 0.691322
 -0.154431 -0.00535609 0.747072
 -0.15509 0.00785444 0.737825
 -0.153612 0.0382127 0.710486
 -0.151522 0.0508969 0.696064
 -0.175889 -0.0230933 0.74074
 -0.183155 -0.0114045 0.732231
 -0.199304 0.0171213 0.707405
 -0.203335 0.0247437 0.70004
 -0.19123 0.00285839 0.719818
 -0.154351 0.0230336 0.724156
 -0.122803 0.030243 0.728333
 -0.0883225 -0.0032272 0.73643
