 -0.110026 -0.0247068 0.820632
 -0.103859 -0.080101 0.837644
 -0.0523919 -0.0511675 0.826038
 -0.0269255 -0.0278721 0.817489
 -0.00742756 -0.00867028 0.807483
 -0.0741349 0.0167363 0.805889
 -0.0735181 0.0382939 0.793394
 -0.0726191 0.0697112 0.775183
 -0.0725248 0.079266 0.764458
 -0.101909 0.0194975 0.803164
 -0.106256 0.0335307 0.784288
 -0.112675 0.0515437 0.75192
 -0.116861 0.0631019 0.730501
 -0.125923 0.0182674 0.804817
 -0.124584 0.0291282 0.792955
 -0.12155 0.0540901 0.760722
 -0.120116 0.0658871 0.74549
 -0.152498 0.00785293 0.812564
 -0.158572 0.0222499 0.808365
 -0.17401 0.0588376 0.797693
 -0.178295 0.0686618 0.793989
 -0.166291 0.0405438 0.803029
 -0.123067 0.0416091 0.776839
 -0.109465 0.0425372 0.768104
 -0.0730686 0.0540025 0.784288
