 -0.0888203 -0.0428147 0.733601
 -0.092928 -0.0900615 0.767466
 -0.0483873 -0.0558402 0.796991
 -0.0189357 -0.0363274 0.801012
 0.0071128 -0.0232792 0.801471
 -0.0887249 0.0131646 0.743052
 -0.0737775 0.0293102 0.731341
 -0.0519936 0.0528404 0.714274
 -0.040242 0.0597295 0.709717
 -0.084468 0.00364675 0.718534
 -0.0740069 0.0237971 0.711008
 -0.050624 0.0516261 0.701406
 -0.0308314 0.06579 0.697219
 -0.0804756 -0.0122304 0.697628
 -0.0683539 -0.00275263 0.692761
 -0.037625 0.0212338 0.680448
 -0.0219604 0.0313845 0.675463
 -0.08355 -0.0348314 0.680332
 -0.0749373 -0.0223645 0.674657
 -0.0450717 0.00373456 0.663805
 -0.0365637 0.0106746 0.660969
 -0.0600045 -0.00931496 0.669231
 -0.0529895 0.00924059 0.686604
 -0.0623154 0.0377116 0.706207
 -0.0628855 0.0410753 0.722808
