 -0.0976486 -0.0471878 0.825426
 -0.0865491 -0.104394 0.825925
 -0.0493607 -0.0616728 0.816767
 -0.048358 -0.0407713 0.788019
 -0.0475965 -0.0237064 0.764414
 -0.0663002 -0.000397503 0.832565
 -0.0637303 0.0227338 0.823644
 -0.0588212 0.052595 0.803552
 -0.0564404 0.061639 0.792649
 -0.0919307 0.00139391 0.82544
 -0.0892576 0.0230768 0.815702
 -0.0835645 0.0508401 0.791
 -0.0792646 0.0642585 0.770718
 -0.116574 -0.00271901 0.820337
 -0.114762 0.0118859 0.813715
 -0.10899 0.0443951 0.789609
 -0.105527 0.0534502 0.772898
 -0.142203 -0.0173915 0.817928
 -0.15006 -0.00341451 0.815756
 -0.164921 0.0287518 0.794892
 -0.16902 0.0376225 0.789138
 -0.15749 0.0126686 0.805324
 -0.111876 0.0281405 0.801662
 -0.0864111 0.0369585 0.803351
 -0.0612758 0.0376644 0.813598
