 -0.145079 -0.0290888 0.78408
 -0.138518 -0.0862893 0.793082
 -0.0987761 -0.04752 0.779528
 -0.0835663 -0.0195184 0.763752
 -0.0711026 0.0034277 0.750824
 -0.109487 0.0148606 0.779109
 -0.113687 0.0391196 0.775222
 -0.119807 0.074474 0.769556
 -0.122226 0.0884494 0.767284
 -0.135745 0.0189382 0.777211
 -0.133246 0.0424595 0.773659
 -0.129181 0.0787994 0.764924
 -0.126439 0.10207 0.757123
 -0.161433 0.0166118 0.775768
 -0.160578 0.0322505 0.771875
 -0.158413 0.0718651 0.762015
 -0.157274 0.0896129 0.754466
 -0.187778 0.003425 0.777097
 -0.189501 0.0190754 0.773368
 -0.192985 0.0541954 0.752266
 -0.19394 0.0638472 0.74639
 -0.191243 0.0366354 0.762817
 -0.159496 0.0520578 0.766945
 -0.131213 0.0606294 0.769292
 -0.116747 0.0567968 0.772389
