 -0.0974275 -0.0720699 0.741625
 -0.106784 -0.0162231 0.755393
 -0.0521108 -0.0294042 0.784273
 -0.0227078 -0.0447441 0.797097
 0.00138667 -0.0573145 0.807606
 -0.0516019 -0.102645 0.727907
 -0.0507091 -0.126938 0.7224
 -0.049408 -0.162341 0.714374
 -0.0487259 -0.176542 0.712326
 -0.0753791 -0.114467 0.729073
 -0.0662297 -0.135908 0.723717
 -0.0513414 -0.170205 0.719788
 -0.0415366 -0.192755 0.717496
 -0.102244 -0.120688 0.732808
 -0.101738 -0.136812 0.732351
 -0.100456 -0.177657 0.731193
 -0.0993369 -0.196696 0.734278
 -0.129165 -0.115643 0.736809
 -0.126942 -0.131218 0.733028
 -0.120215 -0.171753 0.731442
 -0.11836 -0.182932 0.731004
 -0.123578 -0.151486 0.732235
 -0.101097 -0.157235 0.731772
 -0.0587855 -0.153056 0.721752
 -0.0500586 -0.144639 0.718387
