 -0.0926747 -0.129245 0.681644
 -0.0623517 -0.17899 0.680248
 -0.0371352 -0.138935 0.640691
 -0.0288224 -0.110795 0.620608
 -0.0220103 -0.0877356 0.60415
 -0.0800549 -0.0751381 0.693313
 -0.0747072 -0.0712044 0.669288
 -0.0508329 -0.0806842 0.643605
 -0.0397478 -0.0867853 0.636806
 -0.102146 -0.0858032 0.681175
 -0.0970139 -0.0820281 0.65812
 -0.0718003 -0.0924578 0.632257
 -0.0519152 -0.107056 0.631082
 -0.123173 -0.0984082 0.673587
 -0.119711 -0.0958612 0.658031
 -0.11094 -0.0894093 0.618627
 -0.105385 -0.0910206 0.600193
 -0.144359 -0.116206 0.672275
 -0.153089 -0.104126 0.665977
 -0.174624 -0.0736344 0.648732
 -0.178708 -0.0661448 0.641261
 -0.163857 -0.0888803 0.657354
 -0.115325 -0.0926352 0.638329
 -0.0844071 -0.0872429 0.645189
 -0.0627701 -0.0759443 0.656446
