 -0.0794475 -0.0414585 0.724829
 -0.0742325 -0.0939726 0.749549
 -0.0244797 -0.0631029 0.774742
 0.00411544 -0.0421562 0.771938
 0.0276332 -0.0251889 0.769106
 -0.0646261 0.0112889 0.739697
 -0.0625134 0.0336868 0.728967
 -0.0574276 0.0656547 0.712485
 -0.0551132 0.0781801 0.705845
 -0.0768319 0.00716492 0.716449
 -0.0760391 0.0303553 0.710644
 -0.0699641 0.0656453 0.699194
 -0.0659735 0.088827 0.691672
 -0.088589 -0.00269616 0.69611
 -0.0883256 0.0129912 0.69233
 -0.082608 0.0516389 0.680293
 -0.0764942 0.0684945 0.673097
 -0.10047 -0.0235 0.678303
 -0.0932674 -0.0121463 0.669302
 -0.0749644 0.0167072 0.646425
 -0.0648981 0.0146754 0.641615
 -0.0841159 0.00228047 0.657863
 -0.0854668 0.032315 0.686311
 -0.0730016 0.0480003 0.704919
 -0.0599705 0.0496708 0.720726
