 -0.098138 -0.0364462 0.825344
 -0.0941174 -0.0944023 0.829917
 -0.0526704 -0.0624978 0.803562
 -0.0493264 -0.0468183 0.771824
 -0.0561404 -0.0422704 0.743862
 -0.0611978 0.0065165 0.828899
 -0.0560957 0.02648 0.814875
 -0.0486601 0.0555742 0.794436
 -0.0456067 0.0658523 0.784878
 -0.0871033 0.0116451 0.823724
 -0.0845945 0.0352877 0.821106
 -0.0806511 0.0724485 0.816992
 -0.0772193 0.0955558 0.808982
 -0.112668 0.0102423 0.818546
 -0.112137 0.0258681 0.814545
 -0.109029 0.0613452 0.794472
 -0.107559 0.0781115 0.784985
 -0.138815 -0.00200004 0.815965
 -0.136827 0.0140415 0.815239
 -0.128564 0.0242796 0.776281
 -0.127008 0.0209062 0.765566
 -0.132696 0.0191606 0.79576
 -0.110583 0.0436067 0.804508
 -0.0826228 0.0538681 0.819049
 -0.0523779 0.0410271 0.804655
