 -0.0785934 -0.0738914 0.720448
 -0.0816381 -0.127147 0.696985
 -0.0523211 -0.107322 0.638846
 -0.0368223 -0.0890201 0.612595
 -0.0243196 -0.0738789 0.591068
 -0.05897 -0.0236051 0.702864
 -0.0552425 0.00051552 0.707919
 -0.0498101 0.0356682 0.715285
 -0.0476619 0.0495687 0.718198
 -0.0698996 -0.0258257 0.727518
 -0.0672351 -0.00304962 0.73432
 -0.063047 0.0327492 0.745011
 -0.0609195 0.0564071 0.751769
 -0.0871036 -0.0382995 0.745082
 -0.101616 -0.0347751 0.738966
 -0.110869 -0.066428 0.714805
 -0.101514 -0.0827368 0.710359
 -0.0934396 -0.0526047 0.767941
 -0.10792 -0.0483451 0.762113
 -0.112451 -0.0858789 0.74594
 -0.105045 -0.0944437 0.746563
 -0.110186 -0.067112 0.754026
 -0.106243 -0.0506015 0.726885
 -0.065141 0.0148498 0.739666
 -0.0525263 0.0180918 0.711602
