 -0.0800391 -0.0342438 0.839025
 -0.0695752 -0.0910276 0.846905
 -0.0280495 -0.0607911 0.815981
 -0.0139818 -0.0413728 0.789725
 -0.00569828 -0.0285039 0.764931
 -0.0498112 0.0132712 0.84621
 -0.0434489 0.0300593 0.82892
 -0.0341243 0.0543451 0.803568
 -0.0304274 0.063915 0.793514
 -0.0744474 0.0145529 0.835869
 -0.0720459 0.0370408 0.828081
 -0.0671626 0.0710205 0.812754
 -0.0637916 0.0931072 0.802232
 -0.0996212 0.0100718 0.828754
 -0.101991 0.0258782 0.826519
 -0.10364 0.0630848 0.809662
 -0.10403 0.0802448 0.800793
 -0.122689 -0.00569378 0.82185
 -0.130265 0.00790878 0.817447
 -0.147017 0.0413804 0.800421
 -0.150168 0.0495427 0.793207
 -0.138641 0.0246446 0.808934
 -0.102815 0.0444815 0.81809
 -0.0696042 0.0540307 0.820418
 -0.0387866 0.0422022 0.816244
