 -0.104039 -0.025443 0.719402
 -0.112751 -0.0619154 0.764009
 -0.0708348 -0.0216268 0.762875
 -0.0409176 -0.0285114 0.744934
 -0.0250517 -0.0492456 0.731997
 -0.0863998 0.0283111 0.714672
 -0.0638942 0.0257183 0.704279
 -0.0531177 0.00546097 0.732439
 -0.0488564 -0.00254945 0.743574
 -0.0897511 0.0102582 0.692612
 -0.0712801 0.00895952 0.677471
 -0.0507249 -0.00798413 0.704
 -0.0598116 -0.0127126 0.726472
 -0.0954824 -0.00966565 0.679104
 -0.0802225 -0.0147789 0.677904
 -0.0888593 -0.046315 0.702442
 -0.0972141 -0.0593096 0.714044
 -0.109586 -0.0293894 0.66571
 -0.0942861 -0.0345159 0.664507
 -0.0647377 -0.0530331 0.686298
 -0.0612991 -0.0577548 0.696018
 -0.0795119 -0.0437745 0.675402
 -0.0845409 -0.030547 0.690173
 -0.0610025 0.000487693 0.690736
 -0.058506 0.0155896 0.718359
