 -0.111316 -0.0846069 0.743588
 -0.120937 -0.030003 0.761528
 -0.066316 -0.0459904 0.788313
 -0.0368228 -0.0625227 0.799319
 -0.0126757 -0.0760906 0.808365
 -0.0649128 -0.115307 0.732306
 -0.0560618 -0.138375 0.735583
 -0.0434971 -0.171722 0.742628
 -0.0385286 -0.184908 0.745414
 -0.0889313 -0.126323 0.729444
 -0.0797278 -0.14725 0.722408
 -0.0656893 -0.182112 0.72338
 -0.0565843 -0.205002 0.725121
 -0.1156 -0.131713 0.72849
 -0.113876 -0.146974 0.723532
 -0.109435 -0.18647 0.713963
 -0.107416 -0.204996 0.719061
 -0.143262 -0.126439 0.730993
 -0.146545 -0.141614 0.726439
 -0.15461 -0.18154 0.720804
 -0.156833 -0.192552 0.719259
 -0.150577 -0.161577 0.723622
 -0.111655 -0.166722 0.718747
 -0.0727086 -0.164681 0.722894
 -0.0497795 -0.155049 0.739106
