 -0.14495 -0.0304071 0.777676
 -0.138012 -0.0881365 0.781568
 -0.0933024 -0.0510228 0.776575
 -0.0757754 -0.0222556 0.765193
 -0.0616135 0.00131289 0.755551
 -0.10961 0.0139674 0.775449
 -0.113105 0.0384871 0.772653
 -0.118158 0.0740355 0.767151
 -0.120113 0.0878691 0.763815
 -0.135893 0.0180573 0.774512
 -0.133423 0.0417372 0.772214
 -0.129503 0.0784113 0.764931
 -0.126928 0.102502 0.760147
 -0.16128 0.0157861 0.774174
 -0.159632 0.0317696 0.772671
 -0.155411 0.0708385 0.7614
 -0.153425 0.0889211 0.754893
 -0.187902 0.00238932 0.774733
 -0.189771 0.0178404 0.770308
 -0.194512 0.0570597 0.758896
 -0.194771 0.0600886 0.747971
 -0.192142 0.0374501 0.764602
 -0.157521 0.0513041 0.767035
 -0.131463 0.0600743 0.768573
 -0.115631 0.0562613 0.769902
