 -0.15233 -0.0230472 0.792093
 -0.143245 -0.0797832 0.801812
 -0.0961772 -0.0484221 0.782161
 -0.0744153 -0.0240179 0.768191
 -0.0566025 -0.0040275 0.756698
 -0.120109 0.0236009 0.795048
 -0.119239 0.0444565 0.781426
 -0.117865 0.0746405 0.761264
 -0.116985 0.085866 0.752346
 -0.145076 0.0250671 0.785873
 -0.141246 0.0458921 0.774748
 -0.134475 0.0767384 0.75435
 -0.130027 0.097001 0.740951
 -0.169583 0.021224 0.780233
 -0.167586 0.0363448 0.774958
 -0.162525 0.0746451 0.76159
 -0.160106 0.0927073 0.755173
 -0.195092 0.00627198 0.776572
 -0.19507 0.0222959 0.774326
 -0.194443 0.0626729 0.766569
 -0.19268 0.0708894 0.758955
 -0.194757 0.0424844 0.770448
 -0.165055 0.055495 0.768274
 -0.13786 0.0613153 0.764549
 -0.118552 0.0595485 0.771345
