 -0.068082 -0.0108366 0.722856
 -0.0951907 -0.0339336 0.768982
 -0.0353011 -0.0429737 0.769253
 -0.000614258 -0.0447053 0.761628
 0.0262514 -0.04954 0.751437
 -0.0140493 0.00112804 0.710193
 -0.00873727 0.0112824 0.688059
 -9.65614e-005 0.00445844 0.653443
 0.00316125 -0.00100331 0.640564
 -0.0331449 0.00643466 0.692483
 -0.0175358 0.0151489 0.676592
 0.00734525 0.0231031 0.649553
 0.0188165 0.00978689 0.632204
 -0.0551092 0.00882116 0.679783
 -0.0444864 0.01376 0.668683
 -0.0175736 0.0262166 0.640545
 -0.00481492 0.0314323 0.627007
 -0.0845181 0.00783734 0.674791
 -0.0739841 0.0137383 0.664019
 -0.0472135 0.0287348 0.636646
 -0.03983 0.0328643 0.629094
 -0.0605988 0.0212366 0.650333
 -0.03103 0.0199883 0.654614
 -0.00509529 0.019126 0.663072
 -0.00441691 0.00787041 0.670751
