 -0.142502 -0.0353493 0.773778
 -0.137502 -0.0928392 0.781896
 -0.0954027 -0.0548967 0.77316
 -0.0795221 -0.0274404 0.757089
 -0.0665087 -0.0049411 0.74392
 -0.106041 0.00815976 0.773022
 -0.102667 0.0323417 0.768012
 -0.0976638 0.0674187 0.760008
 -0.0956854 0.0812893 0.756843
 -0.131886 0.0126351 0.768718
 -0.128366 0.0359935 0.764961
 -0.122713 0.0725221 0.758097
 -0.119 0.0965174 0.753588
 -0.157137 0.0108417 0.765835
 -0.154864 0.0267229 0.764082
 -0.148925 0.0667481 0.758256
 -0.145213 0.0801251 0.744819
 -0.183997 -0.0020355 0.763908
 -0.186271 0.0138101 0.76155
 -0.190007 0.0502702 0.742907
 -0.191037 0.0603251 0.737766
 -0.188139 0.0320402 0.752229
 -0.151894 0.0467355 0.761169
 -0.12554 0.0542578 0.761529
 -0.100165 0.0498802 0.76401
