 -0.110714 -0.0840996 0.747271
 -0.121739 -0.0294714 0.764306
 -0.0637269 -0.0414135 0.785239
 -0.0371706 -0.0610351 0.798433
 -0.0154177 -0.0771213 0.809251
 -0.064237 -0.116635 0.745193
 -0.0549511 -0.13964 0.742779
 -0.0415083 -0.173237 0.739612
 -0.0416084 -0.182699 0.750419
 -0.0885908 -0.126769 0.736697
 -0.0838025 -0.149157 0.72977
 -0.0779793 -0.18617 0.726682
 -0.0743037 -0.210551 0.725289
 -0.113972 -0.130903 0.73106
 -0.112909 -0.146752 0.728209
 -0.110239 -0.186919 0.721087
 -0.108978 -0.205902 0.717726
 -0.140899 -0.124202 0.727028
 -0.143956 -0.139946 0.724883
 -0.151738 -0.179963 0.719502
 -0.154374 -0.190541 0.722622
 -0.147847 -0.159954 0.722193
 -0.111574 -0.166835 0.724648
 -0.0808909 -0.167663 0.728226
 -0.0482297 -0.156438 0.741196
