 -0.0852839 -0.00477456 0.722981
 -0.0768847 -0.054957 0.751392
 -0.0681739 -0.0103976 0.794855
 -0.0638263 0.020498 0.81191
 -0.0561348 0.0466248 0.822265
 -0.0852453 0.0500052 0.737887
 -0.0819557 0.0733843 0.729897
 -0.0728588 0.106404 0.717795
 -0.0644507 0.116976 0.712912
 -0.0892021 0.0432725 0.712401
 -0.0883685 0.0659238 0.704763
 -0.0804673 0.100369 0.691936
 -0.0733832 0.122416 0.683355
 -0.0937653 0.0308003 0.689733
 -0.0956262 0.0453607 0.683026
 -0.0951488 0.0821383 0.665182
 -0.0949232 0.0995191 0.656749
 -0.0962845 0.00819111 0.671601
 -0.0935838 0.0184969 0.659423
 -0.0857269 0.0444993 0.628552
 -0.0802929 0.0506638 0.620737
 -0.0896553 0.0314981 0.643987
 -0.0953875 0.0637495 0.674104
 -0.0844179 0.0831462 0.698349
 -0.0774073 0.089894 0.723846
