 -0.0734181 -0.0392726 0.726525
 -0.0746061 -0.0909655 0.753403
 -0.0293684 -0.0556155 0.773707
 -0.00416215 -0.0306023 0.775524
 0.0184487 -0.0155361 0.765
 -0.0472565 0.010164 0.736252
 -0.0359715 0.0288602 0.724237
 -0.00997346 0.0410162 0.70197
 0.000322354 0.0457816 0.69316
 -0.0637407 0.00720283 0.713871
 -0.0624834 0.0275387 0.701342
 -0.0605074 0.0595021 0.681648
 -0.0592093 0.0804986 0.668711
 -0.0791285 -0.000460611 0.696997
 -0.0765067 0.0147557 0.692302
 -0.0698653 0.0533003 0.68041
 -0.0619211 0.0685424 0.671587
 -0.0969585 -0.0192107 0.682113
 -0.0979089 -0.00567982 0.673291
 -0.0970108 0.0272353 0.648661
 -0.0967632 0.0363126 0.641868
 -0.0974599 0.0107778 0.660976
 -0.073186 0.034028 0.686356
 -0.0614954 0.0435204 0.691495
 -0.0229725 0.0349382 0.713104
