 -0.110777 -0.0262456 0.822588
 -0.103901 -0.0812178 0.840664
 -0.0527085 -0.0513007 0.830323
 -0.0274952 -0.0275645 0.822249
 -0.00683542 -0.00811348 0.815629
 -0.0753836 0.0158095 0.808387
 -0.0726665 0.0382984 0.797989
 -0.0687174 0.0708634 0.782387
 -0.0674944 0.079296 0.770824
 -0.103612 0.0185427 0.805431
 -0.109935 0.0352253 0.789499
 -0.119875 0.0614466 0.764458
 -0.126399 0.078642 0.747976
 -0.127041 0.0172476 0.806984
 -0.125329 0.0310013 0.798716
 -0.121421 0.0600035 0.770171
 -0.120124 0.0676114 0.752459
 -0.153699 0.00517641 0.812612
 -0.159356 0.0195438 0.807776
 -0.173732 0.056056 0.795486
 -0.177697 0.0661212 0.792085
 -0.166544 0.0377999 0.801631
 -0.123375 0.0455024 0.784443
 -0.114905 0.048336 0.776978
 -0.070692 0.0545809 0.790188
