 -0.130178 -0.0313029 0.794832
 -0.1306 -0.089407 0.799271
 -0.073876 -0.0677222 0.793324
 -0.0478717 -0.0458725 0.782803
 -0.0265624 -0.0279677 0.774182
 -0.089512 0.00813075 0.791057
 -0.0840294 0.0308322 0.782348
 -0.0766611 0.0613541 0.764083
 -0.0737479 0.0734219 0.756858
 -0.115558 0.0154035 0.789692
 -0.112353 0.037831 0.782021
 -0.10733 0.073001 0.769723
 -0.10403 0.0961028 0.761641
 -0.141342 0.0164674 0.790049
 -0.139837 0.031809 0.785272
 -0.136024 0.0706711 0.773171
 -0.134587 0.0860894 0.761618
 -0.16863 0.00672136 0.792658
 -0.171783 0.0218581 0.787888
 -0.179793 0.0603155 0.775735
 -0.17975 0.0581825 0.764597
 -0.175788 0.0410868 0.781811
 -0.137931 0.0512401 0.779222
 -0.109841 0.055416 0.775872
 -0.0803453 0.0460931 0.773216
