 -0.0795444 -0.0354718 0.802465
 -0.0794011 -0.0889478 0.825622
 -0.0364934 -0.0819753 0.78309
 -0.0231563 -0.0736329 0.751202
 -0.018171 -0.0692921 0.722825
 -0.0392705 0.000817768 0.78561
 -0.0348313 0.0146016 0.765323
 -0.0283664 0.0346632 0.735739
 -0.02581 0.0425962 0.72404
 -0.0649014 0.00767325 0.783357
 -0.0597404 0.0290401 0.773926
 -0.0517248 0.0614077 0.756563
 -0.0471257 0.0775194 0.73842
 -0.0903332 0.00859973 0.783675
 -0.0867585 0.0229989 0.777324
 -0.0777035 0.0594735 0.761236
 -0.0734241 0.0767112 0.753632
 -0.118357 -0.000473503 0.788402
 -0.123411 0.0136829 0.782413
 -0.136076 0.0440363 0.757732
 -0.139569 0.0524071 0.750926
 -0.129743 0.0288596 0.770073
 -0.082231 0.0412362 0.76928
 -0.0557326 0.0452239 0.765245
 -0.0315989 0.0246324 0.750531
