 -0.0884271 -0.0586566 0.724963
 -0.102292 -0.0178378 0.764175
 -0.0413453 -0.0244357 0.761079
 -0.00873856 -0.0370228 0.754546
 0.0178291 -0.0478076 0.749366
 -0.039731 -0.0806341 0.705762
 -0.0290401 -0.1006 0.695353
 -0.0135497 -0.13001 0.680705
 -0.00745037 -0.141724 0.675058
 -0.0636639 -0.0900522 0.696197
 -0.0566065 -0.108136 0.682223
 -0.0457148 -0.13819 0.662434
 -0.0386418 -0.158436 0.650189
 -0.0890064 -0.0945445 0.6907
 -0.0860538 -0.106971 0.680835
 -0.0789067 -0.141517 0.660178
 -0.0755291 -0.157843 0.650416
 -0.117033 -0.0908599 0.692195
 -0.117015 -0.104256 0.683119
 -0.117474 -0.144322 0.67388
 -0.117605 -0.155398 0.67145
 -0.117244 -0.124289 0.6785
 -0.0824803 -0.124244 0.670506
 -0.0511607 -0.123163 0.672329
 -0.0212949 -0.115305 0.688029
