 -0.0937546 0.0163046 0.709525
 -0.149163 0.00828045 0.725698
 -0.104315 -0.026257 0.733438
 -0.0823084 -0.0378925 0.708049
 -0.0773365 -0.0406049 0.679467
 -0.0459706 -0.0139515 0.714451
 -0.0306409 -0.0224801 0.696744
 -0.0592725 -0.0330607 0.677052
 -0.0707191 -0.0371741 0.669412
 -0.0487048 0.00876729 0.698466
 -0.0405576 0.0030077 0.676728
 -0.0727518 -0.0140472 0.667451
 -0.0820561 -0.0085642 0.68966
 -0.0579204 0.0300385 0.68777
 -0.0610048 0.0228676 0.673645
 -0.0925771 -0.00244025 0.667819
 -0.102638 -0.00417677 0.684221
 -0.0672587 0.0557967 0.68369
 -0.0703512 0.0486072 0.669529
 -0.103158 0.0301402 0.686068
 -0.10174 0.0347441 0.696334
 -0.0867546 0.0393737 0.677798
 -0.076791 0.0102137 0.670732
 -0.0566547 -0.00551977 0.672089
 -0.0449567 -0.0277704 0.686898
