 -0.0958828 -0.102752 0.691705
 -0.0689304 -0.153811 0.683798
 -0.0504499 -0.106147 0.708717
 -0.045079 -0.0739029 0.722708
 -0.040763 -0.047225 0.733601
 -0.08149 -0.0533207 0.715629
 -0.0881106 -0.0300239 0.721518
 -0.0977591 0.00392799 0.730101
 -0.100943 0.0178098 0.731967
 -0.104782 -0.0558776 0.702916
 -0.107256 -0.0323163 0.69962
 -0.111032 0.00469464 0.694203
 -0.113512 0.0290068 0.690645
 -0.12295 -0.068304 0.686537
 -0.117253 -0.0631019 0.672361
 -0.106395 -0.101312 0.662703
 -0.103609 -0.12041 0.663577
 -0.144868 -0.083513 0.67908
 -0.139157 -0.0782974 0.664868
 -0.126516 -0.1164 0.655965
 -0.124032 -0.127464 0.65584
 -0.132837 -0.0973487 0.660417
 -0.111824 -0.0822071 0.667532
 -0.109144 -0.0138108 0.696912
 -0.0929348 -0.013048 0.72581
