 -0.0775246 -0.0353251 0.837893
 -0.0684161 -0.0915499 0.850213
 -0.0282016 -0.0614683 0.819152
 -0.0161067 -0.0432613 0.791106
 -0.00861886 -0.0305534 0.765978
 -0.045183 0.0113327 0.838183
 -0.0422945 0.0344095 0.829219
 -0.0355918 0.0618061 0.806328
 -0.0329406 0.0726367 0.797273
 -0.0707062 0.0130902 0.830835
 -0.0689835 0.0364008 0.825759
 -0.0662657 0.0730306 0.817742
 -0.064391 0.0970085 0.812135
 -0.0963695 0.00867377 0.825165
 -0.0984378 0.0243336 0.821857
 -0.103008 0.0634793 0.810996
 -0.104709 0.0815044 0.804253
 -0.120432 -0.00668257 0.821534
 -0.127928 0.00697023 0.81715
 -0.144966 0.0400054 0.799564
 -0.14952 0.0489763 0.794332
 -0.136447 0.0234878 0.808357
 -0.100723 0.0439065 0.816427
 -0.0676246 0.0547157 0.821751
 -0.0389431 0.0481078 0.817773
