 -0.114635 -0.0210823 0.815485
 -0.113658 -0.0755082 0.83629
 -0.056614 -0.0576983 0.821831
 -0.0317532 -0.0418418 0.80196
 -0.011389 -0.0288516 0.785665
 -0.0756161 0.019462 0.807956
 -0.0717339 0.0388665 0.792802
 -0.0649278 0.0602624 0.764247
 -0.0619918 0.0658914 0.751362
 -0.102116 0.0241065 0.8007
 -0.102816 0.046127 0.791387
 -0.103763 0.0804224 0.776014
 -0.103516 0.100715 0.761942
 -0.12591 0.0228174 0.796602
 -0.12257 0.0377935 0.791601
 -0.113508 0.074403 0.775826
 -0.109225 0.0917045 0.76837
 -0.153333 0.0110757 0.79555
 -0.152438 0.0262431 0.789986
 -0.149685 0.0637955 0.77346
 -0.148655 0.0734291 0.767567
 -0.151062 0.0450193 0.781723
 -0.118039 0.0560982 0.783713
 -0.103289 0.0632747 0.783701
 -0.0683308 0.0495644 0.778524
