 -0.0814908 -0.0487708 0.729835
 -0.102601 -0.0976699 0.753483
 -0.0630113 -0.0634584 0.778469
 -0.0326235 -0.0450368 0.779712
 -0.00562883 -0.034634 0.776239
 -0.0566083 -0.00204474 0.750342
 -0.0434079 0.0184998 0.74535
 -0.0241702 0.0484407 0.738074
 -0.0145096 0.058634 0.735058
 -0.0607033 -0.00446375 0.723598
 -0.0513735 0.0163891 0.71651
 -0.0367093 0.049165 0.70537
 -0.0126144 0.0467528 0.700521
 -0.0668795 -0.0120462 0.700702
 -0.0602395 0.00234418 0.697657
 -0.0434194 0.0387968 0.689941
 -0.0354703 0.0560241 0.686295
 -0.0778001 -0.0297561 0.679299
 -0.0646775 -0.0209349 0.675864
 -0.0244873 -0.0165881 0.668333
 -0.0212564 -0.0274234 0.669202
 -0.0445824 -0.0187615 0.672099
 -0.0518294 0.0205705 0.693799
 -0.0440414 0.032777 0.71094
 -0.0337891 0.0334702 0.741712
