 -0.0772417 0.0111109 0.730129
 -0.125644 0.00406652 0.761808
 -0.105113 -0.044437 0.733421
 -0.0889347 -0.0657276 0.709984
 -0.0756927 -0.0831523 0.690748
 -0.0395469 -0.0241463 0.706485
 -0.0186667 -0.0253213 0.692924
 0.0117635 -0.0270337 0.673162
 0.0237966 -0.0277108 0.665347
 -0.0369786 0.00387311 0.703227
 -0.0195549 0.00928876 0.68776
 -0.0440608 0.00730563 0.659319
 -0.06332 0.00495316 0.64404
 -0.0391422 0.0307668 0.704837
 -0.0270247 0.0377395 0.696775
 -0.049317 0.0368771 0.662518
 -0.0606623 0.0359943 0.646905
 -0.0502138 0.0541207 0.711454
 -0.0450081 0.0596614 0.697171
 -0.0317785 0.073742 0.660872
 -0.0281301 0.0776251 0.650862
 -0.0383933 0.0667017 0.679021
 -0.0381708 0.0373083 0.679646
 -0.0318079 0.0082972 0.673539
 -0.00345158 -0.0261775 0.683043
