 -0.0919031 0.0178934 0.718846
 -0.144626 0.0225968 0.743221
 -0.115883 -0.0252922 0.730458
 -0.0930934 -0.0505811 0.720191
 -0.074418 -0.0713041 0.711778
 -0.0525449 -0.0229513 0.716467
 -0.0301273 -0.0301861 0.708321
 -0.019356 -0.0468018 0.677868
 -0.0150967 -0.0533722 0.665826
 -0.0480603 0.000290414 0.704377
 -0.0265475 -0.00665247 0.69656
 -0.0422726 -0.019974 0.665117
 -0.0655904 -0.020657 0.657011
 -0.0547309 0.0245379 0.69104
 -0.0543461 0.0214077 0.675213
 -0.0919522 0.00540377 0.676153
 -0.0939633 0.00848695 0.695119
 -0.0608305 0.0509274 0.68931
 -0.0675984 0.045194 0.675778
 -0.103617 0.0388665 0.694578
 -0.109198 0.0397292 0.704413
 -0.0856078 0.0420302 0.685178
 -0.0731492 0.0134058 0.675683
 -0.03441 -0.0133133 0.680839
 -0.0247416 -0.038494 0.693094
