 -0.0696033 -0.0519767 0.672138
 -0.0941182 -0.0990772 0.696149
 -0.14195 -0.0568787 0.70358
 -0.162583 -0.0279218 0.703892
 -0.17949 -0.00419199 0.704148
 -0.0880823 -0.000182808 0.658034
 -0.0703727 0.0142918 0.648129
 -0.0449187 0.0382031 0.65812
 -0.0348863 0.047644 0.662188
 -0.0626798 -0.00671752 0.653568
 -0.0575066 0.0147027 0.644266
 -0.0493201 0.0484453 0.62985
 -0.0439425 0.0706105 0.62038
 -0.0401363 -0.0183934 0.651773
 -0.0367265 -0.00391612 0.645509
 -0.0269001 0.0341818 0.634409
 -0.0212607 0.05266 0.634534
 -0.0198807 -0.0401701 0.654323
 -0.0150816 -0.024728 0.654888
 -0.00220523 0.0135944 0.662402
 0.00147654 0.0229001 0.667735
 -0.00864344 -0.00556681 0.658645
 -0.0318133 0.0151328 0.639959
 -0.0534133 0.031574 0.637058
 -0.0576457 0.0262474 0.653125
