 -0.0581375 0.0177318 0.734107
 -0.112517 0.00417212 0.750076
 -0.0899124 -0.0559384 0.742398
 -0.0718065 -0.0753048 0.718703
 -0.0570032 -0.0910837 0.699187
 -0.0102244 -0.0117808 0.7266
 0.0137454 -0.00952317 0.72015
 0.0446282 -0.00796647 0.701089
 0.0568403 -0.00735091 0.693552
 -0.011123 0.0171843 0.7222
 0.00801837 0.0296808 0.71516
 0.0381035 0.0493221 0.704091
 0.0571486 0.0617739 0.694493
 -0.0165029 0.0404516 0.719699
 -0.00159348 0.0441146 0.714725
 0.0361738 0.0533932 0.702124
 0.0540212 0.0577775 0.696165
 -0.0331081 0.0637364 0.720461
 -0.0227222 0.0714647 0.710755
 0.00367207 0.0911046 0.686088
 0.0109352 0.0965101 0.679259
 -0.00952504 0.0812846 0.698421
 0.0172902 0.0487539 0.708424
 0.0230609 0.0395015 0.709625
 0.0291868 -0.00874482 0.71062
