 -0.105797 -0.0294594 0.816967
 -0.0981293 -0.0857968 0.829745
 -0.0486809 -0.05317 0.821728
 -0.0244843 -0.0278339 0.815651
 -0.00541973 -0.00687598 0.808847
 -0.0710141 0.0142008 0.806624
 -0.0727331 0.0363674 0.795357
 -0.0748674 0.0578772 0.766164
 -0.0755361 0.0629205 0.752731
 -0.0973485 0.0175055 0.804767
 -0.0951684 0.038571 0.793649
 -0.0940378 0.04584 0.756781
 -0.0963322 0.0217287 0.751957
 -0.123362 0.00834787 0.802279
 -0.123645 0.00495615 0.786503
 -0.11081 -0.0251698 0.76203
 -0.101991 -0.042225 0.759885
 -0.149164 0.00220501 0.810206
 -0.152387 0.0176575 0.80665
 -0.160577 0.0569276 0.797614
 -0.162699 0.0658946 0.791005
 -0.156482 0.0372926 0.802132
 -0.117228 -0.0101068 0.774267
 -0.0946031 0.0422055 0.775215
 -0.0738002 0.0471223 0.78076
