 -0.0751208 -0.0437397 0.729101
 -0.071456 -0.0969821 0.752506
 -0.0236416 -0.0652904 0.778466
 0.00548706 -0.0449272 0.77738
 0.0305231 -0.034074 0.767162
 -0.0679077 0.00904773 0.748709
 -0.0654671 0.0316412 0.73847
 -0.0619103 0.0645682 0.723549
 -0.0538234 0.0745502 0.717123
 -0.0736542 0.00520636 0.723033
 -0.0698875 0.0281805 0.717545
 -0.0637784 0.0642494 0.708878
 -0.0575275 0.0873335 0.702718
 -0.0807002 -0.00425728 0.70045
 -0.0808059 0.0115848 0.697373
 -0.0810735 0.0517147 0.689578
 -0.0812 0.0706799 0.685895
 -0.0868226 -0.0248688 0.679745
 -0.0843146 -0.0137126 0.668297
 -0.0775482 0.0145335 0.639189
 -0.0722102 0.02092 0.631488
 -0.0809314 0.000410467 0.653743
 -0.0809397 0.0316498 0.693476
 -0.066833 0.046215 0.713211
 -0.0636887 0.0481047 0.73101
