 -0.103827 -0.0753371 0.740714
 -0.112606 -0.0184742 0.749961
 -0.0605303 -0.0327334 0.781705
 -0.0325613 -0.048794 0.796676
 -0.011137 -0.0630198 0.810373
 -0.0590035 -0.109952 0.744677
 -0.0499933 -0.133063 0.742241
 -0.0368622 -0.166745 0.738691
 -0.0335367 -0.179991 0.743143
 -0.083936 -0.120037 0.736601
 -0.0817547 -0.14349 0.732437
 -0.0783494 -0.180371 0.725988
 -0.0764273 -0.204815 0.72304
 -0.106856 -0.12325 0.730389
 -0.100994 -0.138204 0.728821
 -0.0861666 -0.176103 0.724947
 -0.0791595 -0.194014 0.723116
 -0.135356 -0.116363 0.724842
 -0.138684 -0.131831 0.721455
 -0.147176 -0.171165 0.712997
 -0.149518 -0.182013 0.710665
 -0.14293 -0.151498 0.717226
 -0.0935801 -0.157153 0.726884
 -0.080052 -0.16193 0.729213
 -0.0434278 -0.149904 0.740466
