 -0.0979031 -0.0432038 0.776289
 -0.0928261 -0.100664 0.784567
 -0.05129 -0.0665766 0.762904
 -0.0413208 -0.0460779 0.735614
 -0.0331515 -0.0292802 0.713251
 -0.061831 0.000618938 0.777467
 -0.0562584 0.00801427 0.754326
 -0.0483449 0.0154502 0.719663
 -0.0452156 0.0183906 0.705956
 -0.0870536 0.0032546 0.768896
 -0.0817112 0.0192816 0.751963
 -0.0731158 0.0361964 0.719507
 -0.0674696 0.0473077 0.698186
 -0.112512 0.0028737 0.767666
 -0.110288 0.0187745 0.766031
 -0.101155 0.0308088 0.728045
 -0.0969916 0.0341726 0.709481
 -0.139126 -0.0102295 0.764354
 -0.136899 0.0057154 0.762739
 -0.129207 0.00185258 0.72253
 -0.127087 0.000782886 0.711441
 -0.133053 0.00378399 0.742634
 -0.105722 0.0247916 0.747038
 -0.0774135 0.027739 0.735735
 -0.0523016 0.0117322 0.736995
