 -0.0822831 -0.0851499 0.727478
 -0.0917895 -0.0922895 0.784527
 -0.0339697 -0.0996927 0.768372
 -0.00285278 -0.102402 0.75138
 0.0215655 -0.108593 0.736737
 -0.0405494 -0.0622553 0.69654
 -0.0290559 -0.0843557 0.69569
 -0.0135499 -0.104248 0.72183
 -0.00900365 -0.108116 0.734895
 -0.061675 -0.0727711 0.68431
 -0.0531351 -0.0674943 0.6626
 -0.0383817 -0.0618664 0.628481
 -0.0286902 -0.0581695 0.606069
 -0.0852365 -0.0848764 0.67791
 -0.0833935 -0.0835638 0.661931
 -0.078527 -0.0806226 0.621447
 -0.0747565 -0.0821695 0.602562
 -0.1099 -0.0977882 0.682682
 -0.112508 -0.0986427 0.666736
 -0.119136 -0.100814 0.626212
 -0.120964 -0.101413 0.615036
 -0.115822 -0.0997285 0.646474
 -0.0809603 -0.0820932 0.641689
 -0.0457584 -0.0646803 0.64554
 -0.0213029 -0.0943019 0.70876
