 -0.083876 0.00717822 0.719072
 -0.135899 0.00327454 0.74504
 -0.11621 -0.0522335 0.728002
 -0.0981728 -0.0801187 0.715299
 -0.08468 -0.101582 0.700937
 -0.0403034 -0.0284125 0.711473
 -0.02343 -0.0349484 0.694332
 -0.000579893 -0.0449767 0.667935
 0.00405429 -0.0497394 0.655201
 -0.0390173 -0.00369494 0.701491
 -0.0177833 -0.00727408 0.691078
 0.00770837 -0.0164574 0.665016
 0.0127676 -0.024615 0.642262
 -0.0439462 0.0208864 0.693617
 -0.0312088 0.0195318 0.6838
 0.00105664 0.0161003 0.658932
 0.0112831 0.0125456 0.642931
 -0.0577592 0.0464081 0.692463
 -0.0483564 0.0508777 0.680077
 -0.0265886 0.0608137 0.646636
 -0.0206199 0.0635312 0.637385
 -0.0374725 0.0558457 0.663357
 -0.0150761 0.017816 0.671366
 -0.00503744 -0.0118657 0.678047
 -0.0120049 -0.0399626 0.681134
