 -0.133863 -0.037037 0.725698
 -0.127494 -0.0860658 0.756546
 -0.077083 -0.0788506 0.721291
 -0.0529851 -0.0683513 0.697346
 -0.0332379 -0.0597477 0.677724
 -0.0989602 0.00466398 0.709395
 -0.0936518 0.01504 0.687363
 -0.0859155 0.0301617 0.655254
 -0.0828563 0.0361414 0.642557
 -0.124768 0.0047662 0.701381
 -0.12272 0.0216586 0.684572
 -0.11901 0.046314 0.656433
 -0.115347 0.0564017 0.634191
 -0.150537 0.000520134 0.69811
 -0.151539 0.0128296 0.687721
 -0.15136 0.0352526 0.653539
 -0.150881 0.0443862 0.636521
 -0.175652 -0.0130336 0.701069
 -0.173073 -0.00130687 0.690223
 -0.165604 0.0243803 0.658994
 -0.163533 0.0314041 0.650335
 -0.169338 0.0115367 0.674608
 -0.15145 0.0240411 0.67063
 -0.120865 0.0339863 0.670502
 -0.0897837 0.0226009 0.671308
