 -0.100094 -0.0393064 0.814574
 -0.0962702 -0.0940297 0.834239
 -0.0409978 -0.0728092 0.818489
 -0.0147304 -0.0539274 0.803731
 0.00650873 -0.0385379 0.79104
 -0.062739 0.00236698 0.805038
 -0.0581641 0.0230393 0.791886
 -0.0510361 0.0487987 0.767287
 -0.0481492 0.0574443 0.756185
 -0.0892865 0.00653451 0.799994
 -0.0888771 0.0291252 0.792144
 -0.0882311 0.0646259 0.779788
 -0.0873443 0.0864716 0.768304
 -0.1139 0.00452359 0.79711
 -0.111603 0.019478 0.791494
 -0.105723 0.0571606 0.776774
 -0.102803 0.0744697 0.768704
 -0.140913 -0.00784314 0.79805
 -0.146652 0.00320517 0.787716
 -0.160933 0.0305921 0.760571
 -0.164871 0.0381448 0.753084
 -0.153793 0.0168986 0.774143
 -0.108663 0.0383193 0.784134
 -0.0885541 0.0468755 0.785966
 -0.0546001 0.035919 0.779586
