 -0.121123 -0.0866339 0.688163
 -0.0921216 -0.0975256 0.737522
 -0.13601 -0.0626682 0.727825
 -0.153735 -0.0383268 0.708914
 -0.168259 -0.0183801 0.693417
 -0.166041 -0.0547216 0.674489
 -0.173956 -0.0395595 0.656359
 -0.185491 -0.0174626 0.629937
 -0.190053 -0.00872481 0.619488
 -0.150624 -0.0680724 0.654711
 -0.151314 -0.0568805 0.633583
 -0.12422 -0.0334929 0.645087
 -0.109873 -0.0287084 0.664611
 -0.138363 -0.0841258 0.642257
 -0.148456 -0.0789638 0.630771
 -0.124109 -0.0471281 0.622713
 -0.109557 -0.0495198 0.635194
 -0.115898 -0.103023 0.636849
 -0.119765 -0.103755 0.621154
 -0.129545 -0.105556 0.581255
 -0.13175 -0.105432 0.570132
 -0.124655 -0.104655 0.601204
 -0.136282 -0.0630459 0.626742
 -0.137767 -0.0451867 0.639335
 -0.179724 -0.028511 0.643148
