 -0.106986 -0.0497162 0.721487
 -0.10275 -0.103971 0.742331
 -0.0449138 -0.0960919 0.71651
 -0.0174563 -0.0843722 0.697195
 0.000421989 -0.0765782 0.675548
 -0.0708143 -0.00639124 0.715356
 -0.065566 0.0138489 0.701789
 -0.0574514 0.0418054 0.680062
 -0.0535909 0.0492617 0.668408
 -0.0965617 -0.00365442 0.707219
 -0.0951682 0.0184548 0.698199
 -0.0922118 0.0518508 0.681188
 -0.0902625 0.0737739 0.669986
 -0.121834 -0.00674594 0.701924
 -0.122229 0.0083834 0.696321
 -0.122285 0.0452492 0.678653
 -0.122258 0.0625784 0.670111
 -0.147206 -0.0204487 0.700161
 -0.153975 -0.00730513 0.693585
 -0.170106 0.0245857 0.673247
 -0.173476 0.0317215 0.665104
 -0.16204 0.00864029 0.683416
 -0.122257 0.0268163 0.687487
 -0.09369 0.0351528 0.689693
 -0.0615087 0.0278271 0.690926
