 -0.112916 -0.0303681 0.811339
 -0.108909 -0.0856321 0.82939
 -0.0532729 -0.0616551 0.820419
 -0.0277442 -0.0409846 0.806806
 -0.00820209 -0.0243243 0.793038
 -0.0754661 0.010971 0.800776
 -0.0737463 0.00336352 0.777103
 -0.0729566 -0.0299214 0.762578
 -0.0733401 -0.043882 0.765936
 -0.101358 0.0144913 0.795441
 -0.0972854 0.0319428 0.779599
 -0.0912626 0.0496522 0.746987
 -0.0873063 0.061285 0.725565
 -0.126757 0.0137403 0.795019
 -0.124031 0.0278438 0.787663
 -0.117066 0.0627491 0.767555
 -0.113728 0.0781862 0.756428
 -0.154064 0.00212136 0.79791
 -0.154805 0.017478 0.792867
 -0.155819 0.05141 0.769662
 -0.156074 0.0605918 0.763012
 -0.155312 0.034444 0.781264
 -0.120549 0.0452964 0.777609
 -0.094274 0.0407975 0.763293
 -0.0733514 -0.0132789 0.76984
