 -0.0991624 -0.0345184 0.810153
 -0.0968193 -0.090395 0.826532
 -0.0417698 -0.0706979 0.808382
 -0.0138818 -0.052068 0.796571
 0.00633563 -0.037258 0.781708
 -0.060713 0.0066674 0.803196
 -0.0553924 0.0271002 0.789951
 -0.0473702 0.052308 0.765057
 -0.044197 0.0608476 0.753952
 -0.086411 0.01162 0.798011
 -0.0821514 0.0337427 0.789976
 -0.0754564 0.0685145 0.777346
 -0.071046 0.0913136 0.768942
 -0.113212 0.0107035 0.795346
 -0.114327 0.0261349 0.790754
 -0.116867 0.0645225 0.776928
 -0.118063 0.0826546 0.770366
 -0.139097 -0.00108209 0.795444
 -0.144546 0.0107801 0.785883
 -0.155394 0.0342879 0.753937
 -0.158289 0.0405558 0.744941
 -0.14997 0.022534 0.76991
 -0.115597 0.0453287 0.783841
 -0.0788039 0.0511286 0.783661
 -0.0513813 0.0397041 0.777504
