 -0.124099 -0.0346598 0.734282
 -0.124586 -0.0797874 0.77115
 -0.0773927 -0.0745051 0.735079
 -0.053104 -0.0649111 0.710947
 -0.0332006 -0.0570492 0.691172
 -0.0856559 0.00444558 0.719588
 -0.0773853 -0.00281434 0.697224
 -0.0653319 -0.0133947 0.664632
 -0.0606475 -0.022717 0.654759
 -0.109789 0.00269046 0.706538
 -0.104742 0.0120269 0.685102
 -0.0939636 0.0143528 0.64916
 -0.0859622 -0.00221564 0.632687
 -0.137143 -0.000634752 0.700398
 -0.142536 0.009825 0.689355
 -0.134863 -0.00343654 0.651453
 -0.129588 -0.0128565 0.635431
 -0.160334 -0.0132591 0.70025
 -0.154603 -0.00656363 0.68668
 -0.138396 -0.00240907 0.649118
 -0.134207 -0.00719977 0.639732
 -0.1465 -0.00448635 0.667899
 -0.1387 0.00319423 0.670404
 -0.0993527 0.0131898 0.667131
 -0.0713586 -0.00810453 0.680928
