 -0.153484 -0.0295152 0.787217
 -0.145856 -0.0869057 0.79386
 -0.0979658 -0.0544876 0.779319
 -0.0756143 -0.0288354 0.76899
 -0.0574622 -0.00778359 0.760254
 -0.118742 0.014738 0.779621
 -0.119572 0.0369587 0.768361
 -0.121345 0.0619707 0.742079
 -0.122049 0.0717982 0.731627
 -0.146405 0.01822 0.77918
 -0.150457 0.0395326 0.769107
 -0.15683 0.0727101 0.752613
 -0.160999 0.0931323 0.739367
 -0.170445 0.0158511 0.780724
 -0.169253 0.0303786 0.773796
 -0.166234 0.0671784 0.756249
 -0.165403 0.0811781 0.742961
 -0.19676 0.00295503 0.78583
 -0.195621 0.0172453 0.778327
 -0.192806 0.0531509 0.758485
 -0.192739 0.058384 0.748424
 -0.194214 0.0351981 0.768406
 -0.167744 0.0487785 0.765023
 -0.153643 0.0561214 0.76086
 -0.120459 0.0494647 0.75522
