 -0.0736896 -0.0307751 0.8025
 -0.0737398 -0.080298 0.833215
 -0.041422 -0.0841225 0.782029
 -0.0314965 -0.081193 0.748011
 -0.0233631 -0.0787925 0.720134
 -0.0339389 -0.000755907 0.775265
 -0.0302749 0.013564 0.755196
 -0.0252492 0.0334602 0.725223
 -0.0234264 0.0408149 0.71302
 -0.0590834 0.00785761 0.775378
 -0.0537189 0.0271295 0.762266
 -0.0453825 0.0571477 0.741223
 -0.0399064 0.0768664 0.7274
 -0.0851129 0.0112047 0.778949
 -0.0841069 0.0247955 0.770305
 -0.0815585 0.0592224 0.748407
 -0.0803964 0.0753707 0.737864
 -0.111748 0.00507712 0.788526
 -0.117961 0.0165748 0.778987
 -0.133751 0.0457919 0.75474
 -0.138152 0.053537 0.747723
 -0.125856 0.0311834 0.766863
 -0.0828327 0.0420089 0.759356
 -0.0495507 0.0421386 0.751744
 -0.027762 0.0235121 0.740209
