 -0.149809 -0.0240216 0.787339
 -0.146593 -0.0818895 0.793417
 -0.0928788 -0.0572369 0.77888
 -0.0696355 -0.0350825 0.763608
 -0.0505886 -0.016928 0.751093
 -0.111764 0.0180734 0.785436
 -0.107195 0.0398371 0.774179
 -0.10062 0.0692017 0.753832
 -0.0981344 0.0792241 0.743847
 -0.137605 0.0235068 0.782289
 -0.133272 0.0461188 0.775806
 -0.126462 0.0816598 0.765615
 -0.121986 0.10499 0.758866
 -0.164059 0.0230015 0.781626
 -0.163886 0.0390442 0.77988
 -0.163057 0.0784765 0.769126
 -0.162654 0.0970601 0.763858
 -0.190494 0.0111418 0.781231
 -0.193167 0.0266513 0.777473
 -0.199958 0.0660661 0.767922
 -0.200142 0.0696475 0.757164
 -0.196563 0.0463587 0.772698
 -0.163472 0.0587604 0.774503
 -0.129867 0.0638893 0.77071
 -0.103908 0.0545194 0.764006
