 -0.112324 -0.0343073 0.819288
 -0.10167 -0.0834545 0.848733
 -0.0542494 -0.0549137 0.82615
 -0.0326567 -0.0345008 0.806621
 -0.0149823 -0.0178027 0.790565
 -0.0823871 0.0124937 0.807606
 -0.0779035 0.0277542 0.788416
 -0.0694803 0.044229 0.757157
 -0.0654733 0.0479953 0.743887
 -0.107843 0.0100656 0.798228
 -0.109612 0.0305514 0.786009
 -0.108426 0.0561865 0.758534
 -0.107636 0.0730043 0.740467
 -0.130476 0.00197666 0.79182
 -0.12882 0.0146506 0.781967
 -0.124613 0.0467292 0.756978
 -0.121829 0.0602586 0.743469
 -0.154942 -0.0150406 0.792056
 -0.149672 -0.0214226 0.778153
 -0.131062 -0.0566893 0.788192
 -0.129223 -0.062072 0.798002
 -0.140367 -0.0390559 0.783173
 -0.126716 0.0306899 0.769472
 -0.109019 0.043369 0.772271
 -0.0736919 0.0359916 0.772786
