 -0.10596 -0.0372785 0.818472
 -0.0992782 -0.0951636 0.81928
 -0.0594609 -0.0603779 0.793677
 -0.0558628 -0.0421447 0.763363
 -0.0609915 -0.0343542 0.735759
 -0.0710414 0.00701143 0.824962
 -0.0664355 0.0274317 0.811432
 -0.05936 0.0540242 0.78772
 -0.0565621 0.0645398 0.778343
 -0.0976244 0.0112816 0.820108
 -0.0983522 0.0351791 0.819403
 -0.0993832 0.0727199 0.817663
 -0.0999211 0.0973355 0.815745
 -0.122674 0.00891043 0.814131
 -0.123007 0.0244346 0.809734
 -0.123746 0.063606 0.798059
 -0.123482 0.080958 0.789568
 -0.148171 -0.00419785 0.811194
 -0.14554 0.0109864 0.806262
 -0.138762 0.0493378 0.793067
 -0.136893 0.0599143 0.789429
 -0.142151 0.0301621 0.799665
 -0.123377 0.0440203 0.803896
 -0.0988677 0.0539495 0.818533
 -0.0628978 0.040728 0.799576
