 -0.121476 -0.102714 0.684314
 -0.0982233 -0.119746 0.734962
 -0.140708 -0.0833907 0.724586
 -0.155046 -0.0566661 0.706025
 -0.166795 -0.0347665 0.690814
 -0.163264 -0.0672476 0.669517
 -0.176576 -0.0568153 0.651209
 -0.179615 -0.0290462 0.62799
 -0.178891 -0.0173015 0.619752
 -0.143491 -0.0784415 0.654259
 -0.127796 -0.0604285 0.653111
 -0.10834 -0.075513 0.681524
 -0.112673 -0.0961693 0.694347
 -0.126528 -0.0929484 0.641593
 -0.115939 -0.0807948 0.640818
 -0.0941043 -0.0979056 0.670847
 -0.0847452 -0.10704 0.685068
 -0.111751 -0.114497 0.632394
 -0.101134 -0.102312 0.631618
 -0.0774984 -0.117517 0.661635
 -0.0744154 -0.124942 0.669632
 -0.089316 -0.109914 0.646626
 -0.105021 -0.0893502 0.655832
 -0.118068 -0.0679708 0.667318
 -0.178096 -0.0429307 0.639599
