 -0.144546 -0.0333566 0.782179
 -0.13947 -0.0912236 0.786828
 -0.0977573 -0.0535686 0.774918
 -0.0801704 -0.0259403 0.761072
 -0.0660205 -0.00339177 0.749226
 -0.108703 0.0103763 0.787252
 -0.104112 0.033928 0.780507
 -0.0959334 0.0637264 0.761411
 -0.0926993 0.0755098 0.75386
 -0.134016 0.0147804 0.780381
 -0.129777 0.0376506 0.774804
 -0.123113 0.0735975 0.76604
 -0.118494 0.0968034 0.758966
 -0.158871 0.0129827 0.775083
 -0.156079 0.0285096 0.771681
 -0.148556 0.0671502 0.760656
 -0.145001 0.0854116 0.755446
 -0.185547 0.000234776 0.771244
 -0.187858 0.0155262 0.766486
 -0.19373 0.0543868 0.754393
 -0.193755 0.0622497 0.746222
 -0.190794 0.0349565 0.76044
 -0.152317 0.0478299 0.766169
 -0.126445 0.0556241 0.770422
 -0.100023 0.0488272 0.770959
