 -0.0923462 -0.0333086 0.810727
 -0.0869125 -0.0908497 0.818174
 -0.0466086 -0.0512862 0.810685
 -0.0325011 -0.0231959 0.794065
 -0.0229434 -0.00117924 0.777545
 -0.0561517 0.0104227 0.809989
 -0.051667 0.0266677 0.791625
 -0.0452658 0.0445022 0.760634
 -0.042736 0.0515214 0.74836
 -0.0820516 0.0147546 0.805862
 -0.0786197 0.0380168 0.80148
 -0.0729177 0.0738668 0.791698
 -0.0691721 0.0974163 0.785273
 -0.108261 0.0129073 0.803261
 -0.108528 0.0289045 0.801147
 -0.109204 0.0694274 0.795792
 -0.109523 0.0885782 0.793261
 -0.134152 -0.000141094 0.801713
 -0.140636 0.0131946 0.795237
 -0.155804 0.0450955 0.774187
 -0.159988 0.053893 0.768382
 -0.14822 0.0291451 0.784712
 -0.108866 0.0491659 0.79847
 -0.0757687 0.0559418 0.796589
 -0.0484664 0.0355849 0.77613
