 -0.115691 -0.0409112 0.815584
 -0.10259 -0.0975218 0.820009
 -0.0658376 -0.063079 0.788249
 -0.0578009 -0.0432532 0.759848
 -0.0518591 -0.0275787 0.736015
 -0.0863427 0.00737973 0.821031
 -0.0848601 0.0311044 0.813535
 -0.0826977 0.0656775 0.802603
 -0.0806601 0.0763446 0.793202
 -0.112186 0.00836508 0.814887
 -0.112041 0.0322264 0.813233
 -0.111805 0.0697284 0.810598
 -0.111297 0.0942003 0.807318
 -0.137223 0.00230047 0.806859
 -0.138992 0.0162189 0.798884
 -0.141282 0.047787 0.77301
 -0.141984 0.0619687 0.759909
 -0.16094 -0.0133314 0.804584
 -0.168735 -0.000321664 0.798945
 -0.188544 0.0327405 0.784615
 -0.189083 0.0367461 0.774019
 -0.178639 0.0162094 0.79178
 -0.140137 0.032003 0.785947
 -0.111923 0.0509774 0.811915
 -0.0837789 0.0483909 0.808069
