 -0.151151 -0.0291282 0.783937
 -0.146142 -0.0869098 0.78961
 -0.106356 -0.0475454 0.779514
 -0.086707 -0.0185339 0.773468
 -0.0708753 0.00532552 0.768076
 -0.114692 0.0133412 0.774445
 -0.115187 0.0380444 0.771165
 -0.117953 0.0680551 0.750888
 -0.11907 0.0798037 0.742699
 -0.140639 0.0186106 0.776853
 -0.137568 0.0417967 0.771844
 -0.133925 0.0760255 0.756727
 -0.131533 0.0985102 0.746797
 -0.165797 0.0176274 0.780731
 -0.163533 0.0334689 0.77864
 -0.160176 0.0691021 0.758885
 -0.158646 0.085788 0.749268
 -0.192656 0.0055634 0.785636
 -0.193124 0.0194765 0.777389
 -0.19472 0.0531357 0.753823
 -0.195449 0.060879 0.74557
 -0.193922 0.0363061 0.765606
 -0.161855 0.0512855 0.768763
 -0.135747 0.0589111 0.764285
 -0.11657 0.0530498 0.761026
