 -0.151468 -0.0447337 0.770893
 -0.150481 -0.098131 0.794211
 -0.0985288 -0.0770467 0.773433
 -0.0720232 -0.0580832 0.759215
 -0.0506673 -0.0425862 0.746855
 -0.111935 -0.00904094 0.75124
 -0.10812 0.00707554 0.732613
 -0.10485 0.0207585 0.699123
 -0.103561 0.0261531 0.685873
 -0.138638 -0.00236375 0.749622
 -0.138689 0.0165758 0.735013
 -0.140216 0.0343886 0.701941
 -0.14122 0.0460897 0.680216
 -0.163157 -0.00174457 0.750939
 -0.160488 0.00950735 0.739682
 -0.154552 0.0344801 0.707864
 -0.152111 0.0447214 0.691665
 -0.19067 -0.00926561 0.759305
 -0.196762 0.00467891 0.753806
 -0.212248 0.0401071 0.739809
 -0.216519 0.0498774 0.73595
 -0.204505 0.022393 0.746808
 -0.15752 0.0219937 0.723773
 -0.139453 0.0254822 0.718477
 -0.106485 0.013917 0.715868
