 -0.113673 -0.0289573 0.820353
 -0.1079 -0.0810749 0.845777
 -0.0572251 -0.0545802 0.827988
 -0.0331321 -0.0343263 0.811447
 -0.0148973 -0.0194681 0.79425
 -0.0800434 0.0163605 0.814159
 -0.0789794 0.0314987 0.794387
 -0.0741098 0.0461926 0.761525
 -0.0710692 0.0489668 0.747764
 -0.105486 0.0162984 0.802986
 -0.106934 0.0364548 0.79019
 -0.108294 0.0668556 0.768114
 -0.109186 0.0868239 0.75361
 -0.128058 0.0110102 0.795808
 -0.125462 0.0249937 0.788181
 -0.116698 0.0565107 0.763664
 -0.111885 0.0698249 0.750517
 -0.153463 -0.00439061 0.793107
 -0.149355 0.00541365 0.780908
 -0.138912 0.0303163 0.749897
 -0.135989 0.0370483 0.741252
 -0.144134 0.017865 0.765402
 -0.12108 0.0407522 0.775922
 -0.107614 0.0516552 0.779152
 -0.0765446 0.0388456 0.777956
