 -0.11998 -0.0179417 0.818668
 -0.117728 -0.0736586 0.835595
 -0.0591316 -0.0549788 0.826316
 -0.0338254 -0.0364438 0.809572
 -0.0132178 -0.0212637 0.795648
 -0.0811834 0.0213574 0.805499
 -0.0766571 0.0431766 0.794332
 -0.0700608 0.0749744 0.778057
 -0.0674524 0.0875483 0.771622
 -0.107012 0.0275166 0.804292
 -0.102505 0.0497946 0.796843
 -0.095421 0.0848029 0.785111
 -0.0907677 0.1078 0.777404
 -0.133076 0.0268573 0.803485
 -0.131614 0.0400697 0.794334
 -0.127936 0.0733048 0.770815
 -0.126552 0.0856675 0.756033
 -0.160128 0.0170953 0.809202
 -0.166073 0.0315259 0.804932
 -0.181179 0.068199 0.79408
 -0.185218 0.0766553 0.787695
 -0.173626 0.0498625 0.799506
 -0.129775 0.0566873 0.782574
 -0.0989629 0.0672987 0.790977
 -0.073359 0.0590755 0.786195
