 -0.085984 -0.0404724 0.826322
 -0.0800104 -0.0982798 0.830634
 -0.0304536 -0.0733693 0.804578
 -0.0152612 -0.0547199 0.778392
 -0.0124389 -0.0445467 0.751234
 -0.0511928 0.00385873 0.833203
 -0.0465004 0.0271261 0.825596
 -0.0385302 0.0585043 0.809123
 -0.0350176 0.0695616 0.800654
 -0.0767505 0.00799816 0.825789
 -0.0747858 0.0315989 0.822433
 -0.0716975 0.0686939 0.817158
 -0.0693131 0.0927857 0.81228
 -0.102268 0.00583738 0.819863
 -0.103297 0.0219043 0.818747
 -0.104546 0.0619836 0.810789
 -0.105082 0.0808858 0.806829
 -0.127149 -0.00753242 0.814095
 -0.13314 0.00612766 0.807825
 -0.148325 0.0408132 0.791788
 -0.152092 0.0500338 0.786367
 -0.140732 0.0234704 0.799806
 -0.103921 0.0419439 0.814768
 -0.0732417 0.0501464 0.819795
 -0.0425153 0.0428152 0.817359
