 -0.101013 -0.069052 0.738929
 -0.11326 -0.0128136 0.748052
 -0.0597935 -0.0196442 0.782176
 -0.0304925 -0.0317275 0.798293
 -0.00668462 -0.0418224 0.81172
 -0.0544022 -0.101066 0.74398
 -0.0465843 -0.124613 0.74159
 -0.0351907 -0.158928 0.738106
 -0.0311915 -0.172718 0.738496
 -0.0786021 -0.112545 0.735245
 -0.0754274 -0.135886 0.731091
 -0.072167 -0.173339 0.731036
 -0.0700252 -0.197942 0.731
 -0.10103 -0.117024 0.728462
 -0.0942689 -0.131612 0.727073
 -0.0792746 -0.169469 0.730713
 -0.0721934 -0.187361 0.732447
 -0.129731 -0.111757 0.722175
 -0.129232 -0.127844 0.720518
 -0.127964 -0.168729 0.716308
 -0.127746 -0.180048 0.715657
 -0.128598 -0.148286 0.718413
 -0.0867718 -0.150541 0.728893
 -0.0737972 -0.154612 0.731063
 -0.0408875 -0.14177 0.739848
