 -0.1448 -0.0295183 0.779826
 -0.136839 -0.0867065 0.787708
 -0.0974433 -0.0458884 0.780661
 -0.0826898 -0.0171445 0.765814
 -0.0750165 0.00358994 0.746835
 -0.110878 0.0159944 0.780789
 -0.115221 0.0400638 0.775988
 -0.121551 0.0751418 0.76899
 -0.124002 0.0889658 0.765955
 -0.1368 0.0190722 0.775783
 -0.134683 0.0427867 0.773489
 -0.130099 0.0784703 0.762577
 -0.127087 0.101911 0.755409
 -0.161697 0.0158137 0.771454
 -0.16017 0.0317406 0.769344
 -0.155662 0.071356 0.760315
 -0.153505 0.0900393 0.755893
 -0.187724 0.00148009 0.768616
 -0.190126 0.0172433 0.765866
 -0.19623 0.0573029 0.758878
 -0.197762 0.0682065 0.756164
 -0.193178 0.0372731 0.762372
 -0.157916 0.0515483 0.764829
 -0.132391 0.0606285 0.768033
 -0.118386 0.0576028 0.772489
