 -0.0992619 -0.0451639 0.780802
 -0.0995856 -0.102865 0.788956
 -0.0579326 -0.076488 0.757255
 -0.0531389 -0.0615198 0.72536
 -0.0531261 -0.0517301 0.697916
 -0.0588085 -0.00538649 0.778731
 -0.0530923 0.0100001 0.759974
 -0.0481285 0.012909 0.724108
 -0.0461714 0.0140321 0.709922
 -0.0845742 0.0002896 0.772534
 -0.0805217 0.017408 0.756328
 -0.075857 0.0225701 0.719382
 -0.0727928 0.025961 0.695112
 -0.10996 0.000101742 0.769208
 -0.107148 0.0100659 0.756828
 -0.10095 0.0241502 0.718954
 -0.098208 0.029112 0.700484
 -0.137638 -0.00799575 0.772146
 -0.135287 0.00787679 0.770061
 -0.131504 0.0035269 0.729347
 -0.131084 -0.00147582 0.719179
 -0.133396 0.00570184 0.749704
 -0.104049 0.0171081 0.737891
 -0.0781893 0.019989 0.737855
 -0.0506104 0.0114545 0.742041
