 -0.106053 -0.0373969 0.819152
 -0.0940155 -0.0943813 0.821115
 -0.0540612 -0.0534814 0.810135
 -0.0506921 -0.038935 0.777865
 -0.0527676 -0.0336248 0.749291
 -0.0780236 0.00982415 0.833558
 -0.0754602 0.0341527 0.828783
 -0.0646445 0.0588158 0.804406
 -0.060059 0.0675658 0.793978
 -0.103437 0.0116302 0.822936
 -0.107669 0.0351666 0.822437
 -0.108779 0.0704735 0.809569
 -0.104917 0.0882455 0.792862
 -0.123468 0.00445451 0.808313
 -0.117972 0.0130072 0.795778
 -0.102263 0.00956317 0.758194
 -0.103325 -0.00968241 0.759514
 -0.148649 -0.00830318 0.802773
 -0.155048 0.00592935 0.798496
 -0.168661 0.0413785 0.782719
 -0.17235 0.0511295 0.778258
 -0.161854 0.0236539 0.790607
 -0.110118 0.0112852 0.776986
 -0.108224 0.05282 0.816003
 -0.0700524 0.0464843 0.816594
