 -0.111291 -0.0802412 0.740624
 -0.123002 -0.0245568 0.753196
 -0.0722035 -0.0413496 0.784213
 -0.0443528 -0.0584599 0.798209
 -0.0215682 -0.0725086 0.809719
 -0.0638217 -0.11114 0.736751
 -0.0547485 -0.133945 0.74109
 -0.0416428 -0.167126 0.74793
 -0.0369754 -0.179878 0.752611
 -0.0882613 -0.123002 0.732432
 -0.0824057 -0.145958 0.72914
 -0.0732021 -0.18204 0.723965
 -0.0671564 -0.205742 0.720567
 -0.113874 -0.128418 0.728785
 -0.111925 -0.144024 0.725168
 -0.106987 -0.18356 0.716015
 -0.104654 -0.202245 0.71169
 -0.14153 -0.123293 0.727927
 -0.144254 -0.139239 0.72758
 -0.151181 -0.179764 0.72683
 -0.153123 -0.190898 0.727761
 -0.147718 -0.159501 0.727205
 -0.109456 -0.163792 0.720591
 -0.0778039 -0.163999 0.726552
 -0.0481956 -0.150536 0.74451
