 -0.0734407 0.0133318 0.736777
 -0.125206 0.0021376 0.761089
 -0.098641 -0.04674 0.737211
 -0.0836044 -0.065511 0.711022
 -0.0728362 -0.0796577 0.687937
 -0.0241364 -0.0145918 0.73326
 -0.0126109 -0.0223049 0.712549
 0.00418611 -0.0335456 0.682367
 0.00255473 -0.0396604 0.669472
 -0.0283064 0.00804104 0.719676
 -0.0140084 0.0018608 0.701524
 0.0034107 -0.00981454 0.670321
 0.0148469 -0.0174861 0.649821
 -0.0359791 0.0350421 0.712257
 -0.0246227 0.0430822 0.704081
 -0.00879872 0.0490671 0.666866
 -0.00134108 0.0518755 0.649266
 -0.0531577 0.0547248 0.708417
 -0.0417259 0.0606915 0.698643
 -0.0133472 0.0750621 0.672586
 -0.00748118 0.0770205 0.66308
 -0.0275365 0.0678768 0.685614
 -0.0167107 0.0460747 0.685473
 -0.00529887 -0.00397687 0.685923
 -0.00421237 -0.0279252 0.697458
