 -0.0969936 -0.028634 0.814631
 -0.092421 -0.0860526 0.823472
 -0.0506251 -0.0506009 0.805882
 -0.0298916 -0.0236547 0.795473
 -0.0136423 -0.00174377 0.785233
 -0.060537 0.0148789 0.815374
 -0.0547956 0.0265852 0.794132
 -0.0464285 0.0436253 0.763162
 -0.0431198 0.0503635 0.750916
 -0.0860962 0.0192731 0.809542
 -0.0822446 0.0424338 0.804974
 -0.0752851 0.0771392 0.792305
 -0.0707092 0.0999259 0.783955
 -0.111198 0.017484 0.805562
 -0.108836 0.0333496 0.803786
 -0.102851 0.0735389 0.799289
 -0.100023 0.0925322 0.797163
 -0.137927 0.00458298 0.802376
 -0.14412 0.0180942 0.79598
 -0.158539 0.0507828 0.775623
 -0.162515 0.0597974 0.770009
 -0.151329 0.0344385 0.785802
 -0.105843 0.0534442 0.801538
 -0.0787649 0.0597865 0.798639
 -0.050612 0.0351053 0.778647
