 -0.0971781 -0.0393885 0.822074
 -0.0927676 -0.0973112 0.826709
 -0.0521087 -0.0659315 0.798216
 -0.0459656 -0.0481887 0.768021
 -0.0476489 -0.0388079 0.740486
 -0.060421 0.00378231 0.824939
 -0.0557239 0.0267942 0.816594
 -0.0479926 0.0537878 0.79355
 -0.0449319 0.0643922 0.784357
 -0.086515 0.00878533 0.820381
 -0.0845449 0.0325582 0.818624
 -0.0805761 0.0689533 0.810077
 -0.0779417 0.0928128 0.804274
 -0.111872 0.00727377 0.815744
 -0.110966 0.0230761 0.812595
 -0.108263 0.0624561 0.801958
 -0.106982 0.0810587 0.796903
 -0.138188 -0.00518544 0.813275
 -0.138774 0.00837873 0.804473
 -0.137152 0.0322876 0.771057
 -0.136156 0.0363577 0.76052
 -0.137963 0.0203332 0.787765
 -0.109615 0.0427661 0.807277
 -0.0825605 0.0507558 0.81435
 -0.0518582 0.040291 0.805072
