 -0.0856596 -0.0899007 0.637323
 -0.0283275 -0.0978422 0.630545
 -0.0581877 -0.0890269 0.678305
 -0.0822542 -0.0832925 0.703844
 -0.102025 -0.0782071 0.724634
 -0.120847 -0.0891602 0.681868
 -0.139573 -0.0732369 0.677738
 -0.166554 -0.0496462 0.671825
 -0.175116 -0.0382293 0.67019
 -0.12973 -0.0828412 0.657186
 -0.148412 -0.069608 0.664115
 -0.158511 -0.0342401 0.671894
 -0.164554 -0.010818 0.676872
 -0.127709 -0.0767526 0.631061
 -0.126427 -0.060788 0.633046
 -0.0874994 -0.0623747 0.620661
 -0.0824695 -0.0805305 0.616379
 -0.126748 -0.0802448 0.603447
 -0.139924 -0.0727659 0.609127
 -0.173409 -0.0537596 0.623563
 -0.182644 -0.0485181 0.627544
 -0.156667 -0.0632628 0.616345
 -0.106963 -0.0615813 0.626853
 -0.153461 -0.0519241 0.668005
 -0.153063 -0.0614415 0.674781
