 0.0425602 0.00167701 0.402312 197 0.0493397 0.045197 0.422132 3
 0.0202715 0.0177818 0.390453 200
 0.00428629 3.27878e-005 0.380683 200
 0.00477945 -0.0220302 0.376751 76 0.00283527 -0.00506334 0.380166 49 0.00352777 -0.00928127 0.379181 48
 0.0168678 -0.0316027 0.393708 105 0.0118131 -0.0280884 0.383099 91 0.0163501 -0.035937 0.428281 2
 0.00482912 -0.0437775 0.371815 91 0.0241354 -0.0532845 0.3862 54 0.0214826 -0.047385 0.387394 42
 0.0270999 -0.0738459 0.377611 164 0.0196235 -0.0293462 0.387825 22 -0.00168076 -0.0460591 0.368365 9
 0.0334994 -0.0441341 0.398113 200
 0.0380605 -0.0669332 0.383569 154 0.0454458 -0.0697096 0.390043 45 0.00517828 -0.00198248 0.365696 1
 0.0458576 -0.0842081 0.380583 179 0.0285706 -0.0793512 0.362816 21
 0.0526389 -0.0390481 0.401268 193 0.0183743 -0.0201308 0.395727 4 0.0657831 -0.0430096 0.452543 3
 0.0537496 -0.0614412 0.392432 80 0.0523022 -0.0616981 0.387917 60 0.0560829 -0.0616195 0.400149 59
 0.0487355 -0.0806221 0.379981 198 0.0783784 -0.054742 0.39376 2
 0.0742501 -0.0278645 0.398912 197 0.0860333 0.000128331 0.429006 2 0.0873374 -0.0223181 0.45422 1
 0.0810266 -0.0517096 0.396841 200
 0.0841471 -0.0661796 0.389716 198 0.0769319 0.00485746 0.404995 2
