 0.0645709 0.0332048 0.401627 200
 0.0326575 0.0472331 0.384735 200
 0.00678953 0.030194 0.380166 200
 -0.0142877 0.0168461 0.375528 173 -0.0177977 0.009692 0.420384 10 0.0171267 -0.0592261 0.387112 10
 0.0338636 -0.0189989 0.393903 200
 0.0260841 -0.0475052 0.382352 188 0.0555277 -0.0591019 0.39507 7 -0.0145421 0.0240258 0.383146 4
 0.0199642 -0.0655366 0.380918 184 0.0574732 -0.0765274 0.398336 8 -0.0290996 0.0175008 0.382956 7
 0.0585367 -0.0244221 0.400406 199 0.0570311 -0.0491156 0.442079 1
 0.0590661 -0.0589775 0.393696 200
 0.0592541 -0.078422 0.390891 198 0.02573 -0.0284821 0.416633 2
 0.0785661 -0.0148298 0.401414 199 0.085013 0.0132697 0.395281 1
 0.0820753 -0.0470182 0.400782 200
 0.0833673 -0.0674773 0.398117 198 0.0566217 -0.0882032 0.394594 2
 0.101733 -0.0029144 0.408241 200
 0.113525 -0.0263679 0.413566 200
 0.120495 -0.0406119 0.409383 200
