 0.0406706 0.0191407 0.416654 200
 0.0128833 0.025225 0.389318 200
 -0.0106449 0.0109921 0.391107 200
 -0.0219376 -0.00930457 0.375479 194 -0.0306428 -0.0168667 0.41852 6
 0.0115277 -0.034519 0.40231 198 -0.0044063 -0.000343434 0.368281 2
 0.0061292 -0.0624671 0.389212 196 -0.0171564 -0.010874 0.367956 4
 0.00343533 -0.0768562 0.383416 198 -0.0244648 -0.0170547 0.371426 2
 0.0345139 -0.0354633 0.406862 194 0.0626003 -0.0225442 0.429123 4 0.00312474 0.00280943 0.401919 2
 0.0389967 -0.0460924 0.390816 139 0.00960575 -0.0473584 0.392962 47 0.0851111 -0.0496274 0.4023 8
 0.00733162 -0.0639317 0.385613 85 0.0401145 -0.0539436 0.387917 72 0.0908243 -0.0527404 0.406464 8
 0.0511116 -0.0233499 0.404386 200
 0.0513416 -0.0274764 0.384216 181 0.00438967 -0.0598714 0.402872 8 0.0738491 -0.0239235 0.427635 5
 0.0476236 -0.00521369 0.384506 127 0.0555133 -0.0392358 0.383208 30 0.0420487 -0.0497658 0.387292 25
 0.0722058 -0.0129427 0.411667 198 0.0431952 -0.0212685 0.385928 2
 0.0854684 -0.0421658 0.413925 198 0.074165 0.00122761 0.404146 2
 0.0918033 -0.05604 0.406124 197 0.0902365 -0.0237846 0.429485 2 0.0898208 -0.0262729 0.425036 1
