 0.0467933 0.0273421 0.406358 200
 0.016183 0.0381707 0.391733 200
 -0.0123993 0.0201391 0.39224 200
 -0.0318634 0.00178729 0.388062 173 0.0022834 -0.0675685 0.383829 16 0.00263966 -0.0704882 0.415826 7
 0.0159884 -0.0283322 0.391739 199 0.0144171 -0.0309595 0.42726 1
 0.0122962 -0.0554803 0.380846 200
 0.0117886 -0.0682408 0.376535 182 0.0495533 -0.0741127 0.408596 12 0.0487605 -0.0740517 0.391827 4
 0.0392962 -0.0283938 0.39088 200
 0.0465724 -0.0567457 0.381861 190 0.0450943 -0.00127966 0.379005 8 0.0489949 -0.0228731 0.382966 2
 0.047655 -0.0704396 0.363845 73 0.045093 -0.0692769 0.358472 43 0.0492789 -0.0712052 0.370689 36
 0.0597157 -0.0176519 0.390561 200
 0.0645862 -0.0473311 0.384722 191 0.0615872 -0.00319248 0.381507 8 0.102817 -0.0270753 0.419506 1
 0.0654135 -0.0618916 0.376587 183 0.0588541 -0.0295378 0.393795 7 0.051835 0.00750765 0.388002 4
 0.084651 -0.00687448 0.409991 195 0.060698 -0.0495204 0.387079 4 0.11262 -0.0243062 0.442636 1
 0.0957075 -0.0229164 0.407407 198 0.102107 -0.0166069 0.441423 2
 0.107557 -0.0385196 0.400874 200
