 0.05869 0.0203517 0.416647 199 0.0705708 0.080201 0.456753 1
 0.0364687 0.0234566 0.390757 200
 0.03574 0.00234935 0.383641 122 0.0241382 -0.049848 0.391902 78
 0.057336 -0.00472406 0.372785 139 0.0184903 -0.062138 0.397643 43 0.0466222 0.0139702 0.383294 17
 0.0282957 -0.0330323 0.403468 195 0.0657242 -0.0425092 0.394994 4 0.0258061 -0.0266342 0.446684 1
 0.0207672 -0.0585278 0.391593 176 0.0572591 -0.0657571 0.387739 22 0.0592487 -0.0805016 0.426561 2
 0.0156421 -0.0767583 0.384356 173 0.0550429 -0.073319 0.374309 20 0.0131424 -0.0782245 0.411916 4
 0.0512222 -0.0366542 0.403666 200
 0.0548013 -0.0645571 0.391845 187 0.0466552 -0.0259854 0.392692 8 0.0608319 -0.0796601 0.43893 4
 0.0563697 -0.0764619 0.393084 117 0.0550725 -0.0762135 0.388923 72 0.0527105 -0.0754599 0.381037 5
 0.0642325 -0.0225876 0.398254 196 0.0679567 -0.0375012 0.443411 3 0.0405287 0.0157661 0.385944 1
 0.0687161 -0.0414947 0.392601 100 0.0633178 -0.0159652 0.38022 92 0.0661425 -0.0306478 0.387529 4
 0.0573149 0.000230764 0.374047 145 0.0692783 -0.0504474 0.384306 31 0.0637087 -0.0619199 0.407094 6
 0.0802497 -0.00723957 0.405254 173 0.0751177 -0.035872 0.391326 20 0.100971 -0.0144004 0.441234 3
 0.072995 -0.00501175 0.391026 198 0.08588 -0.0164803 0.438534 1 0.0536394 -0.0599308 0.419789 1
 0.0783984 0.00763168 0.396274 163 0.0747916 -0.0313777 0.389744 33 0.0736227 -0.0204603 0.389161 2
