 0.0682737 0.0245559 0.412103 200
 0.0349128 0.031428 0.401896 200
 0.00986197 0.0090335 0.401351 200
 -0.00826639 -0.00569821 0.400879 193 0.0467186 -0.0421627 0.403679 4 0.0323344 -0.0739548 0.387039 3
 0.04621 -0.032071 0.394108 200
 0.0413168 -0.0627411 0.380331 180 0.0439861 -0.0662991 0.417949 7 0.0798389 -0.0670923 0.386471 3
 0.0371615 -0.0784739 0.377412 182 0.0364139 -0.0741006 0.445045 6 0.0405161 -0.0394303 0.388663 4
 0.0716247 -0.0312366 0.396048 199 0.0732643 -0.0759187 0.427895 1
 0.0785246 -0.0673756 0.388036 190 0.0984196 -0.0429437 0.386996 10
 0.0832639 -0.0843731 0.383598 173 0.107385 -0.0642703 0.380003 24 0.119545 -0.0908518 0.418483 2
 0.0925147 -0.0161373 0.396493 200
 0.0991383 -0.0407532 0.389024 200
 0.107415 -0.065631 0.388453 198 -0.00214578 -0.00435705 0.402008 2
 0.113617 -0.000745554 0.400854 200
 0.130764 -0.0162267 0.395304 198 0.147305 -0.0188124 0.45559 2
 0.142566 -0.0245581 0.388194 186 0.10582 -0.0597484 0.392186 11 0.159366 -0.0304375 0.447146 2
