 0.0499546 0.0278993 0.40671 200
 0.0206623 0.0399157 0.391135 200
 -0.00958311 0.0212214 0.391425 200
 -0.0300193 0.00662276 0.389697 180 -0.0334929 0.000460381 0.432072 20
 0.0193511 -0.0278661 0.390773 200
 0.015509 -0.0530187 0.388364 195 0.02636 -0.0191656 0.387118 5
 0.0147346 -0.0716205 0.395355 197 0.0474996 -0.0754693 0.401746 2 -0.0431017 -0.00525302 0.431649 1
 0.0417859 -0.0317038 0.400251 200
 0.0438731 -0.0632716 0.399536 200
 0.0443368 -0.0837417 0.395247 195 0.0526959 -0.0564382 0.384109 3 0.0341779 -0.0528091 0.412629 2
 0.0610487 -0.0209472 0.398896 196 0.0855295 -0.016808 0.408954 4
 0.0646177 -0.0497953 0.399173 192 0.0698525 -0.0135633 0.399504 8
 0.0651283 -0.0704804 0.40194 200
 0.084559 -0.00847056 0.409438 200
 0.0964392 -0.0299095 0.412496 200
 0.104449 -0.0450618 0.41078 197 0.0665469 -0.055223 0.400638 3
