 0.044441 0.0128607 0.402323 200
 0.0213071 0.0223164 0.38876 200
 0.00872204 0.00662637 0.376919 200
 0.0199745 -0.0126537 0.37539 89 0.0106877 -0.00415921 0.359099 79 0.0148002 -0.00755936 0.367238 28
 0.0182178 -0.0233477 0.383971 200
 0.0207601 -0.0288296 0.370585 196 0.0423145 -0.0568072 0.39138 4
 0.0198989 -0.0332499 0.370612 200
 0.0400299 -0.0270597 0.391589 200
 0.0318484 -0.0333192 0.374234 198 0.031498 -0.0479118 0.442594 2
 0.0341237 -0.0110125 0.370215 133 0.0294523 -0.0497515 0.380991 58 0.0278306 -0.00801257 0.339929 6
 0.0529403 -0.0192869 0.392251 198 0.0567965 -0.0354744 0.442682 2
 0.0485467 -0.0224274 0.37105 200
 0.0481647 -0.0015299 0.374903 157 0.0576953 -0.0334279 0.37731 22 0.0275017 -0.0432023 0.378355 9
 0.0698053 -0.00778484 0.398307 200
 0.0640633 -0.00952175 0.384176 200
 0.0640676 0.00658784 0.389416 166 0.064237 -0.0248195 0.378463 30 0.0637948 -0.019334 0.379424 4
