 0.0441792 0.0303439 0.408458 200
 0.0241614 0.0378304 0.389205 200
 0.0161256 0.0223206 0.379163 200
 0.0222228 0.0118059 0.36082 200
 0.0179285 -0.00713821 0.384716 91 0.0375541 -0.00835356 0.389006 54 0.0148758 0.014015 0.366389 31
 0.023514 -0.0152001 0.367181 110 0.0220488 -0.0207711 0.367517 90
 0.0204314 -0.00884803 0.369727 133 0.0205433 -0.00479681 0.370061 67
 0.0371298 -0.00838649 0.392374 194 0.034749 -0.0119695 0.412376 6
 0.0297509 -0.00870434 0.368205 200
 0.0321248 0.0106671 0.365654 111 0.0213906 -0.0205354 0.369455 87 0.0254837 -0.0258291 0.387725 2
 0.0538134 0.000327585 0.39142 200
 0.0497793 0.00419292 0.371676 200
 0.0473746 0.0203505 0.377466 173 0.0417589 -0.015171 0.386087 13 0.042994 -0.0166273 0.39221 12
 0.0701859 0.0109523 0.396376 200
 0.064014 0.0158007 0.38421 200
 0.0644813 0.0252474 0.390306 194 0.0668258 -0.00349932 0.413425 6
