 0.0404738 0.0233631 0.403028 200
 0.0138119 0.0282779 0.389703 200
 -0.0138158 0.00456785 0.411265 112 -0.0124852 0.0069194 0.401984 88
 -0.0258467 -0.0139433 0.422437 200
 0.0189166 -0.025376 0.396397 158 -0.00290638 0.0182493 0.416701 40 0.014666 -0.0228123 0.433554 2
 0.0258891 -0.0294041 0.386672 164 -0.0137619 -0.00413944 0.409846 36
 0.0215362 -0.0318597 0.38821 185 -0.0184755 -0.00578987 0.413024 15
 0.0418269 -0.0240119 0.402489 200
 0.04245 -0.0327849 0.391596 200
 0.0397615 -0.0256765 0.38165 197 0.0362982 0.0225275 0.388372 2 0.053708 -0.0043828 0.40273 1
 0.0561783 -0.0121838 0.403204 199 0.0662522 -0.0264652 0.434239 1
 0.0569727 -0.0256348 0.393245 186 0.00640776 -0.0308073 0.387682 12 0.0857306 -0.033351 0.461742 2
 0.0565231 -0.0240888 0.390281 181 0.0150444 -0.0270873 0.381137 17 0.0385136 -0.0430551 0.399612 2
 0.0734593 0.000362683 0.404963 198 0.0861775 -0.017741 0.437374 1 0.0884093 0.0236353 0.464098 1
 0.0765858 -0.0150027 0.408604 199 0.102208 0.00661365 0.462822 1
 0.0803811 -0.0203282 0.409532 198 0.0936589 -0.0254118 0.467407 2
