 0.0297757 0.0407506 0.374049 200
 0.000162094 0.0503027 0.358726 196 0.0282955 0.0433754 0.368985 4
 -0.0278541 0.0293195 0.35551 200
 -0.0469407 0.0129378 0.353259 197 -0.0394969 0.0144395 0.387502 2 -0.00829181 -0.0341015 0.350182 1
 0.00318148 -0.0163281 0.36074 200
 -0.00348692 -0.0429364 0.347087 192 0.0344322 -0.0505548 0.356349 8
 -0.00850746 -0.0598317 0.345368 192 0.0384069 -0.0684776 0.356222 7 -0.0658753 -0.000249292 0.384649 1
 0.0297734 -0.0181003 0.366032 198 0.012814 -0.032874 0.354593 2
 0.0324014 -0.0510867 0.356228 198 0.0741792 -0.0603497 0.398211 2
 0.0335412 -0.0698785 0.353452 194 0.0795466 -0.0725587 0.390537 4 0.0508035 -0.0645568 0.392824 2
 0.0496988 -0.00720014 0.36918 200
 0.0577132 -0.0362078 0.362004 200
 0.0639468 -0.0553271 0.36038 199 0.0405541 -0.0748335 0.35908 1
 0.069907 0.00988394 0.376064 200
 0.085004 -0.00876492 0.372967 200
 0.095376 -0.0239828 0.365182 196 0.0627328 -0.0687053 0.36432 3 0.106091 -0.0223764 0.388833 1
