 0.0388019 0.0183591 0.405038 200
 0.00887893 0.0298589 0.394181 200
 -0.0202886 0.0116116 0.406993 200
 -0.0416957 -0.00544339 0.42381 123 -0.0409633 -0.00594142 0.419706 71 -0.0134686 -0.077678 0.397885 6
 0.00361269 -0.0366145 0.394857 200
 -0.00178916 -0.0610124 0.385118 178 0.025352 -0.0688549 0.391785 10 -0.00461041 -0.0649816 0.417849 8
 -0.00812456 -0.0785904 0.384429 185 0.0260864 -0.0865849 0.394452 11 -0.0131409 -0.0837951 0.417976 4
 0.0280136 -0.0370042 0.400401 196 0.0255684 -0.0476976 0.42901 4
 0.0290407 -0.0702948 0.388561 199 0.0632223 -0.0765806 0.445053 1
 0.0300363 -0.0879261 0.383562 190 0.099065 -0.0515988 0.400385 10
 0.0480133 -0.0267086 0.40006 200
 0.0504279 -0.0574704 0.396922 200
 0.0524991 -0.0761222 0.393272 200
 0.0705653 -0.0157797 0.404015 195 0.0584141 -0.0493716 0.406286 2 0.0789717 -0.00237848 0.443758 2
 0.0831429 -0.0328077 0.406278 200
 0.0947443 -0.0466324 0.405704 200
