 0.04845 0.00756162 0.434331 200
 0.0190715 0.018751 0.418323 200
 -0.0121583 -0.000296221 0.426255 200
 -0.0313951 -0.0146569 0.42515 197 0.0115806 -0.0779302 0.432948 3
 0.0195657 -0.0465491 0.432512 200
 0.0138341 -0.0723885 0.426202 198 -8.76188e-005 0.00412725 0.431964 2
 0.00885648 -0.0905095 0.427394 196 0.00058489 -0.0708324 0.453285 2 -0.0435079 -0.0139993 0.421369 2
 0.044302 -0.0500922 0.439218 200
 0.0478621 -0.0838627 0.431576 200
 0.0486239 -0.102566 0.430629 200
 0.0643215 -0.0398055 0.437108 200
 0.0696168 -0.0678643 0.437986 200
 0.073513 -0.0880533 0.437682 200
 0.0871409 -0.0264361 0.439629 198 0.0784415 -0.0612596 0.456286 2
 0.0991251 -0.0435227 0.442844 200
 0.110655 -0.0560904 0.439032 200
