 0.0666941 0.0161536 0.416004 200
 0.0420162 0.0255025 0.395778 197 0.0461028 -0.0105114 0.406253 3
 0.0336936 -0.0346738 0.417666 54 0.0420636 -0.0136807 0.407834 46 0.034391 0.00340182 0.390653 28
 0.0273747 -0.0586734 0.415478 71 0.0262891 -0.0620531 0.40808 63 0.0248991 -0.0681737 0.44316 23
 0.0361021 -0.0357649 0.416153 191 0.0640641 -0.0666402 0.428647 7 0.0502089 -0.047204 0.445352 2
 0.0306171 -0.0588865 0.408083 178 0.0620365 -0.0588816 0.413264 14 0.0312675 -0.0635743 0.444918 2
 0.0263849 -0.0737077 0.400918 148 0.0659274 -0.0799726 0.412582 30 0.0265466 -0.0786429 0.434963 18
 0.0619563 -0.0367498 0.41016 200
 0.066542 -0.0683104 0.407212 199 0.0904434 -0.0477654 0.391572 1
 0.0694866 -0.0845853 0.402568 185 0.0855346 -0.0811647 0.372368 12 0.100308 -0.0913856 0.41783 3
 0.0783769 -0.0235873 0.413009 199 0.101869 -0.0571025 0.450224 1
 0.084776 -0.0556085 0.399557 180 0.0837147 -0.0179411 0.406361 16 0.102162 -0.0545536 0.451139 4
 0.0875541 -0.0698793 0.394403 129 0.0876851 -0.0711894 0.390429 70 0.0751441 -0.0320219 0.407084 1
 0.0973517 -0.0106823 0.419589 199 0.104387 -0.0359775 0.447563 1
 0.104502 -0.029916 0.416643 198 0.11466 -0.0393561 0.460287 2
 0.106028 -0.0446725 0.402388 189 0.110395 -0.0520361 0.438867 7 0.0691759 -0.0834473 0.397662 2
