 0.0604591 0.0191228 0.413918 200
 0.0300096 0.0275259 0.403992 200
 0.00312136 0.00843521 0.411659 200
 -0.0142006 -0.014409 0.408238 195 -0.0192693 -0.0139446 0.452052 5
 0.0315073 -0.0370868 0.40089 200
 0.0264359 -0.0608745 0.387824 196 -0.00017411 -0.00817241 0.403071 4
 0.0221506 -0.0753304 0.378073 150 0.057883 -0.0780798 0.395832 23 -0.0201293 -0.0226394 0.399135 20
 0.0561169 -0.0377426 0.409605 200
 0.0585732 -0.0702187 0.39037 200
 0.0592909 -0.0870313 0.384528 198 0.0696406 -0.0497213 0.40739 2
 0.0740778 -0.0277869 0.407622 200
 0.0766242 -0.0567202 0.389917 200
 0.078455 -0.0750433 0.386529 200
 0.098538 -0.0156666 0.41575 200
 0.10702 -0.0377659 0.409719 199 0.0777542 -0.0856666 0.424967 1
 0.112799 -0.0516009 0.402677 199 0.080063 -0.0944694 0.411618 1
