 0.0473273 0.0272563 0.403307 198 0.0553555 -0.00490642 0.398095 2
 0.0209251 0.0390979 0.383052 200
 -0.00144268 0.0223381 0.372836 199 0.0310876 -0.0171962 0.381092 1
 -0.0102406 0.0125386 0.355855 135 -0.00406982 -0.0645156 0.392909 65
 0.0118975 -0.026351 0.387925 200
 0.00364638 -0.0513415 0.381719 200
 -0.000971842 -0.067008 0.384356 200
 0.035305 -0.0314665 0.400654 200
 0.0363009 -0.0609408 0.403519 196 0.0369186 -0.075789 0.435038 4
 0.0372906 -0.0774404 0.404508 197 -0.00176248 -0.0603752 0.379267 2 0.045453 -0.00669802 0.379596 1
 0.0581913 -0.0194548 0.396448 200
 0.0570854 -0.049257 0.403393 198 0.0443049 -0.0221157 0.394349 1 0.0251402 -0.0539403 0.431538 1
 0.0593378 -0.0667513 0.407459 198 0.0292491 -0.0718917 0.426529 2
 0.0794539 -0.0077791 0.404551 192 0.0530248 -0.000120116 0.394428 8
 0.0915444 -0.026426 0.407086 200
 0.10168 -0.04033 0.408842 191 0.0718336 -0.0812078 0.444306 5 0.0601833 -0.0755293 0.40677 2
