 0.049742 0.0259124 0.394399 200
 0.0279375 0.0388712 0.382682 200
 0.0129582 0.0102138 0.384828 200
 0.012335 -0.0107374 0.386294 200
 0.0220548 -0.0225532 0.394989 200
 0.0243398 -0.0480282 0.381525 200
 0.0277436 -0.0629155 0.378255 132 0.0191102 -0.0261304 0.387919 42 0.021825 -0.037017 0.372002 25
 0.0387729 -0.0281347 0.395249 200
 0.040365 -0.0513758 0.381952 194 0.0651047 -0.0623699 0.379672 6
 0.0416295 -0.0737592 0.382467 200
 0.0587755 -0.0176834 0.390114 200
 0.0567464 -0.0468753 0.385124 200
 0.0542035 -0.0627901 0.384955 190 0.0613232 0.0139558 0.386895 10
 0.0745347 -0.0129601 0.393298 199 0.0887588 0.017635 0.417048 1
 0.0729386 -0.0271882 0.392447 200
 0.0736346 -0.0436523 0.386759 187 0.0819501 0.0312012 0.382587 11 0.0896152 0.0426422 0.414995 2
