 0.0646107 0.0319677 0.395022 200
 0.0296295 0.0456162 0.381521 198 0.0626643 0.03506 0.393745 2
 0.00314508 0.0263836 0.380298 200
 -0.0167926 0.0130939 0.378773 186 0.0181128 -0.0626999 0.3852 14
 0.0364213 -0.0206536 0.386228 200
 0.0294317 -0.0494943 0.377568 190 0.0609765 -0.0506609 0.388861 8 -0.0168536 0.0181834 0.373463 2
 0.0223734 -0.0670778 0.375943 165 0.0659314 -0.0780685 0.390647 27 -0.0297358 0.0142875 0.37913 7
 0.0609588 -0.024038 0.391794 198 0.0610086 -0.0381474 0.428428 2
 0.0651743 -0.0609025 0.390358 196 0.0647925 -0.0336235 0.41932 2 0.0963264 -0.0652062 0.405053 1
 0.0673832 -0.0782474 0.387408 196 0.133687 -0.0365788 0.393973 2 0.0740776 -0.0702469 0.4492 1
 0.081404 -0.0121756 0.392138 200
 0.0876441 -0.0448289 0.396643 200
 0.0904302 -0.0658051 0.395464 195 0.0772216 -0.0374615 0.398829 4 0.0937319 -0.0608454 0.451074 1
 0.10481 0.00209677 0.399419 198 0.0923012 -0.0306697 0.400286 2
 0.119741 -0.0174701 0.401339 199 0.0862783 -0.045055 0.393188 1
 0.130427 -0.0300258 0.399001 200
