 0.0372106 0.0284183 0.383499 199 0.0313022 0.0555905 0.40384 1
 0.0166326 0.0369021 0.355973 198 0.0420837 0.0477314 0.371407 2
 0.0120792 0.0200336 0.348514 197 0.0146074 0.13418 0.459013 3
 0.0268263 0.0089298 0.345541 187 0.0129122 -0.0496039 0.369294 9 0.0179886 -0.0730833 0.356556 2
 0.0140226 -0.0259366 0.364565 189 0.0104642 -0.0199629 0.404727 10 0.0113935 -0.0199964 0.389296 1
 0.0179765 -0.0463386 0.350808 200
 0.0174744 -0.0659996 0.349882 200
 0.0286911 -0.0114485 0.358186 200
 0.031151 -0.00988276 0.343804 130 0.0305093 -0.0195326 0.367523 60 0.0309433 -0.0171057 0.361257 6
 0.0251456 0.0108555 0.342527 127 0.0321745 0.000612022 0.366091 63 0.0184152 -0.0592195 0.360628 10
 0.0484002 -0.00245384 0.365156 200
 0.0437417 -0.00549127 0.344431 186 0.025998 0.0239628 0.325578 14
 0.0404806 0.0155153 0.344688 195 0.0288676 -0.0252636 0.346295 5
 0.0646735 0.00271252 0.370727 199 0.0612557 0.114365 0.453411 1
 0.0602933 0.00510773 0.358077 199 0.0511365 0.121745 0.442535 1
 0.0593623 0.019292 0.360672 179 0.0152329 -0.0647561 0.363783 10 0.0156459 -0.0713985 0.38262 6
