 0.0458784 0.0182891 0.411992 200
 0.018808 0.029403 0.392722 200
 -0.00542178 0.0145103 0.383366 198 0.0109034 -0.0563709 0.404027 2
 -0.0179525 0.00190715 0.367356 146 0.00614068 -0.0694615 0.407124 33 0.025252 0.0015214 0.38452 12
 0.0150989 -0.0335459 0.403744 200
 0.0104842 -0.0590623 0.400456 198 0.0510969 -0.0513242 0.414561 2
 0.00621714 -0.0779782 0.40345 196 -0.0176455 0.0117223 0.349844 4
 0.0372808 -0.0327043 0.402922 200
 0.0453659 -0.0549909 0.398431 188 0.0465543 -0.0521617 0.361613 9 0.046887 -0.0545236 0.368416 3
 0.0487363 -0.0669694 0.371362 53 0.0504462 -0.0668057 0.390323 49 0.0451984 -0.0143964 0.395063 22
 0.0534097 -0.0170174 0.403937 200
 0.05711 -0.0171905 0.389099 189 0.0616233 -0.0463557 0.404971 10 0.0382467 -0.0375176 0.324237 1
 0.0597854 -0.0382998 0.393722 134 0.0511333 -0.00776954 0.384113 49 0.0516469 -0.0121714 0.385895 11
 0.0749775 -0.00962099 0.405305 199 0.0834742 -0.0146375 0.430823 1
 0.0755276 -0.013424 0.39811 200
 0.0708645 0.00275348 0.396665 147 0.0726467 -0.0139034 0.386051 40 0.0526649 0.04084 0.399983 10
