 0.039742 0.00978952 0.410456 200
 0.0182642 0.0219719 0.386828 198 0.0439969 0.0445498 0.392401 2
 0.00880709 0.00817991 0.397134 100 0.00883475 -0.0124696 0.38406 64 0.00896459 -0.00823918 0.3874 27
 0.0141826 -0.0249302 0.373523 108 0.013633 -0.00782422 0.392778 79 0.0141152 -0.0124909 0.388198 7
 0.0128683 -0.0364145 0.395506 110 0.0113814 -0.0181505 0.401285 47 0.0125124 -0.0163802 0.408053 39
 0.0136766 -0.0343609 0.376842 198 0.000204471 -0.0150009 0.425932 2
 0.0132299 -0.0284515 0.380296 198 0.000938632 -0.00580062 0.421435 2
 0.0352278 -0.0388961 0.399797 170 0.0357534 -0.0245175 0.417402 30
 0.0273129 -0.0374904 0.375566 196 0.0499417 -0.0207423 0.392255 3 0.032313 -0.0170186 0.40761 1
 0.0282073 -0.021753 0.37341 198 0.0212027 -0.0591654 0.394087 2
 0.0445679 -0.0322503 0.399572 199 0.0149096 -0.0378783 0.410558 1
 0.044746 -0.0335181 0.378993 197 0.0621464 -0.0110028 0.396963 2 0.014068 -0.0364289 0.388409 1
 0.0437006 -0.0187762 0.379137 200
 0.0651162 -0.0199026 0.404484 200
 0.0621036 -0.0320514 0.394654 200
 0.0564119 -0.0321219 0.388485 122 0.0600825 -0.0149891 0.398275 72 0.0600332 -0.0197768 0.395376 5
