 0.059228 0.0286732 0.409319 200
 0.0283181 0.0392917 0.392919 200
 -0.0016777 0.02212 0.391346 200
 -0.0205754 0.00912492 0.388414 198 0.0133249 -0.0706054 0.406556 2
 0.0297184 -0.0269926 0.400977 200
 0.0235215 -0.0536513 0.392349 180 0.0521501 -0.0588581 0.394406 10 -0.0209655 0.016316 0.396483 6
 0.0178925 -0.0724 0.392207 176 0.0521796 -0.0763274 0.396998 10 -0.0352902 0.0105178 0.397362 10
 0.0536126 -0.0298003 0.404574 199 0.0558172 -0.0422147 0.465825 1
 0.0578098 -0.0661502 0.400853 199 0.0789615 -0.0533385 0.402747 1
 0.0590759 -0.0855631 0.401511 191 0.06012 -0.0901218 0.437847 5 0.0227177 -0.0561543 0.389267 4
 0.0748447 -0.0187888 0.406402 200
 0.0798697 -0.049653 0.406285 200
 0.0834811 -0.069887 0.404958 199 0.0593719 -0.0846546 0.39708 1
 0.0971896 -0.00513126 0.413546 200
 0.111149 -0.0237265 0.415522 196 0.127652 -0.0324873 0.468477 4
 0.124517 -0.0382237 0.413863 196 0.133328 -0.0467697 0.458962 4
