 0.0385079 0.0182013 0.405008 200
 0.00930979 0.0313397 0.394677 200
 -0.0231155 0.0140646 0.410114 200
 -0.0431837 -0.0015656 0.421404 176 -0.0147384 -0.0773835 0.408112 24
 0.00235714 -0.0355212 0.395015 200
 -0.00343327 -0.0593032 0.385939 196 0.0239043 -0.0670748 0.390101 4
 -0.0101277 -0.0773342 0.38774 196 0.0239338 -0.084544 0.392693 4
 0.0271427 -0.0364267 0.399743 200
 0.0278463 -0.0698392 0.389039 200
 0.0292662 -0.0882647 0.385656 196 0.100165 -0.0535575 0.409973 2 0.0361875 -0.101241 0.439786 2
 0.0482749 -0.0272636 0.400358 200
 0.0492746 -0.0566404 0.394975 200
 0.0515123 -0.0761346 0.393139 200
 0.0705091 -0.0145845 0.403369 199 0.078672 -0.00551752 0.44822 1
 0.0828938 -0.0335771 0.405197 200
 0.0933992 -0.0474075 0.403723 200
