 0.0504417 0.0302617 0.404391 200
 0.020579 0.0382378 0.387357 200
 -0.00891017 0.0183468 0.390696 200
 -0.027588 0.00313988 0.395303 194 0.00659397 -0.0682092 0.399566 6
 0.0213557 -0.0286421 0.390706 199 0.0264205 -0.035197 0.439057 1
 0.0162162 -0.0540407 0.383841 198 0.051609 -0.0673976 0.424599 2
 0.0136517 -0.0734003 0.384999 196 0.0516385 -0.0848669 0.427192 2 0.0133839 -0.0880892 0.42276 2
 0.0452684 -0.0295611 0.397921 200
 0.049993 -0.0638915 0.3956 200
 0.051551 -0.0841313 0.396299 199 -0.0400154 -0.00144322 0.399088 1
 0.0690215 -0.0192554 0.4021 200
 0.0725939 -0.0499787 0.402928 200
 0.075773 -0.0700647 0.402365 200
 0.0880914 -0.00558049 0.405783 200
 0.101342 -0.0255851 0.407678 200
 0.1091 -0.0385097 0.405431 200
