 0.0409859 0.0121604 0.408717 200
 0.0184688 0.0113638 0.387118 196 0.0451867 0.0380808 0.396416 4
 0.0113892 -0.0123579 0.378968 93 0.00961737 0.00759066 0.389609 64 0.0108989 -0.00782672 0.380825 27
 0.0170021 -0.0192341 0.376105 117 0.0218627 -0.00719105 0.386447 79 0.0193353 -0.0124187 0.381663 4
 0.0139244 -0.0218994 0.393098 95 0.018951 -0.033036 0.393806 60 0.0157132 -0.0268119 0.393097 45
 0.0118853 -0.0287137 0.378295 147 0.0150418 -0.0319699 0.377987 53
 0.0135253 -0.024851 0.377706 199 -0.00356972 -0.0177345 0.403351 1
 0.0373514 -0.0319354 0.395301 121 0.0361003 -0.0301772 0.391607 79
 0.0308615 -0.0308273 0.37317 199 0.00620518 -0.0289394 0.400393 1
 0.0297097 -0.0142829 0.371986 194 0.0151729 -0.0510662 0.398106 6
 0.0478498 -0.0256337 0.39352 200
 0.0465059 -0.0256289 0.372981 199 0.0224717 -0.0359698 0.409981 1
 0.0451935 -0.00983199 0.375162 197 0.0272816 -0.0545933 0.41312 2 0.0130223 -0.0422978 0.400316 1
 0.0656874 -0.0114973 0.396784 200
 0.0655071 -0.0240472 0.392537 200
 0.0609314 -0.00452072 0.385316 200
