 0.0588094 0.0263195 0.399505 200
 0.0287995 0.0376884 0.395713 200
 -0.00109923 0.0156414 0.399805 200
 -0.0181036 0.000502707 0.394842 195 0.0262424 -0.0715631 0.397918 3 0.0372973 -0.0444022 0.409659 2
 0.0352955 -0.0290116 0.39184 200
 0.0321965 -0.0591907 0.38769 191 0.0621439 -0.0513887 0.376128 8 0.0662688 -0.0652002 0.401208 1
 0.0288051 -0.0765565 0.384336 187 0.0626892 -0.0672856 0.378603 10 -0.0288011 0.00145358 0.387323 2
 0.0601914 -0.0282314 0.38982 200
 0.065867 -0.0616607 0.376711 200
 0.0710895 -0.0809389 0.374256 197 0.109794 -0.0867398 0.412112 2 0.0645273 0.00487707 0.382273 1
 0.0771715 -0.0142751 0.388064 194 0.0921378 -0.0202288 0.413766 4 0.089784 -0.0197327 0.40784 2
 0.0853969 -0.0406172 0.376225 199 0.086927 0.00321924 0.377711 1
 0.0895267 -0.0619401 0.374563 193 0.0705157 -0.0830463 0.382011 4 0.0972914 -0.0751387 0.412956 2
 0.09768 0.0025597 0.388938 198 0.110338 -0.00562641 0.419413 2
 0.109786 -0.0134577 0.380882 178 0.0850865 -0.0529093 0.378631 22
 0.121916 -0.0270072 0.370954 174 0.0881398 -0.0664659 0.369471 26
