 0.0453473 0.0201841 0.414503 200
 0.0172496 0.0284184 0.392648 200
 -0.0090888 0.00960738 0.386075 197 -0.0120673 -0.0038986 0.429643 3
 -0.0236865 -0.0141657 0.384645 184 0.0213553 -0.0577152 0.410456 14 0.0311641 0.0142614 0.394505 2
 0.0197903 -0.0353677 0.4031 200
 0.023141 -0.0560076 0.38791 200
 0.0233986 -0.0660425 0.370274 148 0.0317248 0.00800652 0.384768 18 0.0167508 -0.0533693 0.402338 18
 0.0395502 -0.0253478 0.400498 199 0.00602203 0.00420016 0.392091 1
 0.040124 -0.0140642 0.385571 112 0.0165419 -0.0301426 0.400666 76 0.076182 -0.00427005 0.405918 8
 0.0257759 -0.0505661 0.396516 84 0.0320473 -0.000372231 0.395752 60 0.036907 -0.0201844 0.385265 34
 0.0536481 -0.0179321 0.404276 200
 0.0559679 -0.0145808 0.386218 189 0.0560889 -0.0350893 0.407546 11
 0.0516342 0.000547294 0.390353 187 0.0370983 -0.0496304 0.406783 4 0.0295552 -0.0325941 0.403207 2
 0.0735744 -0.00835361 0.413733 200
 0.0875169 -0.0432377 0.405571 195 0.0857618 -0.00727705 0.443468 3 0.0506298 0.0130846 0.393078 2
 0.0907155 -0.0497983 0.399963 198 0.0604212 -0.0313279 0.389595 2
