 0.0549256 0.0301202 0.393821 200
 0.0300018 0.0420102 0.383605 200
 0.0113343 0.0159488 0.383194 200
 -0.00306465 -0.00602324 0.381276 195 0.0238933 -0.0651458 0.387316 2 0.0336345 -0.0346372 0.382102 2
 0.0260704 -0.0411928 0.388446 167 0.0292113 -0.0184317 0.384062 33
 0.0266286 -0.049449 0.379984 168 0.055455 -0.0638821 0.389232 30 0.0311567 -0.0595557 0.424469 2
 0.0272106 -0.0622627 0.377408 192 0.0118455 -0.0320564 0.384131 4 0.0481809 -0.078037 0.37903 2
 0.0532182 -0.03629 0.390393 183 0.0448726 -0.0113765 0.388085 17
 0.0479731 -0.05153 0.381779 197 0.0410713 -0.0548955 0.408804 2 0.0407791 -0.0477572 0.406688 1
 0.0471554 -0.0733026 0.378427 192 0.0303687 -0.0773885 0.414766 4 0.0505113 -0.0545024 0.410396 2
 0.0677093 -0.0145189 0.388714 200
 0.0650995 -0.0443985 0.387012 198 0.0409107 -0.0575456 0.387643 2
 0.069435 -0.0646239 0.384514 178 0.0731804 0.0323934 0.388884 13 0.0303798 -0.0651284 0.377215 5
 0.0840675 -0.00287828 0.391477 200
 0.0846217 -0.0342619 0.384746 200
 0.0818577 -0.0397865 0.378999 129 0.0854861 0.0335681 0.383463 70 0.0885649 -0.0572351 0.416752 1
