 0.0401027 0.0270795 0.418961 111 0.0400048 0.0185748 0.413302 80 0.0402034 0.0226589 0.4162 7
 0.0220062 0.0365215 0.392704 173 0.0159944 0.0075416 0.395497 24 0.0327487 0.0775402 0.446796 2
 0.0240144 0.0187523 0.385716 72 0.0286544 0.0181525 0.37968 64 0.00597834 -0.0309239 0.399995 31
 0.0130932 -0.0222627 0.405889 58 0.0304231 0.0254002 0.376866 48 -0.00160911 -0.0562797 0.390333 39
 0.0086375 -0.03064 0.401344 107 0.00886923 -0.0265937 0.402969 89 0.0496547 -0.0197763 0.398911 4
 0.00547517 -0.0544371 0.387308 200
 0.000952428 -0.0703874 0.38255 200
 0.035417 -0.0298791 0.405961 200
 0.0408435 -0.0609379 0.393467 194 0.0301406 -0.0184026 0.406285 6
 0.0446888 -0.0778566 0.38513 194 0.0208162 0.0170933 0.364172 3 0.0798135 -0.0681125 0.405062 2
 0.0496499 -0.0149734 0.407597 100 0.0566492 -0.0281505 0.400723 58 0.0528544 -0.0206591 0.405606 32
 0.0611486 -0.0409756 0.392709 168 0.0448855 -0.00691998 0.383025 32
 0.068024 -0.0599026 0.378844 144 0.0376812 0.0195104 0.366794 56
 0.0619841 0.00311635 0.406056 178 0.0628049 -0.0262217 0.406481 9 0.0664659 -0.0336383 0.421078 7
 0.0543738 0.00715776 0.382983 142 0.0642838 -0.0201032 0.417123 16 0.0635291 -0.0493287 0.387543 13
 0.0643523 -0.0555489 0.379863 59 0.0537148 0.0133815 0.392525 49 0.0764497 -0.0201392 0.407022 37
