 0.0347472 0.0353233 0.39814 189 0.0334855 0.00968908 0.359806 4 0.030495 0.0797803 0.422991 4
 0.0164707 0.0376769 0.364623 188 0.00977051 0.000865355 0.378128 4 0.0132252 0.0540763 0.39963 2
 0.0254774 0.0179325 0.353866 163 -0.00158843 -0.0232166 0.387965 15 0.00640106 0.00590103 0.397533 9
 0.025713 0.0314739 0.353421 91 -0.0106315 -0.0564897 0.375596 64 0.0381885 0.0166575 0.350124 26
 0.00236485 -0.0224706 0.382201 199 0.0314976 -0.0496383 0.375773 1
 -0.00589794 -0.0474998 0.373354 200
 -0.0130588 -0.0642349 0.372089 198 -0.00661274 -0.0699512 0.416286 2
 0.027229 -0.0268958 0.38813 192 0.0166274 -0.0559113 0.450575 8
 0.0288224 -0.0602625 0.381219 200
 0.0305332 -0.0786032 0.3814 198 0.027412 -0.0784486 0.42218 2
 0.0457732 -0.016804 0.385569 174 0.0404033 0.0023702 0.372148 20 0.0364024 -0.0504628 0.447863 4
 0.0528185 -0.0494496 0.370518 143 0.038181 -0.000244921 0.353236 48 0.0556492 -0.0552682 0.409399 4
 0.0590011 -0.0639712 0.358994 141 0.0345259 0.0235993 0.346066 50 0.0367294 0.0157634 0.368136 6
 0.0550368 -0.0179101 0.378458 112 0.0561897 0.00653361 0.37722 59 0.0546762 -0.0416212 0.408431 10
 0.05438 -0.0428025 0.369851 107 0.0506005 0.0162046 0.363282 86 0.00445945 0.0329875 0.369787 4
 0.0573642 -0.0600509 0.363569 144 0.0570183 0.0271518 0.37312 53 0.00404108 0.0411833 0.382847 2
