 0.0619312 0.0159367 0.41466 199 0.0664792 -0.0146219 0.408095 1
 0.0330705 0.0298125 0.396187 200
 0.00969845 0.0187201 0.390946 200
 -0.00491393 0.00782019 0.375005 146 -0.0113136 0.00369178 0.413578 36 0.00674016 -0.0655546 0.378274 9
 0.0228382 -0.033838 0.399247 200
 0.0144254 -0.0571027 0.386966 196 0.0254751 -0.0315384 0.404179 4
 0.0077402 -0.0693742 0.37452 197 0.00297289 -0.0715939 0.416307 3
 0.0487732 -0.0394023 0.413449 200
 0.0468884 -0.0706903 0.396334 200
 0.0457884 -0.0883855 0.385984 200
 0.0710678 -0.0302804 0.412542 200
 0.0695956 -0.0604139 0.406171 200
 0.0693934 -0.0797215 0.394509 200
 0.0918452 -0.0189164 0.409758 200
 0.10264 -0.0396202 0.410707 200
 0.109226 -0.0547448 0.402195 196 0.0935917 0.0164099 0.408995 4
