 0.0655398 0.0164278 0.418184 200
 0.0375178 0.0242602 0.400295 199 0.0428261 0.0117661 0.430767 1
 0.0155184 -0.00978205 0.420508 200
 0.00454929 -0.0323022 0.425284 198 0.00277047 -0.0385999 0.469478 2
 0.046604 -0.0255388 0.402942 166 0.0226871 -0.00279639 0.421824 33 0.0476445 -0.0331686 0.437951 1
 0.0490814 -0.0260507 0.390644 88 0.0606177 -0.0436361 0.388765 71 0.00555 -0.0277185 0.41592 15
 0.0427148 -0.0104127 0.391396 67 0.0526374 -0.0267687 0.388889 49 0.0046918 -0.0424005 0.414091 32
 0.0713828 -0.0237935 0.414844 192 0.0331886 -0.00503758 0.396479 8
 0.0736848 -0.0445862 0.393927 170 0.060516 -0.0142482 0.399609 18 0.111927 -0.0423432 0.412134 12
 0.0543087 0.00577958 0.389123 76 0.0723313 -0.0439597 0.38672 61 0.0685969 -0.0374845 0.384205 41
 0.0868665 -0.0142835 0.417507 200
 0.0852092 -0.0382738 0.401263 144 0.0813971 -0.0213256 0.405416 29 0.0871506 -0.0367534 0.405572 27
 0.0878205 -0.0482586 0.393616 52 0.0911548 -0.0190068 0.409212 50 0.0787983 -0.00619839 0.408475 36
 0.102225 -0.00142924 0.424009 200
 0.116145 -0.0412924 0.420898 200
 0.121607 -0.0548264 0.412472 198 0.11938 -0.0205386 0.443229 1 0.108677 -0.0147058 0.423228 1
