 0.0569823 0.0190288 0.417047 200
 0.0290831 0.0252873 0.398979 200
 0.0102822 0.00117341 0.40408 199 0.0040972 -0.00149785 0.466272 1
 -0.00390754 -0.0199804 0.411782 187 0.00682062 -0.000101215 0.423036 6 -0.00730938 -0.0126269 0.454178 4
 0.034351 -0.0258291 0.407584 120 0.00574518 -0.00967359 0.418873 57 0.0144714 0.0143854 0.410851 23
 0.0351885 -0.0229109 0.390348 178 0.00381352 -0.00764478 0.404003 22
 0.0319451 -0.0098249 0.39568 170 0.00239556 -0.0254478 0.401538 24 0.0100092 0.0135114 0.41272 3
 0.0508736 -0.0192161 0.411813 199 0.023899 -0.00524384 0.460857 1
 0.0512977 -0.0159042 0.387489 180 0.0194938 0.00130445 0.397981 9 0.0869729 0.00203384 0.406629 8
 0.0466723 0.00666264 0.397805 169 0.0480894 0.00316116 0.39514 28 -0.00599334 -0.0211155 0.394406 2
 0.0684045 -0.0110191 0.410214 200
 0.0664867 -0.0148626 0.389559 117 0.0734267 -0.0112875 0.39942 69 0.069256 -0.0140065 0.393025 11
 0.0610475 -0.000855911 0.392887 194 0.00755644 -0.0284008 0.401422 4 0.0328447 -0.0181368 0.437222 2
 0.090116 -0.00360759 0.41458 200
 0.0913542 -0.0137885 0.41141 107 0.0918052 -0.00640815 0.417195 41 0.0909263 -0.00228493 0.419178 40
 0.0838895 -0.00527175 0.400552 80 0.0850676 -0.000719018 0.406044 65 0.100623 -0.0276262 0.402447 36
