 0.0395356 0.0186477 0.416821 108 0.0393464 0.0140224 0.413521 88 0.0609296 0.037057 0.41928 4
 0.0215732 0.0298716 0.391172 196 0.0131228 -0.0224078 0.396278 4
 0.0263374 0.0132549 0.381355 143 0.00443545 -0.0308661 0.400901 25 0.00535296 -0.0511127 0.388466 23
 0.0384704 0.00909222 0.369787 122 -0.00365593 -0.0603982 0.390977 56 0.0129328 -0.0353327 0.404132 14
 0.00873233 -0.0316445 0.403314 196 0.0482405 -0.0266111 0.401415 4
 0.00345246 -0.0612746 0.385738 200
 -0.00180786 -0.0747814 0.384527 199 0.0046729 -0.0113962 0.424611 1
 0.0341152 -0.036663 0.408376 195 0.0197485 -0.0267876 0.437953 5
 0.0377626 -0.0682162 0.394638 200
 0.041167 -0.0849583 0.387507 200
 0.0504961 -0.0228926 0.408101 107 0.052151 -0.0265237 0.406713 83 0.0437293 -0.0636721 0.405166 10
 0.0590598 -0.0485499 0.38996 177 0.0454186 -0.0118256 0.383207 23
 0.0657023 -0.067014 0.374796 156 0.0388958 0.016501 0.366436 30 0.0325264 -0.0738624 0.391716 8
 0.0617908 -0.000967295 0.408525 162 0.0625477 -0.0305487 0.404504 38
 0.0538652 0.00399034 0.380387 99 0.0629544 -0.0564856 0.38561 70 0.063715 -0.0225766 0.41631 26
 0.0640769 -0.0663718 0.378077 132 0.0530526 0.00618114 0.396549 46 0.0576957 0.0287072 0.406726 13
