 0.0480751 0.0201926 0.40821 200
 0.0208092 0.0286631 0.385172 200
 -0.00503229 0.0109185 0.393688 196 -0.00912716 0.00931219 0.43879 3 0.0351552 -0.0255965 0.388092 1
 -0.0178759 -0.00720448 0.385251 185 -0.0244775 -0.00669731 0.43197 15
 0.0177978 -0.0295757 0.388014 166 -0.00383916 0.0115816 0.381202 18 0.0358008 -0.0585424 0.366432 12
 0.0157962 -0.0334896 0.38255 87 -0.0099669 -0.00617672 0.377496 54 0.0125347 -0.0533071 0.412724 26
 0.0146098 -0.0452176 0.38406 70 -0.0189591 -0.0157442 0.374002 40 0.0145925 -0.0474981 0.361868 36
 0.0410081 -0.0365611 0.397288 200
 0.04225 -0.0496109 0.391395 174 0.0151267 -0.0333582 0.383358 10 0.0126775 -0.0417343 0.408966 4
 0.042023 -0.0550347 0.387735 82 0.0371155 -0.0552786 0.355674 23 0.0385862 -0.0564959 0.366882 17
 0.0593247 -0.0281705 0.397076 198 0.0293542 -0.0144704 0.402152 2
 0.0622652 -0.0406373 0.390872 198 0.0392861 -0.0268545 0.387919 2
 0.0616731 -0.052844 0.38911 173 0.0729602 -0.06899 0.436732 10 0.0342125 -0.0452025 0.356152 8
 0.0796332 -0.0137799 0.401457 200
 0.0893526 -0.0278566 0.398619 200
 0.0958256 -0.0403689 0.391519 196 0.0573471 -0.0545832 0.353253 2 0.112445 -0.0390359 0.444252 2
