 0.0450612 0.0144545 0.409887 200
 0.0244401 0.0227365 0.377943 200
 0.020317 0.01424 0.377479 68 0.0427089 0.000977222 0.380067 63 0.0279298 -0.0140814 0.38944 30
 0.0485731 -0.0119911 0.386961 48 0.0513091 -0.00502806 0.369328 47 0.0102136 -0.0663182 0.385422 41
 0.0153366 -0.0362849 0.3896 200
 0.0113249 -0.0602463 0.376827 196 0.0136341 -0.0719152 0.419247 3 0.0210705 -0.0275444 0.387048 1
 0.00589542 -0.0760673 0.375001 200
 0.0422485 -0.0399376 0.396567 200
 0.048385 -0.0658613 0.382458 200
 0.0508967 -0.0825627 0.376105 200
 0.0548669 -0.0229821 0.395383 200
 0.0549553 -0.0191494 0.377159 194 0.0266194 -0.0405831 0.412801 4 0.0544825 -0.0425627 0.408228 2
 0.0460092 -0.000236295 0.366871 91 0.048636 -0.000991225 0.373956 34 0.0469834 -0.0193103 0.377484 25
 0.0735013 -0.0124333 0.396975 200
 0.0727315 -0.0168813 0.39119 90 0.064244 -0.0163798 0.379371 70 0.0694339 -0.0179512 0.386171 40
 0.0635873 -0.00104495 0.381841 189 0.0532959 -0.0826894 0.375194 8 0.0537998 -0.0426534 0.403504 3
