 0.0436013 0.0232288 0.406558 200
 0.0251515 0.0329258 0.388151 200
 0.0161663 0.0117491 0.381641 199 -0.0068236 0.0199549 0.413291 1
 0.0172729 0.0043753 0.37068 199 0.00504438 0.0214502 0.418767 1
 0.01922 -0.0105544 0.388494 200
 0.017468 -0.0200183 0.377383 93 0.0198604 -0.0164512 0.374435 70 0.0202824 -0.0107713 0.371491 37
 0.017954 -0.0120522 0.376472 107 0.0168929 -0.018418 0.380026 93
 0.0347238 -0.0165764 0.395706 200
 0.0321958 -0.0144018 0.371698 200
 0.0283808 0.000998529 0.371866 183 0.0226805 -0.0270191 0.383776 17
 0.0517847 -0.00757233 0.397003 200
 0.0482763 -0.00701106 0.374255 200
 0.0463492 0.00889582 0.380697 193 0.0421347 -0.0246262 0.369017 4 0.0364915 -0.0302112 0.389208 3
 0.0697008 0.00361927 0.402224 200
 0.0656193 -0.00062929 0.391051 200
 0.064777 0.0122149 0.392244 200
