 0.0390618 0.0193148 0.416947 200
 0.00987364 0.0296453 0.401343 200
 -0.020234 0.0110256 0.404391 200
 -0.0385625 -0.00429318 0.398645 200
 0.0129727 -0.025117 0.387459 154 0.00708645 -0.00742215 0.418661 22 -0.0204251 0.0118136 0.412139 21
 -0.0302651 0.00245001 0.400719 73 0.0138827 -0.0117522 0.377384 57 0.018219 -0.0146416 0.38258 41
 -0.0430027 -0.00705396 0.394 120 0.023128 -0.0100215 0.384779 53 0.00610752 0.0169473 0.414252 18
 0.0303888 -0.0174319 0.400455 102 0.0280862 -0.0147031 0.375913 74 0.0279286 -0.0157193 0.38322 16
 0.0313552 -0.011154 0.381059 190 -0.0163645 -0.0127566 0.403432 8 0.0635811 -0.0184093 0.402474 2
 0.028943 0.0022261 0.386817 101 0.0290999 -0.00478132 0.382955 77 0.0943477 -0.0308616 0.417024 22
 0.051691 -0.0128386 0.405037 138 0.00444279 -0.00765388 0.416949 62
 0.0475465 -0.0115859 0.38417 142 0.0661276 -0.00565715 0.405028 34 0.0136743 -0.0089628 0.394353 24
 0.0445864 0.00756626 0.393437 168 0.0173722 -0.00199554 0.399238 32
 0.0781155 -0.0146628 0.421832 200
 0.0914395 -0.0359258 0.416019 186 0.076067 0.00111659 0.423614 12 0.0796351 -0.00457422 0.424398 2
 0.101084 -0.0457026 0.409824 190 0.0748617 -0.00139227 0.411334 10
