 0.0392051 0.00976979 0.404998 199 0.0432742 0.0493961 0.413466 1
 0.0159257 0.0241855 0.388744 200
 -0.00581522 0.00510711 0.383975 200
 -0.0063795 -0.00478259 0.387558 89 -0.00863052 -0.00856138 0.347668 84 -0.00810945 -0.00744217 0.362754 12
 0.0110591 -0.0302657 0.395827 198 -0.0134428 -0.0131668 0.349562 2
 0.0129455 -0.0374766 0.384248 199 -0.00932015 -0.0079595 0.329865 1
 0.0111963 -0.0333681 0.385152 103 0.0107169 -0.0403856 0.38134 97
 0.0287289 -0.032231 0.398704 174 0.0160237 -0.0259921 0.418679 24 0.00286264 -0.018992 0.35177 2
 0.0252854 -0.0387119 0.380514 194 0.0400895 -0.0374907 0.406669 2 0.00688274 -0.0509587 0.422956 2
 0.0259373 -0.0166675 0.37973 125 0.0162398 -0.0524031 0.377809 39 0.0116511 -0.0428312 0.411017 23
 0.0456856 -0.0290501 0.400505 200
 0.0443341 -0.0300724 0.379149 200
 0.0447058 -0.00895084 0.382582 159 0.0390314 -0.0497337 0.381336 41
 0.0673975 -0.0108319 0.403803 182 0.0452723 -0.0213213 0.39117 18
 0.0608236 -0.0268105 0.392204 200
 0.0611395 -0.0275997 0.384858 129 0.0632228 0.00317281 0.395067 68 0.0613776 -0.0437647 0.411485 2
