 -0.0621095 -0.0578077 0.986037 45 -0.10793 -0.208295 1.03384 37 -0.101423 -0.210822 1.03502 33
 -0.0645185 -0.0660215 0.987614 48 -0.122316 -0.213137 1.04869 37 -0.112756 -0.2117 1.04311 28
 -0.13611 -0.212321 1.05621 33 -0.0747141 -0.133309 0.924016 30 -0.113413 -0.207723 1.03832 28
 -0.0745475 -0.132146 0.93186 53 -0.0612671 -0.158292 0.927083 28 -0.13397 -0.210618 1.06766 24
 -0.0628308 -0.128743 0.927766 67 -0.0700006 -0.159606 0.925432 55 -0.0734123 -0.117321 0.970721 9
 -0.0798101 -0.153361 0.925181 75 -0.0809425 -0.14547 0.930062 40 -0.0716191 -0.114576 0.988272 27
 -0.071653 -0.09186 0.847035 66 -0.0955549 -0.219151 1.04514 41 -0.0670698 -0.0728934 0.987249 38
 -0.0607621 -0.115957 0.921745 44 -0.0718524 -0.101481 0.851585 41 -0.0643077 -0.0813323 0.987773 38
 -0.061922 -0.105871 0.931207 63 -0.0695355 -0.101604 0.850904 45 -0.0628868 -0.174739 0.913363 24
 -0.0631384 -0.117739 0.934596 57 -0.0635098 -0.171334 0.920769 52 -0.0692322 -0.111897 0.853954 42
 -0.0766122 -0.160377 0.925833 76 -0.0682608 -0.148847 0.909295 42 -0.0835345 -0.0949772 0.848995 33
 -0.0778565 -0.13139 0.925285 93 -0.0689467 -0.150077 0.927692 39 -0.0831265 -0.108777 0.852911 23
 -0.0621974 -0.0560442 0.98482 147 -0.0748298 -0.092734 0.851056 32 -0.108042 -0.210811 1.03528 10
 -0.0641723 -0.0746622 0.986751 191 -0.0766757 -0.121965 0.929297 2 -0.0610243 -0.11366 1.00882 2
 -0.0656981 -0.0955356 0.98963 173 -0.0607836 -0.0966513 0.917081 7 -0.0660111 -0.137748 0.993661 6
 -0.0610458 -0.120187 0.927406 69 -0.070394 -0.0992905 0.992215 58 -0.0733644 -0.117835 0.854425 27
 -0.0899137 -0.168901 0.911872 73 -0.0775649 -0.127302 0.923985 31 -0.0788585 -0.133583 0.927858 29
 -0.0639803 -0.101809 0.851294 76 -0.0875423 -0.220799 1.04949 39 -0.0818168 -0.136792 0.932846 14
 -0.0603923 -0.0562202 0.983479 160 -0.0693812 -0.0945776 0.847148 20 -0.0558245 -0.112879 0.992371 15
 -0.0616077 -0.0694512 0.98503 152 -0.0595844 -0.121756 0.993599 29 -0.0705428 -0.106771 0.855154 18
 -0.0662086 -0.0846152 0.985946 137 -0.0625843 -0.126281 0.989387 45 -0.101341 -0.223264 1.02654 9
 -0.0662828 -0.127184 0.991899 99 -0.067682 -0.0975178 0.993254 49 -0.0655326 -0.109394 0.99519 26
 -0.0864096 -0.145423 0.923069 61 -0.0863671 -0.199722 1.03738 38 -0.0686737 -0.122942 0.989633 16
 -0.0605057 -0.129453 0.983536 7 -0.0897187 -0.129346 0.845812 7 -0.0682655 -0.111743 0.856559 4
 -0.0636367 -0.059429 0.987419 125 -0.105566 -0.212833 1.03872 47 -0.0610774 -0.104369 1.00259 10
 -0.067794 -0.0868562 0.98984 62 -0.0747443 -0.151525 0.930006 26 -0.0867996 -0.20042 1.05342 18
 -0.0769202 -0.146175 0.93618 61 -0.0745843 -0.135974 0.985329 36 -0.110401 -0.210178 1.03104 23
 -0.104734 -0.197534 1.03676 37 -0.0852438 -0.14709 0.937278 23 -0.071267 -0.131145 0.980992 9
 -0.0587996 -0.118218 0.941749 18 -0.054314 -0.121304 0.99236 5 -0.0794466 -0.140299 0.984065 2
 -0.0758991 -0.131244 0.930278 6 -0.0754921 -0.126433 0.931567 6 -0.0989089 -0.153102 0.94846 2
 -0.103431 -0.197229 1.03773 86 -0.0578399 -0.0995944 1.00038 27 -0.0950455 -0.147198 0.940034 21


 -0.0897244 -0.0939146 0.84872 20 -0.0748922 -0.146456 0.926667 17 -0.124482 -0.222193 1.03956 7

 -0.0879819 -0.153828 0.94983 1.76344
