 -0.114699 0.00422175 0.957059 185 -0.0796439 -0.130826 1.00284 8 -0.0693889 -0.111471 0.962562 5
 -0.11431 -0.00235649 0.958319 199 -0.0907027 -0.0771007 0.955758 1
 -0.112079 0.00210459 0.951478 100 -0.108303 -0.0308152 0.954282 55 -0.106877 -0.0150626 0.957136 19
 -0.115528 8.08039e-05 0.958376 86 -0.103525 -0.0426146 0.955597 68 -0.104239 -0.0270621 0.95973 16
 -0.1139 -0.00549598 0.962749 96 -0.0995569 -0.0503897 0.962142 94 -0.105574 -0.026048 0.964291 7
 -0.0981282 -0.0436715 0.959262 86 -0.0976136 -0.0201382 0.961324 50 -0.0869437 -0.0834374 0.95597 32
 -0.090928 0.0151651 0.946077 199 -0.0882398 0.013255 1.00283 1
 -0.0947857 0.00471242 0.949143 194 -0.0664764 -0.0877583 0.966141 5 -0.0924856 0.000421855 1.0078 1
 -0.0988021 0.00624644 0.957165 55 -0.0933022 0.0226449 0.933457 52 -0.100588 -0.012622 0.959777 38
 -0.107729 -0.00913818 0.960208 73 -0.0983629 0.0165398 0.944315 53 -0.072929 -0.0222967 0.982334 34
 -0.0847343 -0.0219528 0.991876 129 -0.0963001 0.00390054 0.956782 46 -0.0726307 -0.0719581 0.955714 11
 -0.0724166 -0.0729319 0.953331 64 -0.0777553 -0.0375334 0.982935 62 -0.100351 -0.0205585 1.00196 40
 -0.0721521 0.0288608 0.941857 200
 -0.0808297 0.0174917 0.942779 198 -0.0775116 0.00498234 1.00543 2
 -0.0847033 0.00240983 0.947919 100 -0.0898059 -0.003169 0.999202 94 -0.0812097 -0.00895274 0.967793 6
 -0.087168 -0.012661 0.999058 78 -0.074916 -0.0103456 0.973028 39 -0.0672676 -0.0830858 0.961589 35
 -0.0845269 -0.0176919 1.00317 66 -0.0683936 -0.0761184 0.963459 47 -0.075069 -0.0245972 0.990041 31
 -0.0923528 -0.0124651 1.00499 90 -0.079702 -0.0580837 0.961413 86 -0.0705862 -0.0181783 0.979241 17
 -0.0632412 0.024806 0.944787 188 -0.0469021 -0.154063 1.02428 5 -0.0931168 -0.0143211 0.929551 5
 -0.064467 0.0133469 0.951812 183 -0.0905494 -0.00443316 0.941092 5 -0.0579683 -0.155879 1.03198 5
 -0.0645349 0.00692402 0.953064 56 -0.0620177 0.00414919 0.954503 53 -0.0702876 0.0128107 0.950357 44
 -0.0667052 0.00780422 0.962043 120 -0.0456243 -0.0903623 0.99024 25 -0.0534946 -0.013982 0.974375 16
 -0.0611269 -0.0175276 0.977611 161 -0.0832935 0.00522532 1.00454 31 -0.068834 0.000242841 0.933593 4
 -0.0566713 -0.0531084 0.978879 106 -0.0633385 -0.03028 0.978056 29 -0.0597556 -0.0379261 0.977852 12
 -0.0761026 0.0307766 0.94661 76 -0.0364365 -0.029411 0.967798 62 -0.0523356 0.00388831 0.954382 40
 -0.0621764 -0.146509 1.00756 80 -0.0593387 -0.00786251 0.970297 77 -0.0671322 -0.126625 0.981593 36
 -0.0458009 -0.0895637 0.986255 117 -0.0557297 -0.0284559 0.975484 62 -0.0723054 0.00975994 0.944148 19
 -0.0488351 -0.0701681 0.985499 132 -0.0689683 0.000108941 0.960219 42 -0.0582915 -0.0214298 0.982587 16
 -0.0501195 -0.0804146 0.98174 129 -0.053837 -0.0380716 0.972667 39 -0.0506768 -0.0486248 0.973804 16
 -0.0548179 -0.0823505 0.976505 157 -0.0611699 -0.0409524 0.968258 39 -0.0599799 -0.0501684 0.970405 4
 -0.072394 -0.111353 0.986238 174 -0.0575338 -0.0394611 0.967403 11 -0.10184 -0.0826621 0.958618 9
 -0.0677719 -0.024993 0.974389 42 -0.0595654 -0.0557187 0.975758 34 -0.0624796 -0.0973866 0.984132 13
 -0.0892605 -0.0380267 0.987595 31 -0.074179 -0.0398007 0.984591 20 -0.0660432 -0.114518 0.996768 17
 -0.0918985 -0.0372711 0.973371 81 -0.0919853 -0.0629908 0.964964 81 -0.106538 -0.0207185 0.962971 23
 -0.0663743 -0.0255129 0.962783 18 -0.0805746 -0.0693159 0.959686 4
 -0.0627674 -0.082611 0.976489 21 -0.0786193 -0.114475 0.998834 18 -0.0810103 -0.147234 1.02077 1
