 0.0966622 -0.0860658 0.954439 49 0.0360143 -0.0156888 0.925891 48 0.0108463 -0.0641578 0.87332 34
 0.0109998 -0.0823871 0.884301 68 0.0895408 -0.0957247 0.95766 51 0.0296094 -0.0263003 0.92826 27
 0.0114633 -0.0747135 0.879092 97 0.0173584 -0.0735321 0.917199 30 0.014559 -0.132081 0.90983 28
 0.0109099 -0.0824424 0.887789 102 0.0187126 -0.120078 0.903656 63 0.0177975 -0.0841145 0.922217 15
 0.016998 -0.0941787 0.895906 85 0.0175511 -0.12785 0.910492 74 0.0474246 -0.141886 0.93654 14
 0.0213677 -0.13208 0.905686 137 0.037435 -0.126369 0.943614 42 0.0555066 -0.161461 0.951429 15
 0.0191346 -0.0306468 0.91559 102 0.00975943 -0.0649722 0.876314 79 0.0587622 -0.0497463 0.954136 19
 0.00948784 -0.0793108 0.883469 88 0.0175636 -0.0477221 0.921547 49 0.00799192 -0.0661165 0.874993 42
 0.0146743 -0.0915578 0.88912 104 0.0194266 -0.0690357 0.927836 67 0.0142036 -0.062793 0.871347 21
 0.0212321 -0.0849353 0.921874 55 0.015011 -0.105758 0.900527 50 0.0169482 -0.112942 0.90342 41
 0.0287155 -0.0894996 0.931595 70 0.0340795 -0.0925973 0.953129 49 0.0163589 -0.100228 0.895734 42
 0.0339673 -0.111024 0.956048 47 0.034275 -0.117148 0.955365 36 0.0200499 -0.144354 0.916312 30
 0.0314056 -0.0202972 0.925146 178 0.0456803 -0.0465987 0.940574 22
 0.0247763 -0.0347232 0.931446 157 0.0466449 -0.062103 0.948579 42 0.0901892 -0.0830144 0.966621 1
 0.0241504 -0.0537884 0.9233 122 0.040479 -0.06644 0.951205 50 0.0386828 -0.102778 0.946961 16
 0.0399006 -0.0758651 0.951728 63 0.0188594 -0.0546724 0.916856 22 0.0538873 -0.0546506 0.951391 22
 0.0312358 -0.0712678 0.950092 35 0.0408148 -0.110306 0.956293 32 0.0271297 -0.119715 0.906351 32
 0.0432429 -0.0750073 0.960779 87 0.0341427 -0.141082 0.94644 54 0.0378021 -0.108759 0.948479 33
 0.0954837 -0.0862492 0.954462 116 0.0335846 -0.0127608 0.92574 39 0.0622175 -0.0519186 0.946918 20
 0.0860566 -0.094856 0.959762 130 0.0586174 -0.0548577 0.954279 39 0.0290733 -0.0259477 0.930571 23
 0.0780172 -0.11061 0.96124 102 0.0545208 -0.0538374 0.955952 47 0.0480888 -0.140886 0.938955 26
 0.049262 -0.0611312 0.952648 70 0.072012 -0.116366 0.969017 63 0.0428496 -0.150914 0.937808 49
 0.0606247 -0.0498957 0.948959 51 0.0497186 -0.0801366 0.957002 25 0.0530329 -0.0742467 0.955489 22
 0.031688 -0.0846547 0.953837 76 0.0350761 -0.117355 0.950934 38 0.0202358 -0.0431934 0.924759 30
 0.0929082 -0.090446 0.958091 148 0.0747389 -0.0504232 0.947886 36 -0.00929574 -0.241509 0.979796 16
 0.0796048 -0.106846 0.964081 180 0.0627619 -0.125704 0.940666 8 0.0616408 -0.056694 0.954624 8
 0.0664167 -0.124853 0.965546 197 0.0541387 -0.145514 0.951058 2 0.0667615 -0.0543304 0.941024 1
 0.0585496 -0.142775 0.954836 189 0.019632 -0.181718 0.926876 11
 0.0406623 -0.160397 0.941401 158 -0.00386089 -0.190927 0.930941 14 0.0674971 -0.111647 0.975845 3
 0.0159669 -0.182282 0.927755 29 0.0390213 -0.162312 0.940848 28 0.0563531 -0.113397 0.965019 23
 0.00989846 -0.181337 0.939524 199 0.0197997 -0.0854047 0.899693 1
 0.0037329 -0.182602 0.94701 26
 0.034424 -0.114535 0.965101 46 0.0199602 -0.0547144 0.921398 9 0.0113407 -0.140943 0.926129 8
 0.0162052 -0.107874 0.908228 55 0.045023 -0.151004 0.91566 43 0.0062153 -0.172393 0.910348 24
 0.0539024 -0.0649505 0.954943 7 0.00349148 -0.172087 0.953251 2
 0.00750263 -0.177764 0.933806 85 0.013581 -0.141058 0.9153 7 0.0261724 -0.102118 0.904979 2
