 -0.0843845 -0.0645475 0.904662 42 -0.0872244 -0.125181 0.922456 27 -0.0729391 -0.0532432 0.898114 23
 -0.0823645 -0.0737274 0.909904 94 -0.0940014 -0.0977224 0.942442 42 -0.0878715 -0.055942 0.933329 23
 -0.0839592 -0.0810254 0.915968 62 -0.0801943 -0.0423858 0.932669 34 -0.0876252 -0.148715 0.938225 34
 -0.0780943 -0.0747728 0.912111 70 -0.0928803 -0.0759693 0.944546 58 -0.0798181 -0.165196 0.944746 37
 -0.0944263 -0.0803831 0.95089 52 -0.0775147 -0.0808992 0.917197 48 -0.0802027 -0.14042 0.929313 31
 -0.0771699 -0.157039 0.940437 98 -0.0787894 -0.125414 0.926636 47 -0.0775749 -0.147477 0.935552 32
 -0.0896472 -0.0715633 0.941237 77 -0.074704 -0.033528 0.927327 74 -0.0738214 -0.0503149 0.902781 21
 -0.0870475 -0.0976354 0.920617 95 -0.0824412 -0.0482654 0.934355 62 -0.0806008 -0.0902757 0.978491 13
 -0.0849308 -0.111582 0.928927 133 -0.0890969 -0.0837251 0.944192 20 -0.0759299 -0.0653001 0.93418 12
 -0.0749012 -0.118238 0.927207 91 -0.0782739 -0.0842657 0.913122 32 -0.092572 -0.0816047 0.941561 18
 -0.080585 -0.129595 0.936651 83 -0.0815582 -0.102761 0.927335 30 -0.092941 -0.0968347 0.956884 18
 -0.0855105 -0.111373 0.933152 96 -0.0767641 -0.112933 0.975294 40 -0.0798059 -0.146513 0.936104 37
 -0.072823 -0.0282608 0.923953 172 -0.0715926 -0.0157219 0.929808 18 -0.0762894 -0.0571805 0.904012 7
 -0.0764723 -0.0365422 0.927537 119 -0.0695508 -0.0536609 0.903216 66 -0.0750894 -0.0859812 0.97684 10
 -0.0808753 -0.0502601 0.932748 87 -0.0773326 -0.0677459 0.910949 64 -0.0793794 -0.0984887 0.921319 16
 -0.0853396 -0.0637784 0.936632 72 -0.0823365 -0.112007 0.925004 34 -0.0816887 -0.0653303 0.908221 23
 -0.065135 -0.129525 0.971078 80 -0.0763766 -0.104172 0.982767 71 -0.0688541 -0.116823 0.978298 15
 -0.0727557 -0.160368 0.953706 28 -0.0758823 -0.121706 0.974818 25 -0.0735144 -0.0694617 0.911123 25
 -0.0710348 -0.0103524 0.93197 121 -0.0484384 -0.0753085 1.03614 68 -0.0627801 -0.237369 1.01241 11
 -0.0745789 -0.0229672 0.936914 122 -0.0522137 -0.0863922 1.04341 58 -0.0738463 -0.239185 1.02011 11
 -0.0548082 -0.135452 0.967386 55 -0.0570023 -0.101994 0.984633 47 -0.0790442 -0.0389867 0.926228 46
 -0.0601466 -0.147193 0.976213 75 -0.0548943 -0.0978688 1.03798 54 -0.0575631 -0.111573 0.981354 47
 -0.0577983 -0.115294 0.998676 46 -0.059811 -0.137116 0.985538 41 -0.0586107 -0.14694 0.980874 37
 -0.069173 -0.114712 0.988301 38 -0.0662018 -0.0814546 1.04781 10 -0.0577184 -0.159537 0.963888 6
 -0.0732006 -0.0160764 0.93745 123 -0.0465257 -0.081056 1.03837 72 -0.0795526 -0.0609314 0.927723 3
 -0.0501469 -0.0960411 1.0344 137 -0.0887458 -0.219554 0.99181 32 -0.078108 -0.030967 0.931762 15
 -0.0642172 -0.110922 0.998367 83 -0.0584066 -0.146317 0.975852 62 -0.06316 -0.0870402 1.03911 32
 -0.0593279 -0.136858 0.985408 85 -0.0619682 -0.125018 0.996503 66 -0.0602187 -0.131524 0.989571 35
 -0.0559068 -0.142897 0.981348 140 -0.0424499 -0.126367 1.00535 2
 -0.0687897 -0.116976 0.979576 7 -0.0881444 -0.223239 0.987607 5 -0.0631622 -0.16641 0.969641 3
 -0.0854587 -0.190091 0.973097 198 -0.0693644 -0.110429 0.999707 1 -0.0863598 -0.117333 0.930724 1
 -0.071455 -0.201999 0.987362 2 -0.0669572 -0.156812 0.962721 1 -0.0796991 -0.131932 0.94182 1
 -0.101718 -0.172406 0.960916 6.34413
 -0.0828924 -0.106684 0.944359 27 -0.0779967 -0.141504 0.941145 20 -0.0755996 -0.138913 0.965982 18
 -0.0975602 -0.182187 0.963567 20 -0.0784329 -0.153139 0.943715 2
 -0.076623 -0.122659 0.93183 3 -0.0706527 -0.182004 0.9825 2
