 -0.173771 -0.124153 0.918694 51 -0.159088 -0.17324 0.91068 47 -0.168355 -0.101209 0.928904 42
 -0.170564 -0.116786 0.932915 169 -0.162329 -0.129302 0.977212 14 -0.128115 -0.0969843 0.96951 6
 -0.16553 -0.120661 0.940551 40 -0.174644 -0.128739 0.927543 36 -0.158976 -0.126619 0.958784 36
 -0.160148 -0.135235 0.962632 33 -0.148281 -0.177239 0.937559 31 -0.150628 -0.164003 0.968456 28
 -0.165724 -0.114918 0.935578 70 -0.163323 -0.143448 0.96569 54 -0.16732 -0.138472 0.953177 19
 -0.162143 -0.124315 0.939323 125 -0.0785933 -0.205731 0.995063 29 -0.123381 -0.185606 0.968039 26
 -0.162059 -0.105844 0.930945 83 -0.133453 -0.0990824 0.966053 36 -0.179754 -0.129687 0.916794 27
 -0.151769 -0.118113 0.982401 109 -0.17271 -0.134038 0.932654 19 -0.158662 -0.10598 0.935466 17
 -0.153003 -0.103643 0.970319 87 -0.152053 -0.149318 0.958898 49 -0.143815 -0.138743 0.991834 37
 -0.154355 -0.112061 0.977515 88 -0.144758 -0.159421 0.966457 43 -0.143969 -0.156575 0.972894 29
 -0.146344 -0.13197 0.98594 115 -0.145367 -0.119262 0.982663 45 -0.125229 -0.138458 1.00512 12
 -0.140984 -0.136311 1.00159 57 -0.144444 -0.146775 0.987457 50 -0.130074 -0.16413 0.992399 21
 -0.120406 -0.0909776 0.966527 103 -0.166003 -0.0981416 0.927421 36 -0.0978366 -0.122475 1.00008 17
 -0.138299 -0.0930669 0.962213 106 -0.115865 -0.116908 0.992106 69 -0.105596 -0.196498 0.966638 13
 -0.142206 -0.112905 0.971553 153 -0.110349 -0.122242 0.999409 25 -0.126352 -0.143248 1.00216 18
 -0.0923258 -0.197634 0.975933 63 -0.129977 -0.094623 0.966672 33 -0.104274 -0.127649 1.00611 22
 -0.12604 -0.125923 1.00451 123 -0.131387 -0.152921 0.997088 25 -0.10052 -0.162797 0.997674 24
 -0.126769 -0.13491 1.00579 183 -0.0984462 -0.184076 0.989607 5 -0.10709 -0.158374 0.98392 5
 -0.102302 -0.0981764 0.986057 66 -0.0678381 -0.148615 1.00169 60 -0.0921733 -0.118825 1.00103 36
 -0.102581 -0.107223 0.987734 92 -0.0796951 -0.15455 1.00587 32 -0.0830335 -0.147861 1.00659 30
 -0.101098 -0.105155 0.989647 89 -0.0890459 -0.118379 0.997988 57 -0.0727961 -0.21284 1.01034 19
 -0.105197 -0.125647 1.00222 146 -0.0813019 -0.175066 0.998112 31 -0.104005 -0.0956985 0.996959 7
 -0.0941557 -0.134277 1.00324 180 -0.103608 -0.110005 0.990551 15 -0.148637 -0.168034 0.961217 4
 -0.132284 -0.146803 1.00885 69 -0.114721 -0.147195 1.00657 66 -0.0876429 -0.170315 1.00276 30
 -0.05305 -0.221803 1.04101 62 -0.14894 -0.183128 0.914239 30 -0.0596647 -0.259669 1.07445 30
 -0.0597817 -0.219927 1.03637 40 -0.0808929 -0.137369 1.00665 30 -0.0706133 -0.249518 1.07892 19
 -0.0956262 -0.133586 1.0031 92 -0.0967101 -0.198983 0.974939 61 -0.0666706 -0.223494 1.036 21
 -0.0902655 -0.144726 1.01054 69 -0.0870286 -0.19574 0.985136 57 -0.0741605 -0.174091 1.00556 32
 -0.0866553 -0.163291 1.00964 48 -0.100121 -0.133663 1.00634 9 -0.0845117 -0.197421 0.984147 5
 -0.0781827 -0.180523 1.00671 67 -0.103231 -0.16497 0.998356 46 -0.0877303 -0.166316 0.982874 24
 -0.0878543 -0.211053 1.02818 116 -0.0776533 -0.191698 1.00007 31 -0.0775983 -0.193753 1.00542 13
 -0.0893182 -0.165231 1.01143 5
 -0.125461 -0.160216 1.00039 195 -0.0708853 -0.205821 1.04096 5
 -0.112353 -0.177571 0.983838 74 -0.154274 -0.15675 0.977978 68 -0.141577 -0.169215 0.980442 29
 -0.112048 -0.199974 0.977596 16 -0.119354 -0.14492 1.00363 15 -0.110349 -0.155936 1.00033 5
 -0.125129 -0.151344 0.975138 3
