 -0.220612 -0.137083 0.969174 109 -0.238109 -0.115228 0.942278 25 -0.223249 -0.0906969 0.943095 24
 -0.228208 -0.102754 0.946333 90 -0.232298 -0.113717 0.978409 74 -0.238857 -0.16371 0.962285 20
 -0.234808 -0.153324 0.997402 106 -0.230571 -0.12022 0.982697 69 -0.193575 -0.103303 1.01923 12
 -0.244252 -0.141229 0.973103 95 -0.224929 -0.155371 1.0042 90 -0.228899 -0.11643 0.985506 9
 -0.21904 -0.165043 1.00695 91 -0.239391 -0.143413 0.980765 73 -0.227259 -0.126594 0.99088 23
 -0.212406 -0.167734 1.01508 54 -0.226086 -0.156068 1.00599 49 -0.179806 -0.180034 1.02806 18
 -0.208697 -0.0952051 0.977045 114 -0.22374 -0.111205 0.976107 30 -0.225496 -0.103796 0.947866 25
 -0.212602 -0.102927 0.981377 142 -0.22746 -0.125852 0.981489 48 -0.223342 -0.12244 0.982744 7
 -0.213361 -0.113113 0.990378 116 -0.213196 -0.107496 0.984231 78 -0.223546 -0.0908671 0.93724 4
 -0.215135 -0.106935 0.986857 160 -0.206047 -0.128488 1.00843 31 -0.226659 -0.097213 0.949506 4
 -0.203028 -0.15333 1.00786 62 -0.216538 -0.130644 1.00391 47 -0.214148 -0.104178 0.992335 43
 -0.209732 -0.139859 1.01203 169 -0.162373 -0.138951 1.01207 9 -0.168175 -0.140569 1.01346 7
 -0.194352 -0.0954979 0.993754 69 -0.2146 -0.0839499 0.962353 26 -0.211066 -0.0810826 0.969801 24
 -0.221573 -0.118893 0.995354 108 -0.212263 -0.0896691 0.980019 29 -0.157425 -0.128159 0.99106 13
 -0.205903 -0.124584 1.00701 132 -0.203288 -0.121196 1.00658 57 -0.157101 -0.145958 1.01456 9
 -0.198269 -0.102922 1.00359 78 -0.211859 -0.129776 1.00806 55 -0.219893 -0.102728 0.956361 34
 -0.190376 -0.132328 1.02103 170 -0.190851 -0.101361 1.00478 24 -0.152138 -0.166753 1.02588 6
 -0.186242 -0.139965 1.02569 53 -0.183669 -0.148018 1.02846 52 -0.187765 -0.135268 1.02381 43
 -0.155885 -0.121759 1.01374 65 -0.115213 -0.191629 1.08621 38 -0.134691 -0.135513 0.994561 36
 -0.125329 -0.192926 1.08728 75 -0.139431 -0.141376 1.0013 71 -0.211301 -0.0988325 0.981834 44
 -0.179945 -0.109535 1.00659 120 -0.201981 -0.101775 0.992109 33 -0.133817 -0.189118 1.09552 21
 -0.190946 -0.0994953 1.00946 82 -0.130834 -0.176312 1.06886 39 -0.133533 -0.234633 1.09149 31
 -0.167719 -0.111272 1.01684 190 -0.215094 -0.0963879 0.981232 10
 -0.186015 -0.112697 1.018 93 -0.200841 -0.142334 1.00024 11 -0.180631 -0.119181 1.02259 10
 -0.142632 -0.125462 0.995433 41 -0.135694 -0.159863 0.990388 39 -0.206971 -0.118959 0.986187 25
 -0.18173 -0.102168 1.01725 58 -0.14352 -0.243488 1.12489 23 -0.14636 -0.203442 1.03082 22
 -0.147623 -0.110322 1.00265 154 -0.155734 -0.198291 1.04506 46
 -0.142793 -0.136829 1.00529 151 -0.185353 -0.179963 1.03315 28 -0.223877 -0.14462 1.00917 20
 -0.143282 -0.1506 1.02442 98 -0.201932 -0.174989 1.03142 41 -0.164188 -0.185685 1.03072 35
 -0.148783 -0.165815 1.02647 92 -0.147431 -0.168582 1.03288 52 -0.202998 -0.156162 1.02145 21
 -0.146883 -0.184795 1.06188 159 -0.195862 -0.151323 1.02595 39 -0.223349 -0.115531 0.943067 2
 -0.154242 -0.162885 1.02977 22 -0.13445 -0.186882 1.07363 17 -0.1389 -0.147855 1.01107 14
 -0.197818 -0.136641 1.02183 40 -0.19459 -0.139508 1.02389 36 -0.15303 -0.185265 1.05988 21
 -0.195358 -0.15755 1.0219 184 -0.216522 -0.139392 1.01245 8 -0.135755 -0.171773 1.0643 8
 -0.186715 -0.171408 1.03027 22 -0.196056 -0.130112 1.01092 2
 -0.141794 -0.202134 1.09546 6 -0.19393 -0.119581 0.999558 6 -0.21035 -0.132639 1.01179 2
