 -0.160928 -0.0850061 0.963416 74 -0.215838 0.0384076 1.00115 47 -0.224695 0.0358555 0.971828 23
 -0.219982 0.0266899 1.00835 64 -0.209818 0.0170284 0.948928 44 -0.223352 0.0233561 0.974917 24
 -0.207462 -0.00292095 0.954793 75 -0.188187 -0.0615497 0.974247 43 -0.209375 -0.0204339 0.962111 37
 -0.207088 -0.0141888 0.962749 99 -0.193591 -0.0529809 0.975366 43 -0.206736 -0.0237983 0.971146 40
 -0.198574 -0.0328939 0.980744 185 -0.184686 0.00168057 1.02724 7 -0.202112 3.85245e-05 0.958412 5
 -0.190199 -0.0494002 0.979277 194 -0.203902 -0.0171181 0.965944 5 -0.204372 -0.0204771 0.976494 1
 -0.149526 -0.00597245 0.961107 44 -0.210271 -0.0155646 0.961626 40 -0.211923 0.0367451 1.00374 25
 -0.216884 0.0167454 1.01496 57 -0.209064 -0.028229 0.968148 40 -0.216777 0.00115683 0.962218 32
 -0.156081 -0.0263241 0.972853 40 -0.189096 -0.00501703 1.01842 37 -0.158783 -0.0928189 0.974373 29
 -0.143028 -0.0289048 0.978473 90 -0.205799 -0.0311775 0.97598 36 -0.191165 0.00507808 1.01905 29
 -0.204021 -0.0285343 1.00318 56 -0.167716 -0.0702566 0.990643 46 -0.207315 -0.0250543 1.00414 39
 -0.169814 -0.0562591 0.992498 60 -0.20891 -0.0133789 1.01833 45 -0.194117 -0.0242444 1.00715 38
 -0.143206 -0.0181904 0.968948 63 -0.14901 -0.00353524 0.959595 42 -0.226847 0.0338349 0.975135 40
 -0.150221 -0.0171739 0.972396 109 -0.214948 0.0153073 0.960621 43 -0.217988 0.0179161 1.01274 43
 -0.155345 -0.0364189 0.985426 80 -0.219887 0.00722487 1.01761 51 -0.135652 -0.0561139 0.987266 20
 -0.132548 -0.0511771 0.980712 60 -0.157403 -0.0532531 0.994308 55 -0.184835 -0.0359493 1.00564 26
 -0.203381 -0.0376131 1.00406 53 -0.134196 -0.0433403 0.999818 45 -0.15312 -0.0401535 0.988138 34
 -0.160891 -0.0658591 0.982607 83 -0.179785 -0.0205981 1.02359 44 -0.196567 -0.0314111 1.01062 21
 -0.227046 0.0340723 0.974209 68 -0.13955 -0.00211686 0.962891 51 -0.131047 -0.0159436 0.97388 36
 -0.21403 0.022465 0.955018 41 -0.222866 0.0262848 0.984227 34 -0.134001 -0.0272468 0.976511 28
 -0.220321 0.0146013 1.01735 45 -0.212134 0.0131159 0.961953 41 -0.143894 -0.0112855 0.969536 30
 -0.129721 -0.0683168 0.989281 39 -0.13735 -0.0256718 0.985749 32 -0.18364 -0.0158306 1.01638 21
 -0.138962 -0.0335816 0.982132 105 -0.198742 0.00387353 1.02688 69 -0.198734 -0.0310527 1.0061 13
 -0.137975 -0.0623763 0.991522 80 -0.169107 -0.0402173 1.01003 38 -0.137631 -0.071237 0.991416 36
 -0.218955 0.0356562 1.0044 65 -0.224609 0.0356694 0.978273 45 -0.114766 -0.0414928 0.982123 44
 -0.145788 -0.0164118 0.967602 91 -0.218922 0.0133938 1.01702 68 -0.121748 -0.145398 1.02785 26
 -0.137169 -0.043183 0.984002 148 -0.220778 0.00461764 0.955738 25 -0.113085 -0.0983021 1.0139 16
 -0.126875 -0.0738088 0.98966 109 -0.194572 -0.0186719 1.0293 51 -0.141907 -0.0329589 0.989771 11
 -0.12911 -0.0610283 0.997724 110 -0.185352 -0.0605495 0.997158 19 -0.139957 -0.0944756 0.994309 13
 -0.136156 -0.0813306 0.989945 200
 -0.153995 -0.109397 0.999787 184 -0.182872 -0.0258346 1.00193 9 -0.174584 -0.0695269 0.978975 4
 -0.145423 -0.109125 0.992556 12 -0.13957 -0.0652461 0.992625 3 -0.201558 -0.0089968 1.01847 3
 -0.177939 -0.0588536 1.00435 140 -0.139451 -0.0923425 0.993675 21 -0.13656 -0.105361 1.01438 13
 -0.188281 -0.0539654 0.993671 200
 -0.149441 -0.0562631 0.979839 42 -0.156808 -0.0989728 0.990223 34 -0.18152 -0.0290661 1.02396 3
 -0.16053 -0.111266 0.997907 17 -0.136059 -0.121339 1.01796 14 -0.192587 0.00238328 1.01879 4
