 -0.137904 0.0225036 0.944902 169 -0.0780132 -0.125218 0.98323 10 -0.124878 0.0484726 0.97214 10
 -0.13434 0.0118025 0.947867 184 -0.0918412 0.0514274 0.978283 9 -0.124194 0.0389392 0.975031 4
 -0.127779 0.0019855 0.952081 122 -0.0215378 -0.0187314 0.983467 22 -0.0928934 -0.0296422 0.944702 20
 -0.106024 -0.0116211 0.95229 113 -0.0906598 -0.0410047 0.949839 32 -0.028977 -0.0279187 0.983108 22
 -0.0947383 -0.0381122 0.949173 79 -0.113424 -0.0107827 0.961422 69 -0.0615333 -0.0857418 0.950864 19
 -0.0946721 -0.0421455 0.947775 68 -0.101635 -0.0262342 0.953469 63 -0.0998002 -0.029977 0.951054 31
 -0.107875 0.0590328 0.973351 185 -0.0492323 0.0360157 0.978919 8 -0.0469008 0.0384954 0.97636 6
 -0.111101 0.0460717 0.976731 191 -0.0500865 0.0261196 0.978801 8 -0.0904825 -0.045333 0.951474 1
 -0.111503 0.0309151 0.982819 152 -0.087662 -0.00992787 0.958123 11 -0.0862749 0.0414274 0.984752 10
 -0.110404 0.0212556 0.981611 127 -0.0889824 -0.0218456 0.960341 35 -0.0707578 0.0123067 0.991105 10
 -0.100896 0.0114591 0.978431 149 -0.0719433 -0.00879487 0.989913 15 -0.0566318 -0.0323573 0.969135 13
 -0.104525 0.00655647 0.985707 39 -0.0876178 -0.0164237 0.977189 28 -0.0690898 -0.0298815 0.978449 27
 -0.0794224 0.0714827 0.972732 159 -0.0650675 0.00325787 0.994097 19 -0.105407 0.0640158 0.973432 15
 -0.0860545 0.055664 0.979741 150 -0.108787 0.0471508 0.978165 23 -0.0653279 0.0119248 0.995513 12
 -0.0931616 0.0394564 0.984876 120 -0.060736 -0.0462452 0.965068 56 -0.0452905 -0.00803194 0.978736 8
 -0.0889262 0.0368013 0.98663 90 -0.0980994 0.0216384 0.981415 29 -0.10875 -0.00476113 0.955654 25
 -0.0865718 0.0225604 0.994773 66 -0.0756877 -0.0226136 0.988457 40 -0.0532354 -0.00872537 0.999586 38
 -0.0846781 -0.00938899 0.990166 67 -0.0689365 0.00967051 1.00103 55 -0.0815193 -0.00187446 0.994079 27
 -0.0133784 0.0146655 0.968681 143 -0.0835568 0.0727197 0.972243 48 -0.0465944 -0.152116 1.02233 9
 -0.0185042 0.00569259 0.97294 151 -0.0876037 0.0606732 0.976918 35 -0.0576605 -0.153932 1.03003 9
 -0.0243224 -0.00994883 0.981241 80 -0.0338781 0.0226102 0.972626 59 -0.0203716 0.00718335 0.974812 27
 -0.0487633 0.0311176 0.982299 88 -0.0296832 -0.0264239 0.987134 81 -0.107218 0.0379108 0.977201 28
 -0.0495742 0.0192296 0.993441 124 -0.0396401 -0.0408327 0.975598 26 -0.0351982 -0.030107 0.981361 22
 -0.0604411 0.00277097 1.00762 145 -0.0415249 -0.0820478 0.979369 17 -0.0583199 0.0268107 0.996549 16
 -0.0193617 0.0161535 0.970479 142 -0.0847949 0.0705489 0.973039 47 -0.0315417 -0.0348104 0.968331 6
 -0.0212718 -0.00742419 0.979914 198 -0.0674646 0.0204951 0.99783 2
 -0.0281563 -0.023229 0.97972 200
 -0.0349477 -0.0427678 0.975796 200
 -0.0354782 -0.0490213 0.973494 197 -0.0843844 -0.0748778 0.964261 3
 -0.0485404 -0.0807871 0.972098 113 -0.0564363 -0.0598175 0.956839 45 -0.0924213 -0.000762538 0.983969 30
 -0.0723888 -0.105766 0.973493 182 -0.116481 0.0105755 0.981124 15 -0.0649313 0.0417112 0.981379 2
 -0.0540318 -0.0957392 0.981236 39
 -0.0778948 -0.0125608 0.99976 96 -0.0816831 -0.0321821 0.980031 43 -0.0909235 0.0133379 1.0007 18
 -0.088527 -0.0275604 0.976543 99 -0.0836646 -0.0474478 0.95781 87 -0.0849125 -0.0418898 0.961784 7
 -0.0852722 -0.0286587 0.973897 28.2728
 -0.118144 0.0199603 0.984462 27 -0.0770452 -0.108266 0.984894 12 -0.0746736 -0.068369 0.94369 1
