 -0.189881 -0.0888986 1.00467 77 -0.167119 -0.0820719 1.03417 42 -0.199866 -0.0184714 0.964416 36
 -0.191925 -0.0813316 0.992629 68 -0.205405 -0.02009 0.97637 61 -0.177521 -0.0785034 1.02728 42
 -0.201877 -0.0358502 0.969564 68 -0.191558 -0.0737216 1.01959 59 -0.205561 -0.0569907 0.974093 51
 -0.202201 -0.0250625 0.973782 107 -0.203805 -0.0547917 1.00282 31 -0.199559 -0.0496106 0.999618 24
 -0.201775 -0.0285456 0.980387 98 -0.200979 -0.0517926 1.00336 51 -0.190039 -0.084097 1.00223 34
 -0.202205 -0.0645796 1.00747 179 -0.206233 -0.0183879 0.981647 17 -0.178395 -0.0147641 1.02715 4
 -0.17888 -0.023235 0.96394 87 -0.186052 -0.0287881 0.961472 63 -0.196644 -0.0174824 0.973708 23
 -0.189453 -0.0422178 0.967014 126 -0.185024 -0.0192493 0.973887 59 -0.186969 -0.0229788 0.973319 9
 -0.195936 -0.0381905 0.968299 120 -0.190079 -0.0589579 1.01776 43 -0.18236 -0.0351985 1.01538 22
 -0.188373 -0.0393096 1.01973 49 -0.202039 -0.0465177 0.971854 47 -0.169685 -0.0170633 0.968729 31
 -0.196281 -0.0688587 1.01636 86 -0.182299 -0.0402644 1.02564 85 -0.174308 -0.0285322 0.969366 22
 -0.184582 -0.0470208 1.02706 200
 -0.185467 -0.00261081 0.974337 119 -0.162578 -0.00963916 0.969779 55 -0.177425 -0.00598968 0.97067 9
 -0.186209 -0.0163202 0.973108 133 -0.13405 -0.0305453 0.973025 18 -0.177133 -0.0277059 1.0173 16
 -0.185962 -0.0157982 0.974787 128 -0.126165 -0.0563381 1.00736 35 -0.15177 -0.0892626 1.02804 12
 -0.190285 -0.0110748 0.985511 77 -0.164476 -0.0276821 1.02878 63 -0.128248 -0.0551657 1.01422 28
 -0.177315 -0.0427673 1.02781 134 -0.165133 -0.0807322 1.01968 54 -0.158694 -0.0255945 0.966658 7
 -0.173868 -0.0476849 1.03633 156 -0.16772 -0.0758143 1.022 43 -0.109883 -0.0299891 1.00731 1
 -0.112908 -0.0354597 0.989203 145 -0.202539 -0.0049452 0.988562 22 -0.167347 -0.0202846 1.02641 9
 -0.118548 -0.042943 0.993273 169 -0.202138 -0.0141768 0.997778 22 -0.143271 -0.0727617 1.01207 4
 -0.121741 -0.0503045 0.997712 127 -0.166484 -0.0315425 1.03439 27 -0.14117 -0.0883461 1.02851 22
 -0.129808 -0.0662067 1.01596 60 -0.129331 -0.0704149 1.01968 40 -0.139492 -0.100169 1.07203 27
 -0.16653 -0.0305858 1.03243 82 -0.140581 -0.0638318 1.01983 60 -0.185559 -0.0830129 1.02532 27
 -0.151036 -0.0455433 1.03603 88 -0.171526 -0.039663 1.03326 86 -0.133265 -0.0768174 1.03634 4
 -0.110176 -0.0323627 0.992239 200
 -0.120117 -0.0441457 0.9977 189 -0.140357 -0.150454 1.08187 4 -0.150541 -0.163936 1.10097 3
 -0.127462 -0.053797 1.01325 197 -0.135194 -0.0239247 0.974375 3
 -0.1292 -0.0520627 1.01401 116 -0.133584 -0.0406199 0.981179 27 -0.186948 -0.0345234 0.966857 20
 -0.133945 -0.0737131 1.0289 146 -0.201884 -0.0715094 1.01372 30 -0.203519 -0.0673406 1.01146 23
 -0.151507 -0.092865 1.0372 195 -0.179322 -0.0674042 1.03486 4 -0.165538 -0.0690108 1.011 1
 -0.164953 -0.118122 1.06192 91 -0.165695 -0.111042 1.04903 60 -0.167823 -0.0347871 1.03198 21
 -0.145703 -0.104203 1.06617 93 -0.139367 -0.0851634 1.03652 57 -0.154721 -0.0659164 1.01791 29
 -0.184141 -0.0492037 1.035 87 -0.152126 -0.108415 1.07177 35 -0.161398 -0.0645751 1.03561 7
 -0.191426 -0.0695969 1.02336 200
 -0.174016 -0.0808164 1.04142 8 -0.163363 -0.107421 1.04798 4
 -0.174354 -0.103767 1.03348 12 -0.154146 -0.129513 1.08436 7 -0.165851 -0.0302233 1.02105 5
