 0.115386 -0.136059 0.856763 199 0.217203 -0.119039 0.846582 1
 0.11372 -0.127058 0.855563 198 0.100303 -0.0993202 0.851618 2
 0.115692 -0.119547 0.856146 195 0.182294 -0.159627 0.839973 2 0.216 -0.103747 0.844571 1
 0.117063 -0.107511 0.857241 196 0.138171 -0.116952 0.833048 3 0.0715601 -0.0102331 0.908483 1
 0.11799 -0.0959055 0.857129 176 0.108327 -0.0646221 0.858763 16 0.18391 -0.0848667 0.839152 3
 0.116928 -0.0712189 0.857728 179 0.121757 -0.00534433 0.887724 20 0.143269 -0.112867 0.843861 1
 0.161536 -0.149836 0.837529 171 0.202118 -0.114988 0.837575 19 0.151891 -0.105364 0.84163 6
 0.157433 -0.135521 0.837027 136 0.149131 -0.0872435 0.849298 29 0.206369 -0.102184 0.848156 19
 0.151355 -0.118897 0.839746 162 0.174091 -0.0869854 0.84467 13 0.104903 -0.0668573 0.867273 13
 0.148361 -0.11101 0.843844 158 0.189223 -0.0532284 0.906094 15 0.0971556 -0.0604355 0.875095 13
 0.148906 -0.0940596 0.847782 161 0.140219 -0.0539206 0.856538 17 0.0938358 -0.0514622 0.873116 12
 0.146552 -0.0880003 0.850465 200
 0.195598 -0.145413 0.830374 146 0.219329 -0.125066 0.843161 33 0.106799 0.000466902 0.903081 7
 0.189204 -0.133782 0.834041 177 0.210314 -0.120365 0.842768 15 0.157482 -0.124565 0.839756 4
 0.181292 -0.120097 0.837347 182 0.157954 -0.110383 0.842358 14 0.190393 -0.0862737 0.859326 4
 0.175055 -0.105011 0.840041 107 0.2012 -0.101073 0.832768 69 0.148928 -0.089362 0.849051 21
 0.168704 -0.0803235 0.854734 119 0.145172 -0.0602565 0.859243 62 0.0879835 -0.0429756 0.883551 7
 0.156879 -0.0722547 0.85887 84 0.156644 -0.0793467 0.856101 68 0.154086 -0.0433975 0.881402 43
 0.193841 -0.1502 0.833035 96 0.218947 -0.134565 0.844981 71 0.215634 -0.0350321 0.912277 17
 0.209595 -0.0436741 0.914397 98 0.213169 -0.126225 0.850888 68 0.19381 -0.142958 0.836357 27
 0.204817 -0.120191 0.844098 118 0.202854 -0.0495488 0.915037 46 0.181004 -0.0509479 0.859611 18
 0.217483 -0.120511 0.849042 59 0.173705 -0.0664978 0.854781 52 0.190167 -0.103215 0.845058 38
 0.18991 -0.0599752 0.861011 109 0.212545 -0.0425126 0.918195 82 0.15045 -0.107756 0.833728 5
 0.163775 -0.0518524 0.873305 106 0.160525 -0.0475976 0.874929 81 0.216499 -0.112256 0.852595 12
 0.217064 -0.128434 0.845623 92 0.225995 -0.0523621 0.9224 56 0.196372 -0.150461 0.832067 33
 0.208787 -0.0496213 0.920163 102 0.21296 -0.11047 0.850813 62 0.180053 -0.136787 0.840427 22
 0.19945 -0.0444032 0.919129 53 0.195549 -0.043702 0.917292 46 0.178278 -0.058027 0.878318 27
 0.167762 -0.0476043 0.874093 75 0.195145 -0.0956786 0.85007 44 0.191695 -0.0417025 0.918591 41
 0.154633 -0.0290725 0.881907 92 0.0963086 -0.0573374 0.893242 42 0.188802 -0.0589121 0.918953 32
 0.10507 -0.0520028 0.874388 176 0.156031 -0.089495 0.845178 24
 0.088468 -0.0145539 0.899267 185 0.174977 -0.0543757 0.870114 15
 0.137472 -0.0173784 0.899158 14 0.159098 -0.112481 0.844443 12 0.186341 -0.0983129 0.84753 12
 0.149056 -0.0682967 0.859623 182 0.180699 -0.0762868 0.86412 17 0.135806 -0.101283 0.858376 1
 0.126204 -0.0777066 0.861145 110 0.120983 -0.061 0.86308 57 0.124903 -0.0737213 0.860984 17
 0.138387 -0.059191 0.865469 200
 0.113462 -0.0103904 0.897564 200
