 -0.0370213 -0.187292 0.99501 26 0.00896741 -0.248447 0.921074 26 -0.00189062 -0.160188 0.97459 23
 -0.0100866 -0.18646 0.932045 51 -0.0119232 -0.164955 0.978432 23 -0.0713812 -0.203108 1.02856 18
 -0.0395141 -0.222224 0.952698 43 -0.0728064 -0.220624 1.03001 36 -0.0718661 -0.224971 1.05443 22
 -0.0720252 -0.234674 1.06332 57 -0.0271654 -0.243205 0.960646 55 -0.0581366 -0.232701 1.01063 14
 -0.0270581 -0.239848 0.96321 89 -0.0655893 -0.241071 1.07245 33 -0.0542304 -0.226665 1.01488 17
 -0.0387656 -0.206921 0.96379 36 -0.0252712 -0.249859 0.961276 35 -0.033657 -0.218715 0.940123 28
 -0.0205967 -0.178845 0.974225 91 0.0366257 -0.239243 0.925247 35 -0.0209445 -0.209859 0.947962 21
 -0.0136048 -0.201321 0.942404 50 -0.00943079 -0.202255 0.942472 39 0.0213892 -0.245518 0.928934 24
 0.00453664 -0.197952 0.933176 117 -0.0265509 -0.208751 0.946385 44 0.0239378 -0.183064 0.968604 14
 -0.0243199 -0.219571 0.949901 92 0.0111018 -0.191127 0.935903 68 0.00304845 -0.242858 0.933124 25
 0.00699509 -0.220509 0.931294 128 -0.0126632 -0.217169 0.942427 32 -0.0235784 -0.197394 0.974535 19
 -0.0251803 -0.211095 0.946441 65 0.00407622 -0.219957 0.931602 53 -0.0059758 -0.221358 0.939291 27
 -0.00818304 -0.169685 0.977614 134 0.0287709 -0.28395 0.953351 18 0.0142488 -0.178979 0.969914 12
 -0.011522 -0.181341 0.981483 68 0.0130738 -0.189036 0.939381 34 0.0241488 -0.228915 0.917784 25
 0.00678707 -0.219192 0.930594 147 0.00420142 -0.184091 0.971763 21 0.000461036 -0.201014 0.992472 19
 -0.00177872 -0.2087 0.938642 102 0.0141705 -0.230775 0.936753 59 -0.00256173 -0.175991 0.983266 21
 0.00192559 -0.206478 0.935367 80 -0.0161223 -0.20418 0.993968 41 0.0134082 -0.227114 0.933794 38
 -0.0144334 -0.209924 0.949687 85 -0.0169634 -0.215312 0.954326 80 -0.00617786 -0.1804 0.97159 18
 0.0207193 -0.186931 0.951275 48 0.0124018 -0.174621 0.964977 40 0.0475811 -0.205663 0.916758 38
 0.00591061 -0.185474 0.971982 74 0.0385194 -0.216902 0.922252 47 0.0182331 -0.181013 0.942337 26
 0.0161533 -0.188915 0.960405 76 0.0128836 -0.192587 0.946699 25 0.0201723 -0.241703 0.928588 20
 0.0142072 -0.174619 0.975204 99 0.0266436 -0.216017 0.928235 58 0.0228766 -0.209984 0.935315 14
 0.0150381 -0.194931 0.944058 66 -0.0394438 -0.198986 0.958101 37 0.00918129 -0.190397 0.976469 37
 -0.0283218 -0.21219 0.961711 85 -0.0157989 -0.249374 0.972043 52 0.0086919 -0.223737 0.912873 14
 0.0310225 -0.273964 0.947563 87 0.0498776 -0.210389 0.919676 82 0.0405803 -0.239681 0.921346 29
 0.0353519 -0.221493 0.921663 67 0.00963566 -0.177527 0.97501 58 0.0228306 -0.269995 0.953002 50
 0.0467219 -0.220933 0.920369 77 0.00790384 -0.214764 0.936683 33 0.0216591 -0.20013 0.955178 21
 0.0337101 -0.233833 0.919276 77 0.0278446 -0.215171 0.926811 27 -0.0372391 -0.228544 0.973334 27
 0.00886053 -0.192516 0.968842 22 -0.0243356 -0.246968 0.976772 21 0.00228237 -0.269889 0.979757 9
 -0.0136192 -0.224297 0.947994 61 -0.00182138 -0.215508 0.928308 26 0.00342518 -0.213137 0.920009 22
 -0.0374981 -0.203614 0.98023 91 -0.0539816 -0.248755 1.06558 43 -0.0249549 -0.216911 0.958275 20
 -0.0294612 -0.218033 0.968016 21 0.0230195 -0.215792 0.924374 7 0.00269613 -0.261862 0.961605 2
 0.0044432 -0.209417 0.934301 28 -0.0280923 -0.212225 0.963472 7 -0.00327604 -0.216644 1.00425 2
 -0.0141415 -0.224908 0.947095 92 -0.0377912 -0.216126 0.949178 40 -0.0356611 -0.20935 0.976924 20
 -0.00234158 -0.213548 0.93411 14 -0.0205155 -0.200693 0.993886 10 -0.0266128 -0.216684 0.955528 3
 -0.0452428 -0.220506 1.02489 14 -0.00456261 -0.209338 0.935089 8 -0.0303134 -0.198275 0.963361 8
