 -0.0430886 -0.0797653 0.876927 146 -0.113289 -0.112588 1.00104 17 -0.107984 -0.151813 1.0502 15
 -0.0549677 -0.0803052 0.867901 68 -0.0995132 -0.0817675 0.900946 57 -0.0468634 -0.0899757 0.88784 54
 -0.103098 -0.0751146 0.906042 194 -0.121122 -0.113301 1.01432 3 -0.0703989 -0.0510923 0.890969 1
 -0.106554 -0.0678075 0.910463 192 -0.0899836 -0.0927214 0.901151 6 -0.0632497 -0.0417563 0.893802 1
 -0.106075 -0.0646091 0.916097 197 -0.0669083 -0.043826 0.900396 1 -0.112267 -0.10361 1.02419 1
 -0.100627 -0.0603814 0.911075 93 -0.10351 -0.0656746 0.910367 81 -0.0491081 -0.0731195 0.868206 18
 -0.0416381 -0.074213 0.887608 78 -0.0607823 -0.0822174 0.86962 47 -0.0978446 -0.123912 1.00986 28
 -0.0832274 -0.0690185 0.885416 85 -0.0551242 -0.0715247 0.869407 64 -0.0577187 -0.0546861 0.878974 24
 -0.0863755 -0.0610053 0.902074 114 -0.0763372 -0.0648734 0.887465 39 -0.0823011 -0.0644981 0.895459 38
 -0.0879957 -0.049294 0.910472 110 -0.0653845 -0.0611144 0.885818 65 -0.083169 -0.0813158 0.893955 19
 -0.0802902 -0.0618634 0.897926 192 -0.0475918 -0.0672051 0.875881 4 -0.101798 -0.102402 0.96533 2
 -0.0941898 -0.054542 0.910907 151 -0.0586428 -0.0762453 0.879937 48 -0.111476 -0.0974902 1.00245 1
 -0.0729281 -0.0314371 0.900978 154 -0.0515079 -0.079164 0.879692 33 -0.0488462 -0.103593 0.880863 10
 -0.0736811 -0.0453865 0.902177 84 -0.0707389 -0.0481982 0.897909 68 -0.057577 -0.0613363 0.87881 23
 -0.0679343 -0.0452056 0.906442 197 -0.045149 -0.0768841 0.915855 3
 -0.0734736 -0.0404839 0.912944 185 -0.079391 -0.0661642 0.88904 13 -0.0582998 -0.064499 0.88198 2
 -0.0703715 -0.0554058 0.895337 170 -0.0449838 -0.0404617 0.911987 12 -0.0958661 -0.041919 0.910296 10
 -0.0753846 -0.0425711 0.91177 76 -0.0688294 -0.0712151 0.885001 27 -0.0787926 -0.0847367 0.898094 17
 -0.0459487 -0.0363981 0.89785 164 -0.0988554 -0.129911 1.0001 14 -0.0472286 -0.0995607 0.880904 14
 -0.0514797 -0.0457435 0.896727 177 -0.105046 -0.117815 1.00522 14 -0.0509426 -0.0975717 0.891647 9
 -0.0541768 -0.0497203 0.898905 198 -0.0732936 -0.0716992 0.883179 2
 -0.0577205 -0.0374001 0.908005 184 -0.034624 -0.069415 0.904859 15 -0.0868399 -0.0621587 0.900993 1
 -0.0699614 -0.0418105 0.907277 137 -0.0523972 -0.0583144 0.884465 58 -0.0607679 -0.0524845 0.892666 4
 -0.0958657 -0.0503796 0.914337 26 -0.0627782 -0.0945504 0.886443 4 -0.07671 -0.118992 0.995292 3
 -0.0432282 -0.0957364 0.882605 90 -0.0492018 -0.0493251 0.872355 88 -0.0771449 -0.0417389 0.886127 11
 -0.0550053 -0.0920082 0.886191 68 -0.123264 -0.144363 1.03597 44 -0.0509233 -0.0661319 0.88578 39
 -0.0561249 -0.0500259 0.88333 103 -0.0553083 -0.0472696 0.886141 61 -0.0479457 -0.072618 0.910761 21
 -0.0584442 -0.0616791 0.886618 128 -0.0683895 -0.0923748 0.890926 44 -0.0614934 -0.0839524 0.888774 11
 -0.052508 -0.069992 0.917419 9 -0.0591619 -0.0819636 0.88745 8 -0.0821796 -0.11837 1.02682 3
 -0.0877997 -0.107604 0.999245 3 -0.0600854 -0.0873527 0.862384 3 -0.0578559 -0.0646388 0.87693 1
 -0.106008 -0.101985 1.00463 56 -0.0710819 -0.0626672 0.88147 33 -0.119822 -0.0976467 1.02631 28
 -0.0814885 -0.0902898 0.905225 3 -0.0606851 -0.0875842 0.878037 2
 -0.0990319 -0.0548398 0.909437 7 -0.0938578 -0.0725473 0.916605 6 -0.0958426 -0.0656652 0.913864 3
 -0.0921643 -0.0793482 0.91106 73 -0.0722966 -0.0722642 0.866191 2 -0.0633947 -0.0450035 0.8666 2
 -0.0821641 -0.0631809 0.90767 12 -0.076356 -0.0351696 0.91566 10
 -0.0750382 -0.0449399 0.910647 22 -0.110794 -0.071483 0.921328 5 -0.0924621 -0.105841 1.01298 2
