 -0.179426 0.0498732 0.826593 77 -0.137065 0.113342 0.804678 59 -0.170416 0.0912251 0.808352 57
 -0.139281 0.102862 0.807941 83 -0.169562 0.0787525 0.810636 57 -0.170969 0.0426085 0.836056 36
 -0.155424 0.0391563 0.850467 156 -0.132948 0.0654172 0.85579 27 -0.141117 0.0938232 0.841662 14
 -0.148082 0.0381741 0.854988 148 -0.137521 0.0801316 0.856349 39 -0.0512558 0.0669148 0.882205 9
 -0.142977 0.0377414 0.859263 167 -0.135763 0.0801581 0.861286 20 -0.0538932 0.0608106 0.873925 10
 -0.133011 0.0313415 0.865215 200
 -0.164226 0.0918906 0.811532 145 -0.131433 0.0878938 0.853041 15 -0.0910577 0.104147 0.839898 10
 -0.162065 0.0812008 0.825066 68 -0.135282 0.0755736 0.85824 59 -0.09917 0.0932245 0.844777 30
 -0.152123 0.0761842 0.847463 120 -0.148873 0.0730308 0.85186 18 -0.138295 0.059142 0.860573 17
 -0.143884 0.0669139 0.85779 103 -0.108099 0.0676694 0.867727 33 -0.166377 0.0787532 0.82867 23
 -0.132332 0.0657956 0.866055 114 -0.0997745 0.0728746 0.881275 30 -0.108453 0.0198788 0.868837 23
 -0.128279 0.0608948 0.872109 162 -0.111339 0.0644616 0.880683 34 -0.0698954 0.056583 0.879616 2
 -0.134606 0.112304 0.805113 107 -0.0939509 0.100806 0.834851 41 -0.0657512 0.0933357 0.82113 35
 -0.0704512 0.0896017 0.831495 118 -0.149724 0.0760407 0.850076 51 -0.0939267 0.0966722 0.833212 13
 -0.137124 0.0670092 0.864116 71 -0.0915921 0.0729475 0.876179 47 -0.137349 0.0992457 0.839772 31
 -0.0905684 0.0812338 0.881023 73 -0.133464 0.0932927 0.854742 28 -0.112362 0.0679176 0.875231 27
 -0.091214 0.069475 0.88183 71 -0.121599 0.0822637 0.86974 67 -0.0879259 0.0751372 0.873064 46
 -0.11873 0.0745582 0.877474 87 -0.0997746 0.0619095 0.88788 65 -0.0898765 0.0814335 0.879788 26
 -0.0603247 0.0911212 0.823894 66 -0.138639 0.110077 0.809478 37 -0.0561129 0.086327 0.848295 32
 -0.0660823 0.0920362 0.8323 56 -0.0601228 0.0784498 0.854565 33 -0.13773 0.104457 0.813354 28
 -0.0626924 0.0657317 0.863841 116 -0.0707363 0.087803 0.863754 29 -0.139575 0.0994455 0.836212 16
 -0.0741438 0.0891179 0.842433 74 -0.0862145 0.0934935 0.875563 47 -0.0617916 0.059659 0.874364 41
 -0.0713737 0.073233 0.863925 134 -0.101376 0.083839 0.876259 23 -0.13193 0.075654 0.864655 22
 -0.111576 0.0769824 0.881317 82 -0.105192 0.0708578 0.88558 56 -0.09645 0.0804234 0.836735 35
 -0.0891128 0.101252 0.814847 90 -0.0558325 0.0821402 0.843541 30 -0.10494 0.102163 0.845594 23
 -0.0760572 0.0926453 0.826819 120 -0.0794657 -0.0402041 0.939312 33 -0.0629366 0.0670001 0.865926 24
 -0.0678186 0.0805288 0.857241 183 -0.0585657 0.0300924 0.911062 8 -0.137832 0.0996069 0.856548 7
 -0.062148 0.0710752 0.871858 170 -0.0553295 0.0184559 0.915429 21 -0.0588834 0.0276273 0.886639 8
 -0.0618962 0.0551743 0.880413 197 -0.0621902 0.0132609 0.915609 3
 -0.0644811 0.0211863 0.892034 170 -0.0750036 0.0347263 0.878 30
 -0.090384 -0.00343652 0.917237 117 -0.0860741 0.0044371 0.892063 37 -0.0652744 0.0504151 0.876873 16
 -0.0674508 -0.0169925 0.934227 74 -0.0789834 0.00354186 0.896535 57 -0.0679821 0.0417578 0.882419 16
 -0.111991 0.0597036 0.884313 133
 -0.118614 0.0394871 0.87154 200
 -0.11432 0.0560765 0.879013 25 -0.0792629 0.00551461 0.885702 10 -0.138023 0.0974458 0.800541 7
 -0.0985537 -0.00979336 0.921903 6 -0.129989 0.0717191 0.865563 4
