 0.0135466 -0.0665308 0.872797 62 0.0206071 -0.0707817 0.912347 33 0.0961314 -0.0814648 0.956947 32
 0.0126204 -0.0779315 0.879173 84 0.0892238 -0.093562 0.958928 41 0.019793 -0.0797442 0.918402 31
 0.0180343 -0.0743587 0.874774 76 0.0164532 -0.132306 0.911177 51 0.0271369 -0.0743422 0.91468 29
 0.0144379 -0.0842816 0.885553 70 0.0212284 -0.124086 0.904542 62 0.0582691 -0.141014 0.943172 17
 0.019124 -0.0934009 0.894028 109 0.0195097 -0.130543 0.912374 61 0.0487727 -0.142472 0.94086 15
 0.0245503 -0.127125 0.906525 159 0.0139701 -0.0961746 0.8929 11 0.0571779 -0.161538 0.951786 11
 0.0219157 -0.0294053 0.912328 81 0.0134207 -0.0634544 0.873913 77 0.0607165 -0.0475398 0.954145 36
 0.0123979 -0.0799938 0.882454 64 0.01559 -0.0858847 0.887764 62 0.0556605 -0.0593103 0.957241 36
 0.0157925 -0.0887966 0.885569 114 0.0215332 -0.110521 0.904979 27 0.0304457 -0.0697536 0.94202 26
 0.0173273 -0.100833 0.89316 78 0.0229693 -0.12508 0.907986 37 0.0319445 -0.0747205 0.951152 25
 0.0210538 -0.129526 0.916225 40 0.0305279 -0.0789832 0.950912 27 0.0282736 -0.0882935 0.934885 26
 0.0213821 -0.13248 0.915788 89 0.0353332 -0.0934225 0.955668 61 0.0367473 -0.101129 0.956309 23
 0.0324478 -0.0200727 0.92328 181 0.046517 -0.0469249 0.9442 15 0.0224879 -0.0906029 0.873283 2
 0.0260127 -0.0339484 0.929314 147 0.0456154 -0.0615869 0.949567 26 0.0494441 -0.0582533 0.948675 19
 0.0245545 -0.0602086 0.915773 83 0.0377397 -0.061456 0.949837 62 0.0406296 -0.103325 0.948914 26
 0.0380625 -0.0781591 0.949972 53 0.0521194 -0.0545626 0.948863 31 0.0400114 -0.117675 0.950717 29
 0.044827 -0.112001 0.959709 85 0.0385651 -0.0840002 0.958644 37 0.0317034 -0.120747 0.944986 23
 0.0332688 -0.120373 0.953884 91 0.0421485 -0.075069 0.961052 85 0.0232253 -0.127715 0.910178 5
 0.0940534 -0.0851425 0.958019 96 0.0309478 -0.0160474 0.918318 52 0.0614672 -0.0501203 0.947246 47
 0.0858307 -0.0947478 0.962852 119 0.0559909 -0.0594835 0.952512 69 0.0290867 -0.0343349 0.907928 6
 0.078423 -0.109751 0.962589 67 0.0561726 -0.0520102 0.95488 65 0.0242264 -0.0456991 0.918157 29
 0.0474579 -0.0606652 0.951094 68 0.0451668 -0.150963 0.938419 52 0.0724709 -0.11828 0.971475 34
 0.051513 -0.0559665 0.955528 49 0.0504219 -0.134541 0.952212 35 0.017381 -0.114057 0.903637 35
 0.0315917 -0.0824808 0.95258 62 0.040115 -0.116288 0.955237 36 0.0189171 -0.155709 0.922762 31
 0.0905493 -0.0906316 0.960896 181 -0.00667797 -0.243601 0.978273 11 0.0728471 -0.0423839 0.946056 8
 0.078683 -0.107855 0.965665 189 0.0645685 -0.122197 0.942695 7 0.0610557 -0.0534551 0.949324 4
 0.0674311 -0.124994 0.967026 200
 0.0587201 -0.143298 0.956101 193 0.0211081 -0.182736 0.92694 7
 0.0419048 -0.15919 0.938688 142 -0.00178545 -0.194537 0.93266 17 0.0781777 -0.11718 0.973026 2
 0.0158364 -0.185852 0.930524 38 0.0442 -0.16362 0.941932 21 0.0587613 -0.135333 0.952225 3
 0.01093 -0.184463 0.942158 195 0.0179118 -0.0849566 0.895494 5
 0.000343547 -0.192996 0.94627 27 0.0255661 -0.181431 0.931702 1
 0.0273134 -0.0976393 0.959026 16 0.0323887 -0.120353 0.952034 14 -0.00563066 -0.158918 0.925953 7
 0.0047714 -0.179214 0.917442 63 0.0209337 -0.120561 0.907297 57 0.0511636 -0.148005 0.950302 18
 0.00762351 -0.142033 0.938634 1 0.0208399 -0.141501 0.919945 1
 0.00964248 -0.182774 0.935237 76 -0.0144009 -0.203681 0.95357 2 0.0298713 -0.0987612 0.901981 2
