 -0.276149 -0.0280083 1.00782 149 -0.210902 0.0236044 1.02297 25 -0.19573 -0.127475 0.987457 18
 -0.273101 -0.0397247 1.00811 177 -0.206133 -0.123907 0.980566 18 -0.19695 -0.032881 0.979337 3
 -0.26611 -0.0542705 1.00648 153 -0.219617 -0.119072 0.973752 22 -0.23546 -0.0923321 0.986731 15
 -0.257932 -0.0620501 1.00233 82 -0.170285 -0.112622 0.979487 60 -0.230524 -0.103925 0.988531 24
 -0.254669 -0.0638191 0.999614 118 -0.211364 -0.0985185 0.980091 64 -0.16648 -0.109374 0.988014 14
 -0.213474 -0.122908 0.977555 134 -0.24951 -0.0797418 0.99727 62 -0.23725 -0.049981 1.0156 4
 -0.236328 0.00494927 1.03343 144 -0.205307 -0.000493753 1.02677 48 -0.213887 -0.0684542 1.01137 4
 -0.236695 -0.00903616 1.03055 193 -0.216043 -0.0520433 1.01299 4 -0.200721 -0.137543 0.979493 2
 -0.237064 -0.0293992 1.03063 191 -0.177509 -0.0346205 0.988113 7 -0.218616 -0.127535 0.978173 1
 -0.235397 -0.0435572 1.02358 175 -0.229127 -0.087359 1.00077 9 -0.211298 -0.0198207 1.02362 6
 -0.231155 -0.050004 1.0253 195 -0.216308 -0.0874262 0.982376 2 -0.164608 -0.0984375 0.987537 2
 -0.227997 -0.066893 1.01595 173 -0.222553 -0.128989 0.980811 19 -0.213165 -0.0523194 1.02831 6
 -0.20813 0.0162979 1.02233 192 -0.276946 -0.0273059 1.01112 4 -0.237427 0.0133253 1.04151 4
 -0.211123 -0.00064677 1.02654 184 -0.210748 -0.035389 1.01642 13 -0.184406 -0.0254552 0.982074 3
 -0.21456 -0.0203499 1.02831 111 -0.211636 -0.052701 1.02581 36 -0.231155 -0.0157629 1.03577 30
 -0.213485 -0.0176199 1.02235 161 -0.228776 -0.0785283 0.986359 15 -0.181676 -0.0915724 1.01021 9
 -0.21313 -0.0307879 1.02859 80 -0.207623 -0.0524772 1.02457 73 -0.210808 -0.0397984 1.02776 26
 -0.209708 -0.0638428 1.02273 187 -0.213739 -0.0233684 1.02692 8 -0.190423 -0.0312509 0.987925 5
 -0.205981 0.0149229 1.02199 156 -0.172152 -0.0356503 0.974315 21 -0.272818 -0.030114 1.0121 11
 -0.20891 0.00234208 1.02405 165 -0.180985 -0.0341271 0.984924 21 -0.236307 -0.00519967 1.03094 13
 -0.233993 -0.0240491 1.02814 49 -0.211026 -0.0214261 1.00852 44 -0.16216 -0.0724824 0.9775 30
 -0.22911 -0.0289794 1.02308 48 -0.168203 -0.130935 0.986962 42 -0.235007 -0.00766577 1.0353 34
 -0.187047 -0.0532604 1.02029 156 -0.232253 -0.0461918 1.02655 23 -0.15657 -0.0644768 0.974566 13
 -0.198264 -0.0709736 1.02218 142 -0.172808 -0.114021 0.98997 23 -0.220679 -0.0172038 1.03451 19
 -0.156511 -0.0454846 0.969984 134 -0.209201 0.0125563 1.02392 39 -0.164759 -0.0629715 1.0243 13
 -0.163561 -0.0592888 0.970606 200
 -0.16485 -0.0776931 0.983263 197 -0.167324 -0.0365634 0.99201 2 -0.185634 -0.0743916 1.04645 1
 -0.169617 -0.0964611 0.98577 191 -0.186475 -0.0583153 1.02004 9
 -0.172345 -0.0997293 0.98153 200
 -0.189082 -0.129096 0.981957 55 -0.188077 -0.137874 0.985249 41 -0.189059 -0.133547 0.982168 37
 -0.197877 -0.149252 0.995372 83 -0.19994 -0.142241 0.987383 30 -0.201199 -0.137422 0.982244 23
 -0.197626 -0.15045 0.987373 10 -0.186126 -0.148087 1.00981 6 -0.179759 -0.128527 0.990652 2
 -0.211023 -0.0896609 1.01483 99 -0.214156 -0.0705677 1.02291 75 -0.211723 -0.0829901 1.0179 22
 -0.223176 -0.10516 0.992708 199 -0.232852 -0.0754182 1.00806 1
 -0.205946 -0.111474 0.996086 8 -0.215331 -0.0505067 1.02366 6
 -0.204416 -0.147201 0.986177 39 -0.21253 -0.091528 1.00622 9 -0.198348 -0.112305 0.987711 2
