 -0.155284 -0.0914789 0.987002 44 -0.178215 -0.0701794 0.990699 34 -0.0779733 -0.128197 0.94969 32
 -0.161263 -0.0837141 0.99228 103 -0.166904 -0.084515 0.993177 56 -0.146895 -0.124453 1.02591 28
 -0.161465 -0.0763683 0.993251 166 -0.155847 -0.102307 1.01819 32 -0.135164 -0.0445691 0.986885 1
 -0.172009 -0.0767365 0.995372 122 -0.172111 -0.109134 1.01256 34 -0.154079 -0.0643612 0.965221 25
 -0.168801 -0.0782325 0.996495 95 -0.153626 -0.0643094 0.980536 64 -0.172623 -0.10692 1.01971 27
 -0.160418 -0.084288 1.00213 197 -0.169608 -0.0642326 0.977673 2 -0.126518 -0.126088 0.997617 1
 -0.13164 -0.0469815 0.940453 81 -0.139007 -0.0496516 0.949256 47 -0.135877 -0.117011 1.02268 30
 -0.137539 -0.0531435 0.945191 95 -0.142586 -0.0881677 0.998965 86 -0.14179 -0.0636282 0.993604 18
 -0.149286 -0.0730085 0.998139 178 -0.143348 -0.0403691 0.93589 12 -0.106685 -0.0936532 1.01378 6
 -0.153998 -0.0771648 0.999002 84 -0.146345 -0.0492014 0.947731 29 -0.121102 -0.0594052 0.994344 27
 -0.150076 -0.0711177 0.999416 121 -0.142199 -0.0948683 1.02038 35 -0.148842 -0.138455 1.03134 21
 -0.146717 -0.0897462 1.01492 112 -0.147646 -0.0863813 1.01173 79 -0.116938 -0.087183 1.00686 7
 -0.122345 -0.0395007 0.939012 171 -0.129126 -0.0426671 0.985969 29
 -0.123368 -0.0435742 0.940409 115 -0.137154 -0.0595301 0.992763 85
 -0.132645 -0.0774312 1.00535 138 -0.104182 -0.0907265 1.00902 33 -0.124753 -0.0564725 0.93857 24
 -0.10908 -0.0651247 1.01029 74 -0.131354 -0.0868113 1.01192 32 -0.128307 -0.078402 1.0097 31
 -0.133901 -0.0771426 1.00892 200
 -0.131666 -0.0812652 1.02057 200
 -0.101583 -0.040641 0.940573 59 -0.10252 -0.0530122 0.988395 53 -0.0985981 -0.0594125 0.998317 41
 -0.10218 -0.0713373 1.00561 148 -0.105463 -0.0482654 0.947594 52
 -0.104849 -0.0674064 1.00676 188 -0.113881 -0.132956 1.0024 11 -0.1033 -0.0634299 0.947403 1
 -0.109273 -0.0615079 1.00549 77 -0.106222 -0.0925782 1.01951 63 -0.140717 -0.0776891 1.00265 28
 -0.110561 -0.0717248 1.01028 178 -0.126149 -0.129811 1.01656 22
 -0.114796 -0.0915064 1.02611 34 -0.116292 -0.116965 1.0034 15 -0.130241 -0.17483 1.07253 3
 -0.0761782 -0.125466 0.951227 125 -0.113806 -0.141398 1.00628 23 -0.101722 -0.0655121 0.993829 19
 -0.0825218 -0.122484 0.964521 45 -0.163545 -0.190263 1.08406 40 -0.0992356 -0.107838 0.992777 35
 -0.116938 -0.0556135 0.990856 124 -0.10385 -0.105156 0.991042 30 -0.0981912 -0.108596 0.994468 19
 -0.102855 -0.117704 1.0054 106 -0.11445 -0.0685154 1.01088 94
 -0.119916 -0.1298 1.01657 157 -0.165483 -0.1251 1.03282 18 -0.0744663 -0.122672 0.958779 8
 -0.136457 -0.129975 1.02689 152 -0.117319 -0.123188 0.993893 43 -0.160838 -0.168674 1.06654 2
 -0.150305 -0.132192 1.03217 129 -0.145493 -0.150915 1.06959 71
 -0.141429 -0.158487 1.11013 2 -0.168312 -0.128057 1.03647 1
 -0.139764 -0.0955412 1.02211 62 -0.138164 -0.0899554 1.01989 7
 -0.157592 -0.100105 1.0217 194 -0.120225 -0.103254 1.01587 4 -0.144461 -0.136633 1.00332 2
 -0.136402 -0.103405 1.0175 19 -0.124941 -0.120897 1.02509 7 -0.134058 -0.106717 1.01917 1
 -0.149934 -0.161221 1.08863 18 -0.154685 -0.136394 1.03766 17 -0.134277 -0.0856818 1.01532 6
