 0.170004 0.0303048 0.880089 193 0.0925364 -0.0239988 0.877656 7
 0.159416 0.0248473 0.882569 175 0.00983109 -0.0396485 0.909761 23 0.0331371 -0.0564571 0.919837 2
 0.147387 0.01772 0.88716 104 0.024945 -0.0441557 0.921305 66 0.106802 -0.0768792 0.878823 11
 0.0389132 -0.0518066 0.916316 81 0.141131 0.0118199 0.885702 79 0.0413602 -0.0533792 0.911929 19
 0.13425 0.00116655 0.885906 102 0.0471991 -0.0535156 0.913014 93 0.112374 -0.0801227 0.879793 3
 0.062839 -0.0623947 0.915655 99 0.119681 -0.00775699 0.887363 60 0.103137 -0.0027813 0.887384 24
 0.202926 -0.0165164 0.871243 64 0.0868367 -0.066238 0.879665 27 0.11573 -0.0871513 0.859632 22
 0.187864 -0.015817 0.876888 88 0.199229 -0.0522101 0.863355 24 0.120244 -0.0792165 0.85138 19
 0.107472 -0.0212147 0.885311 110 0.169154 -0.0160428 0.890192 49 0.149608 -0.0530955 0.89508 14
 0.169486 -0.0150972 0.889689 35 0.0851204 -0.00771961 0.883852 31 0.149559 -0.0237643 0.893332 29
 0.155537 -0.0245559 0.896421 97 0.148744 -0.0489668 0.890245 25 0.0779286 -0.0270323 0.892218 22
 0.138369 -0.0241754 0.895529 107 0.10311 -0.0420389 0.894948 56 0.125186 -0.060216 0.892113 26
 0.154885 0.0263507 0.882061 112 0.208618 -0.0141706 0.868621 64 0.1995 -0.0474142 0.86642 19
 0.189645 -0.0479035 0.870242 55 0.13005 -0.00768808 0.880129 53 0.157892 0.0203983 0.884565 36
 0.136935 -0.00931037 0.886218 166 0.195195 -0.0518313 0.874943 13 0.166912 -0.00890801 0.888751 13
 0.136827 0.00656331 0.887012 75 0.114343 -0.00347296 0.88311 56 0.126316 -0.0329172 0.886617 27
 0.133143 -0.0196677 0.894567 139 0.162202 -0.0490117 0.896164 48 0.15156 -0.0351214 0.89563 3
 0.123332 -0.0346328 0.8995 87 0.134598 -0.0130319 0.895582 47 0.128942 -0.0341449 0.898979 26
 0.169198 0.0318449 0.878318 92 0.200578 -0.0538085 0.856744 82 0.140104 -0.0895459 0.850416 9
 0.161024 0.0221566 0.885509 121 0.196642 -0.0483677 0.86574 32 0.192243 -0.00350999 0.876829 24
 0.152902 0.016933 0.887077 60 0.135463 -0.087169 0.851032 36 0.181601 -0.0318216 0.879344 27
 0.141836 0.0111604 0.887939 61 0.14602 -0.0559314 0.89884 39 0.115804 -0.0925917 0.87249 26
 0.175316 -0.03895 0.891791 104 0.100007 -0.072351 0.875736 26 0.135985 -0.0705831 0.904229 16
 0.133717 -0.0516348 0.906081 89 0.0892821 -0.0285812 0.889716 34 0.133545 -0.0558597 0.906708 26
 0.202459 -0.0528307 0.856233 134 0.200806 -0.00776341 0.871766 30 0.156499 -0.0742351 0.870746 26
 0.134263 -0.092018 0.848305 110 0.190375 -0.0496688 0.876074 79 0.149865 -0.0699433 0.900069 6
 0.170152 -0.0367924 0.892498 74 0.12629 -0.0861728 0.872082 40 0.0610865 -0.0735394 0.911713 36
 0.0552063 -0.0692999 0.918597 71 0.106052 -0.0843056 0.877421 51 0.0622842 -0.0713959 0.911067 46
 0.0799014 -0.0673169 0.897758 108 0.0955588 -0.07118 0.891 66 0.0870799 -0.0699146 0.89371 22
 0.0710947 -0.053802 0.898244 195 0.14973 -0.065841 0.891005 5
 0.0497565 -0.0224735 0.91821 200
 0.0749529 -0.051378 0.901575 31 0.0517425 -0.0458782 0.918958 24 0.0558669 -0.0462704 0.915918 3
 0.10828 -0.0417986 0.897434 191 0.174178 -0.0565962 0.883568 7
 0.0986537 -0.0591628 0.884449 141 0.109609 -0.0168141 0.889788 59
 0.101974 -0.0338737 0.885835 8 0.199389 -0.0640083 0.869791 2 0.146301 -0.011567 0.88396 1
 0.0862009 -0.0256585 0.886724 40 0.0527811 -0.0246757 0.910946 5 0.0427344 -0.0190673 0.923888 3
