 0.0328722 0.00962172 0.934609 62 0.0310812 0.00747114 0.941924 62 0.0299805 0.0058377 0.947364 48
 0.0321883 -0.00308762 0.944036 90 0.0339623 -0.00180219 0.940008 39 0.0374951 0.00467338 0.926165 38
 0.0427768 0.0131553 0.934718 168 0.0979914 0.00665368 0.94083 15 0.0631999 -0.0308175 0.950084 9
 0.0374832 0.0116783 0.9437 183 0.0566227 -0.0206066 0.956091 10 0.0810923 0.0310287 0.916613 6
 0.0377188 0.00877893 0.944159 191 0.052025 -0.0226317 0.962667 9
 0.0349173 -0.00465674 0.955277 192 0.0553365 0.0113223 0.92546 5 0.0747158 -0.0652627 0.989085 3
 0.0740041 0.0346274 0.924246 51 0.0650601 0.0220508 0.909714 48 0.111437 0.0318905 0.928213 23
 0.0722172 0.0299614 0.927472 88 0.0726229 0.0283826 0.934426 59 0.0636905 -0.00272565 0.960987 35
 0.0613513 0.00646678 0.950891 81 0.0697629 0.018325 0.942753 79 0.0563178 0.0216057 0.917917 21
 0.0668777 0.0224693 0.947494 185 0.085936 -0.0285475 0.978383 9 0.0342369 -0.0136326 0.961904 4
 0.0561204 0.00261688 0.957165 94 0.0661316 0.0397529 0.932982 47 0.0552086 -0.0177359 0.96848 27
 0.0563812 -0.0254142 0.972568 60 0.0498638 0.0163341 0.95189 58 0.0514684 0.0145684 0.955748 50
 0.0935673 0.0441727 0.914738 100 0.123657 0.0193574 0.933014 49 0.0823651 0.016244 0.941168 24
 0.0857847 0.0378845 0.917398 91 0.0795159 0.0301712 0.940928 72 0.0970601 0.0141297 0.961023 20
 0.0739138 0.0112944 0.956267 90 0.076573 0.0261798 0.929848 35 0.0902517 -0.00352814 0.968815 22
 0.0709828 0.0190611 0.951801 88 0.0964479 0.00373832 0.971435 41 0.111011 0.0316495 0.931906 30
 0.0662886 0.0014781 0.966653 194 0.0767899 -0.032792 0.977004 2 0.0857529 0.0385862 0.921714 2
 0.0722368 -0.0142971 0.977617 179 0.0807093 0.0332184 0.94223 7 0.0544439 -0.0388759 0.97772 5
 0.109654 0.03789 0.937278 93 0.102725 0.0431554 0.909506 68 0.136743 -0.0546302 0.927139 20
 0.102283 0.0311825 0.941369 166 0.0961896 0.0369423 0.9137 24 0.125498 -0.0547585 0.933655 7
 0.098283 0.0175529 0.954044 189 0.0832762 0.0452759 0.90616 11
 0.0956579 0.00844602 0.968371 182 0.0849997 0.0556355 0.919374 11 0.0610846 0.0115843 0.952204 3
 0.0917367 -0.00295837 0.975363 196 0.0644991 -0.00367446 0.963872 3 0.0771968 0.0242455 0.959918 1
 0.0925294 -0.0165684 0.986581 123 0.0631283 -0.081877 0.982058 7 0.0581581 -0.00845713 0.965723 3
 0.136256 -0.054494 0.929915 172 0.102038 0.041277 0.913719 22 0.119997 0.0306298 0.940304 6
 0.122396 -0.0513919 0.950823 186 0.108251 0.027081 0.947328 10 0.106718 0.0337493 0.915064 3
 0.107775 -0.0563293 0.967058 129 0.106247 0.0418354 0.91586 30 0.0893448 -0.0310648 0.981958 18
 0.0989547 -0.060071 0.975041 151 0.105721 0.0294391 0.93298 29 0.100556 0.0141127 0.956677 10
 0.0761151 -0.0699925 0.986584 197 0.0912085 -0.00458265 0.968133 3
 0.0639249 -0.0639621 0.985885 190 0.0955984 -0.0163837 0.970367 9 0.0890194 0.0104619 0.960781 1
 0.0293277 -0.0780864 1.00744 200
 0.0604114 -0.0825083 1.00745 3 0.0237759 -0.091493 1.00976 1
 0.0625093 -0.0255754 0.985906 9 0.0653685 0.00714896 0.966954 9 0.0804595 0.0213389 0.954893 1
 0.0472367 -0.0243616 0.966067 200
 0.0440517 -0.0391305 0.982002 8 0.0374552 -0.0436828 0.980797 4 0.0543962 -0.0335788 0.984027 4
 0.0249102 -0.0804455 1.00473 113 0.0299546 -0.0736492 0.995781 54 0.0271905 -0.0773692 1.00028 31
