 -0.142577 -0.00883427 0.985589 136 -0.127203 0.0178117 0.956739 40 -0.1332 -0.0766098 0.986035 12
 -0.143884 -0.00239706 0.988361 148 -0.129348 0.0150846 0.963717 32 -0.121014 -0.0728604 0.986804 12
 -0.149185 -0.000676258 0.987146 126 -0.151286 -0.0482979 1.00497 33 -0.13585 0.0125648 0.973813 20
 -0.15527 -0.0014324 0.994332 171 -0.156186 -0.030013 1.0016 13 -0.126286 -0.0707299 1.00078 11
 -0.156782 -0.00836237 0.999901 183 -0.132602 -0.0762915 1.0048 10 -0.131342 -0.0516534 1.00149 7
 -0.159211 -0.027475 1.00324 134 -0.138718 -0.0604754 1.00109 36 -0.144173 0.00475156 1.00081 28
 -0.117194 0.0209384 0.957516 125 -0.130215 -0.0539887 1.0072 45 -0.119237 0.0153028 0.987487 24
 -0.117326 0.0197644 0.962399 82 -0.127647 0.00321986 0.995361 73 -0.136993 -0.0407213 1.00265 41
 -0.132494 -0.00176006 0.994877 189 -0.0875552 0.00476643 0.992305 8 -0.0878114 0.0070807 0.941841 3
 -0.138923 -0.000259584 0.998099 85 -0.138109 0.0058139 0.995101 77 -0.102558 -0.0477587 1.00214 10
 -0.138317 -0.00554017 0.995915 84 -0.12791 -0.0309 1.01129 50 -0.137748 -0.0348783 1.01207 46
 -0.137 -0.0272345 1.01567 83 -0.150591 -0.0451688 1.01293 56 -0.13483 -0.00282762 1.00511 27
 -0.107961 0.0279008 0.948253 145 -0.109645 0.0219016 0.984088 33 -0.080098 0.0237633 0.951995 21
 -0.117427 0.0167986 0.989021 96 -0.115811 0.0180198 0.956123 62 -0.11397 -0.00992551 1.0046 18
 -0.119727 0.00623844 1.00131 99 -0.11913 0.00135269 1.00441 60 -0.09414 0.000877008 0.985367 38
 -0.123263 0.00967888 0.998636 138 -0.0876968 0.00812603 0.994491 39 -0.119314 -0.0154441 1.00369 14
 -0.123249 -0.0069072 1.00918 192 -0.115187 0.0228045 0.982152 6 -0.117733 0.0196322 0.985601 2
 -0.120781 -0.0158566 1.0187 122 -0.116407 -0.0106237 1.01782 78
 -0.082877 0.0250103 0.943117 136 -0.0815439 0.0174424 0.986358 38 -0.0710036 -0.049238 0.950006 23
 -0.0899363 0.0135032 0.994842 63 -0.0829642 -0.0433512 0.964593 60 -0.0941258 0.0106747 0.997739 43
 -0.0997466 -0.00575877 1.0057 107 -0.0913269 0.00143353 0.999903 58 -0.0951349 -0.00174362 1.00251 26
 -0.0883729 -0.0124969 1.00829 198 -0.0825413 0.0210238 0.969501 1 -0.132576 -0.0201805 1.00397 1
 -0.0970045 -0.00115941 1.00877 195 -0.098217 -0.0396264 1.01507 3 -0.137693 -0.0888329 1.01391 2
 -0.10171 -0.0249117 1.0243 52 -0.108041 -0.0627398 0.992584 13
 -0.0783738 -0.0528571 0.95189 57 -0.0807601 -0.0547959 0.955273 43 -0.0902181 0.0197367 0.950132 39
 -0.0804264 0.0178174 0.956829 46 -0.0807383 -0.0327208 0.94313 41 -0.110774 -0.0522231 0.998532 40
 -0.102469 -0.043004 0.97926 74 -0.0929425 0.0179664 0.979452 43 -0.0795937 -0.0374453 0.9494 39
 -0.0970431 -0.0557341 0.989968 93 -0.0953257 -0.0305339 1.01796 54 -0.0932221 0.00498868 0.996401 44
 -0.116436 -0.0683476 1.00148 135 -0.0761703 -0.053849 0.961871 27 -0.0960672 -0.0290829 1.01876 26
 -0.137717 -0.0680154 1.00845 195 -0.104821 -0.0367198 1.00776 4 -0.111523 -0.0162299 1.0169 1
 -0.160598 -0.0861763 1.03712 192 -0.137336 -0.103283 1.05848 4 -0.14249 -0.0292248 1.00468 4
 -0.140996 -0.0861447 1.04524 9 -0.112686 -0.0326699 1.00633 6 -0.168754 -0.0604454 1.02565 5
 -0.157492 -0.0598928 1.01608 66 -0.135592 -0.032858 1.01826 25 -0.105626 -0.0300909 1.01145 24
 -0.151128 -0.033764 1.01002 190 -0.153486 -0.0822912 1.01688 8 -0.113523 -0.0566687 0.995557 2
 -0.125421 -0.039644 1.01495 27 -0.155975 -0.0594525 1.01295 20
 -0.164919 -0.0891903 1.04561 42 -0.153512 -0.0518787 1.00932 24
