 -0.20023 -0.0756751 0.923249 189 -0.116849 -0.0592271 0.901296 11
 -0.19952 -0.0886039 0.930255 199 -0.158459 -0.0661393 0.920052 1
 -0.196136 -0.102458 0.940947 184 -0.185439 -0.151989 0.952783 7 -0.18571 -0.147646 0.950193 3
 -0.192145 -0.107818 0.944703 175 -0.189417 -0.158777 0.954263 15 -0.173823 -0.166937 0.964816 4
 -0.188315 -0.114188 0.94675 166 -0.187847 -0.154841 0.962227 26 -0.139538 -0.160298 0.970999 5
 -0.1861 -0.127211 0.949224 195 -0.157756 -0.170995 0.971316 5
 -0.15197 -0.0573339 0.920279 200
 -0.155839 -0.069903 0.932372 199 -0.160771 -0.146557 0.972559 1
 -0.162418 -0.0814342 0.942382 183 -0.174459 -0.135998 0.955251 14 -0.129609 -0.0807652 0.919518 3
 -0.163735 -0.0922915 0.947359 187 -0.186735 -0.142635 0.954098 13
 -0.158094 -0.102848 0.953797 82 -0.157102 -0.114769 0.96195 80 -0.157614 -0.109674 0.958584 38
 -0.161183 -0.116663 0.963983 191 -0.19015 -0.152971 0.963645 8 -0.156978 -0.172945 0.976313 1
 -0.148147 -0.057074 0.922353 125 -0.123436 -0.0622815 0.907066 60 -0.13362 -0.0750544 0.931272 7
 -0.150633 -0.0730848 0.934092 192 -0.150388 -0.131077 0.963473 5 -0.185808 -0.103644 0.940139 3
 -0.149097 -0.0865629 0.939092 109 -0.13196 -0.128391 0.975048 34 -0.154101 -0.113849 0.962266 32
 -0.138618 -0.0935066 0.950356 87 -0.144619 -0.113362 0.96178 40 -0.159729 -0.131075 0.958533 25
 -0.144697 -0.105106 0.966397 84 -0.141401 -0.0964579 0.962118 82 -0.150313 -0.14727 0.974887 31
 -0.143321 -0.113838 0.975324 197 -0.180187 -0.168776 0.972775 2 -0.111719 -0.108296 0.940293 1
 -0.114199 -0.0586973 0.899719 62 -0.148349 -0.0514896 0.919836 51 -0.0986119 -0.114544 0.927276 33
 -0.0982267 -0.12466 0.925271 69 -0.149604 -0.0635045 0.926549 61 -0.118816 -0.0662839 0.906468 46
 -0.15545 -0.0707706 0.929552 80 -0.106066 -0.100648 0.941196 40 -0.108019 -0.13075 0.928962 34
 -0.112513 -0.10871 0.944845 99 -0.160794 -0.0851823 0.940119 53 -0.128016 -0.0724198 0.930343 33
 -0.128479 -0.110101 0.966923 144 -0.147169 -0.087392 0.958529 22 -0.118983 -0.15404 0.960813 15
 -0.134087 -0.128125 0.985803 136 -0.158618 -0.192873 1.04134 9 -0.143352 -0.171155 0.976133 9
 -0.0979278 -0.107789 0.934918 79 -0.0955998 -0.124682 0.92375 66 -0.096041 -0.121052 0.925967 45
 -0.100225 -0.124028 0.932169 165 -0.16969 -0.209276 0.983657 31 -0.112359 -0.13611 0.982036 2
 -0.107982 -0.136557 0.970868 146 -0.106565 -0.126497 0.929191 53 -0.10792 -0.137688 0.942492 1
 -0.117957 -0.149614 0.970646 160 -0.104635 -0.143434 0.940413 23 -0.107895 -0.119993 0.940062 11
 -0.13489 -0.168216 0.97152 132 -0.176189 -0.155046 0.963945 36 -0.173899 -0.160683 0.968506 16
 -0.13981 -0.15195 0.966564 62 -0.125945 -0.128707 0.978943 11 -0.157303 -0.150549 0.95102 4
 -0.164933 -0.15251 0.96498 115 -0.155661 -0.197159 1.04442 7 -0.160775 -0.0651906 0.9303 1
 -0.139162 -0.155532 0.965685 15 -0.156088 -0.183511 0.986641 11 -0.182501 -0.163173 0.96099 2
 -0.171329 -0.139681 0.973487 45 -0.148624 -0.13822 0.97608 40 -0.150164 -0.142449 0.97719 15
 -0.172758 -0.140544 0.967419 199 -0.186645 -0.0929699 0.95024 1
 -0.154934 -0.15839 0.9807 1 -0.132959 -0.1358 0.97181 1
 -0.170125 -0.168554 0.974116 40 -0.153748 -0.189986 0.9846 36 -0.158134 -0.111064 0.94757 1
