 0.183512 -0.1078 0.85873 67 0.109753 -0.188311 0.863387 40 0.0876928 -0.129697 0.793352 28
 0.176533 -0.11589 0.86419 56 0.110577 -0.183718 0.855712 30 0.0849248 -0.149946 0.776986 29
 0.0938721 -0.183569 0.853906 83 0.0870194 -0.142148 0.793108 38 0.140281 -0.126628 0.888633 18
 0.0982442 -0.179579 0.864169 67 0.119629 -0.108574 0.811065 33 0.0933128 -0.125875 0.795012 27
 0.110821 -0.12062 0.816945 59 0.104291 -0.17785 0.873752 38 0.118152 -0.159027 0.881177 38
 0.102868 -0.134976 0.77971 38 0.119643 -0.0992908 0.806898 33 0.0865961 -0.139442 0.789553 29
 0.106912 -0.114704 0.825609 126 0.0978505 -0.114832 0.7871 56 0.107989 -0.126969 0.862207 8
 0.0949351 -0.125819 0.79193 58 0.104091 -0.120907 0.828545 47 0.112847 -0.133709 0.864701 46
 0.0892686 -0.133782 0.798024 45 0.105118 -0.147356 0.864078 37 0.1144 -0.122742 0.812921 33
 0.122929 -0.15143 0.895373 52 0.110443 -0.13993 0.86975 25 0.102375 -0.124508 0.827022 21
 0.118449 -0.154954 0.877141 42 0.120636 -0.153909 0.881178 40 0.0950378 -0.106092 0.801825 37
 0.136882 -0.147986 0.889326 53 0.0978728 -0.126986 0.805844 37 0.105956 -0.155552 0.876085 29
 0.11774 -0.104859 0.810104 181 0.173368 -0.115438 0.861118 7 0.116612 -0.11818 0.863966 6
 0.110765 -0.111313 0.818438 109 0.129652 -0.100317 0.798699 27 0.142663 -0.119718 0.895607 26
 0.125297 -0.139269 0.889622 81 0.128568 -0.115135 0.803758 51 0.111808 -0.119758 0.826284 47
 0.102136 -0.124721 0.832634 80 0.129839 -0.144617 0.89733 42 0.150159 -0.136485 0.898857 39
 0.128856 -0.147253 0.90194 79 0.105949 -0.0948253 0.832504 28 0.0818529 -0.195059 0.819744 22
 0.132975 -0.149375 0.908179 44 0.10224 -0.165574 0.879304 21 0.0878391 -0.127836 0.798858 13
 0.171492 -0.106292 0.863805 125 0.149397 -0.113246 0.889214 34 0.132005 -0.105369 0.796693 26
 0.150366 -0.132025 0.89402 193 0.119783 -0.118227 0.803748 6 0.113256 -0.117479 0.803919 1
 0.14346 -0.14424 0.899026 171 0.125303 -0.117605 0.805006 17 0.103599 -0.140924 0.862973 5
 0.143149 -0.141128 0.900508 193 0.131581 -0.109237 0.802255 5 0.11313 -0.128864 0.810142 2
 0.131871 -0.153194 0.901314 122 0.157115 -0.130034 0.900223 57 0.0675221 -0.223189 0.989752 8
 0.139543 -0.142527 0.898875 2 0.0927146 -0.186482 0.846935 1 0.120769 -0.104144 0.810667 1
 0.180569 -0.112528 0.859705 199 0.0836901 -0.186144 0.819364 1
 0.164407 -0.122662 0.890325 183 0.135209 -0.116322 0.800497 10 0.110072 -0.178294 0.867878 7
 0.156371 -0.136817 0.901185 114 0.147381 -0.125539 0.88998 35 0.153043 -0.132479 0.897032 30
 0.145339 -0.139347 0.901164 82 0.108344 -0.182385 0.878237 37 0.128977 -0.175285 0.908675 24
 0.143557 -0.146874 0.883912 29 0.0880145 -0.181279 0.851378 1 0.147248 -0.165766 0.9187 1
 0.0927289 -0.18578 0.843848 2 0.110504 -0.0960118 0.825583 2 0.109734 -0.194106 0.867371 1
 0.129829 -0.145948 0.903839 94 0.0990988 -0.122157 0.787793 78 0.10019 -0.195139 0.988937 15

 0.129971 -0.141 0.89955 0.784996
 0.101039 -0.126816 0.793313 22 0.108203 -0.152344 0.875306 11 0.0840866 -0.112699 0.788002 8
 0.141757 -0.156596 0.919796 4
 0.116279 -0.166717 0.900556 11 0.0977323 -0.179407 0.97748 1
