 -0.152411 -0.0805674 0.833238 91 -0.177285 -0.145236 0.86513 76 -0.114033 -0.0993465 0.856703 17
 -0.173674 -0.147261 0.86788 72 -0.155777 -0.0947821 0.845938 39 -0.155189 -0.0967878 0.856829 29
 -0.153612 -0.111454 0.883231 88 -0.166747 -0.147943 0.878231 46 -0.159269 -0.151109 0.884412 45
 -0.152211 -0.123004 0.888004 72 -0.147386 -0.154265 0.890446 64 -0.142557 -0.155177 0.892313 39
 -0.130047 -0.154473 0.897493 90 -0.151923 -0.151529 0.891779 79 -0.15541 -0.104584 0.871202 10
 -0.138457 -0.151517 0.899305 171 -0.102822 -0.158936 0.908786 17 -0.148136 -0.107367 0.889741 7
 -0.106753 -0.0801001 0.868396 83 -0.173899 -0.0987208 0.851948 40 -0.150754 -0.102376 0.875403 18
 -0.107811 -0.0903792 0.873187 70 -0.158724 -0.12529 0.880071 60 -0.0509283 -0.182447 0.954869 21
 -0.154116 -0.117819 0.887253 125 -0.143251 -0.0991688 0.883185 35 -0.103882 -0.0901411 0.86537 19
 -0.142199 -0.0987105 0.887724 116 -0.146508 -0.124928 0.89408 49 -0.145863 -0.114388 0.891391 21
 -0.126315 -0.113113 0.9027 92 -0.115679 -0.117592 0.907688 53 -0.122394 -0.113209 0.904202 33
 -0.127512 -0.126672 0.905744 172 -0.0730468 -0.157325 0.911738 15 -0.0745862 -0.189058 0.96152 10
 -0.079729 -0.0849354 0.850747 90 -0.178477 -0.103447 0.845325 33 -0.104002 -0.0806141 0.864629 31
 -0.128378 -0.109474 0.890656 75 -0.146339 -0.0949408 0.862316 32 -0.087559 -0.0920549 0.851819 21
 -0.0844626 -0.115136 0.90632 70 -0.120723 -0.119323 0.905368 28 -0.138192 -0.109642 0.893531 28
 -0.146862 -0.0941867 0.88319 100 -0.0694408 -0.103988 0.891178 28 -0.0981423 -0.105035 0.910437 23
 -0.102975 -0.115023 0.909824 176 -0.112408 -0.101892 0.870647 20 -0.144941 -0.134995 0.892162 3
 -0.100199 -0.110072 0.915159 131 -0.116413 -0.0869413 0.870091 34 -0.0960222 -0.164186 0.911474 16
 -0.068961 -0.0859083 0.859224 47 -0.154031 -0.0778954 0.830809 46 -0.0797435 -0.126052 0.907117 36
 -0.050087 -0.11513 0.905227 83 -0.0890654 -0.115619 0.906637 31 -0.065734 -0.0876274 0.868436 28
 -0.050569 -0.108576 0.907299 119 -0.0655446 -0.0948816 0.865896 28 -0.142384 -0.106589 0.889751 24
 -0.0563982 -0.0950417 0.895708 101 -0.0642549 -0.0841209 0.871841 40 -0.0567489 -0.131948 0.915456 27
 -0.0643336 -0.112093 0.904425 189 -0.129552 -0.103983 0.90023 8 -0.134071 -0.0841373 0.862353 2
 -0.124257 -0.116111 0.910362 95 -0.132849 -0.115146 0.906784 59 -0.0893424 -0.128064 0.918698 23
 -0.0426732 -0.218235 0.981227 80 -0.0417426 -0.224334 0.989987 61 -0.0910554 -0.0835273 0.846786 23
 -0.05816 -0.205871 0.990871 96 -0.0723355 -0.0955766 0.86958 68 -0.0574452 -0.209792 0.995645 29
 -0.0676929 -0.103256 0.895294 185 -0.0829193 -0.175353 0.911329 15
 -0.0629906 -0.116594 0.910255 91 -0.110867 -0.165748 0.912819 51 -0.0972348 -0.171284 0.916095 41
 -0.0614446 -0.130044 0.919898 125 -0.103965 -0.165828 0.911776 75
 -0.0745283 -0.139365 0.908081 195 -0.141128 -0.13307 0.900032 5
 -0.0858952 -0.161007 0.916637 64 -0.0806028 -0.173222 0.954121 44 -0.154566 -0.105519 0.857808 43
 -0.0556775 -0.149783 0.953835 50 -0.0756475 -0.132601 0.912259 40
 -0.0941583 -0.128538 0.918756 76 -0.129589 -0.121555 0.906694 28 -0.103208 -0.162072 0.908544 17
 -0.112602 -0.143562 0.905068 200
 -0.0945579 -0.164176 0.912894 17 -0.0760683 -0.145276 0.901852 13 -0.107322 -0.138424 0.913732 5
 -0.0711387 -0.166669 0.930527 7 -0.108802 -0.0956581 0.864072 5
