 -0.114745 0.0390462 1.05927 196 -0.0573793 0.0638114 1.0622 3 -0.0853323 -0.0374301 1.07236 1
 -0.111846 0.027805 1.0628 197 -0.0511855 0.0571907 1.06225 3
 -0.107166 0.0151176 1.06871 193 -0.12092 0.0457353 1.05108 7
 -0.103423 0.00362764 1.07223 200
 -0.100844 0.00251154 1.0738 200
 -0.101653 -0.00233519 1.074 198 -0.0891182 -0.0535392 1.06909 1 -0.101378 0.0532113 1.05742 1
 -0.0723975 0.0530554 1.06618 162 -0.0851431 0.0564068 1.09443 17 -0.112877 0.03825 1.05668 14
 -0.0764058 0.041676 1.07214 176 -0.0860703 0.0530225 1.09123 15 -0.116097 0.0288585 1.06442 8
 -0.0814238 0.0463383 1.07261 112 -0.0775392 0.0330971 1.07617 57 -0.0799748 0.0418508 1.07367 23
 -0.0807673 0.0302614 1.07773 187 -0.0711996 -0.0848515 1.07998 8 -0.0932438 -0.0351871 1.07457 5
 -0.0741258 0.0103349 1.08511 181 -0.0388497 -0.0349374 1.06625 9 -0.0534459 -0.0301981 1.09162 7
 -0.0738019 0.00121461 1.08682 178 -0.074367 -0.0473137 1.07565 21 -0.0750937 -0.0370331 1.07976 1
 -0.0486979 0.0581954 1.06147 200
 -0.0560982 0.0428422 1.07253 197 -0.0302187 0.0689657 1.05017 2 -0.097756 -0.16199 1.12396 1
 -0.0559498 0.023256 1.08027 80 -0.0773464 0.0378774 1.07289 46 -0.0594488 0.0537281 1.06998 35
 -0.0582698 0.0148547 1.08668 87 -0.0896069 0.0463718 1.09985 30 -0.0839228 0.0351248 1.07306 30
 -0.0575695 0.00377154 1.09448 65 -0.0565268 0.0233061 1.08805 54 -0.0558856 -0.00619082 1.09614 53
 -0.0593196 -0.00209907 1.09562 200
 -0.0499927 0.0579834 1.06181 133 -0.0123657 0.01214 1.03481 59 -0.11769 0.0562736 1.05668 7
 -0.0526443 0.0495567 1.06583 116 -0.0176046 0.00362474 1.03297 66 -0.0232055 0.0221493 1.05742 10
 -0.0239551 -0.0115455 1.04304 63 -0.0692478 0.0413859 1.07074 60 -0.0267099 0.0122933 1.0745 23
 -0.0743771 0.036825 1.07368 80 -0.0205356 -0.0354932 1.06276 25 -0.0200013 -0.0623946 1.06342 20
 -0.0507707 -0.00382942 1.09542 57 -0.0347272 0.0126276 1.08398 34 -0.0476438 0.0387671 1.08254 29
 -0.0527292 0.00142282 1.09787 114 -0.0520954 -0.0333931 1.08818 42 -0.0806023 -0.114182 1.10548 12
 -0.0104884 0.00591045 1.03534 167 -0.0454311 0.0662038 1.0572 17 -0.0168338 0.001249 1.08711 5
 -0.0173567 -0.00269523 1.04204 167 -0.0185765 -0.00438401 1.09305 24 -0.0941707 -0.139283 1.09673 7
 -0.0235886 -0.0278905 1.05984 191 -0.0165788 0.00389495 1.08659 8 -0.0808301 0.0420511 1.07359 1
 -0.0287596 -0.0436228 1.06918 197 -0.0249026 0.000787193 1.08756 2 -0.0983864 -0.142833 1.12163 1
 -0.0430197 -0.0630095 1.07571 200
 -0.0603884 -0.0776174 1.0798 190 -0.0590246 -0.0325432 1.07524 8 -0.0598821 -0.0442436 1.07022 1
 -0.0903396 -0.100415 1.09759 200
 -0.0703945 -0.104922 1.10283 17 -0.0899123 -0.0678295 1.07789 12 -0.0985488 -0.136354 1.11524 4
 -0.0688703 -0.02521 1.09594 103 -0.0923002 -0.0622418 1.07393 4
 -0.0885285 -0.039 1.07829 178 -0.0627555 -0.0582587 1.07751 20 -0.0658165 -0.0549738 1.07766 1
 -0.0648793 -0.0438734 1.08792 7 -0.084661 -0.0907166 1.08074 4 -0.0695615 -0.0059688 1.08907 2
 -0.0715968 -0.106407 1.09302 55 -0.0863647 -0.0851618 1.07714 55 -0.074889 -0.0360813 1.08905 12
