 -0.0530391 -0.00848283 0.975657 109 -0.046659 -0.0683462 0.984351 53 -0.00763629 0.0279661 0.976446 38
 -0.0538222 -0.0150619 0.977312 57 -0.0151332 0.0179423 0.977542 55 -0.0473119 -0.0664411 0.986679 47
 -0.0522281 -0.0536284 0.986143 84 0.00248158 -0.0549879 0.991508 46 -0.0502057 -0.0367159 0.983807 22
 -0.00576427 -0.0669775 0.990876 78 -0.0507129 -0.0387549 0.98635 53 -0.0487571 -0.0498725 0.987478 44
 -0.0453256 -0.0367671 0.980553 92 -0.0432663 -0.0648173 0.987047 33 -0.00906163 -0.0823933 1.01127 17
 -0.0522112 -0.0314442 0.982998 60 -0.0356118 -0.0476093 0.985891 55 -0.0414646 -0.0595776 0.98715 52
 -0.037837 0.0108851 0.969747 183 -0.0308428 -0.0719795 0.989516 11 -0.032639 -0.0392272 0.972212 6
 -0.0433594 -0.00454542 0.975313 176 -0.0376846 -0.0582265 0.980449 24
 -0.0432495 -0.024542 0.982815 197 -0.00275193 -0.0552315 0.999524 3
 -0.0371913 -0.0417098 0.984445 79 -0.0403614 -0.012043 0.976447 46 -0.0309287 -0.00703311 0.975724 45
 -0.0330186 -0.0300576 0.982587 108 -0.0542534 -0.0463327 0.993125 69 -0.0203846 -0.0872941 1.0128 13
 -0.0345784 -0.0385227 0.983967 101 -0.0356404 -0.0341058 0.983389 84 -0.0293291 -0.103751 1.01658 15
 -0.0123885 0.0244706 0.973434 200
 -0.0217762 0.00623039 0.972824 200
 -0.0279647 -0.0124684 0.97476 196 -0.057948 -0.00112966 0.979894 4
 -0.0297785 -0.0280823 0.978104 165 -0.00849732 -0.0732931 0.99704 25 -0.0128843 -0.00692904 0.985567 10
 -0.0301155 -0.0320226 0.98275 189 -0.0197129 -0.0926564 1.00771 5 -0.0253595 -0.110092 1.01999 4
 -0.0368638 -0.0445004 0.986277 102 -0.0182809 -0.102523 1.01807 18 -0.0141078 -0.0591319 0.999099 17
 -0.00626852 0.0234602 0.973033 195 -0.0120399 -0.168342 1.07266 5
 -0.0123058 0.012653 0.975993 198 -0.0198999 -0.184746 1.08643 1 0.00710561 -0.0343187 0.99775 1
 -0.0247191 -0.007615 0.976118 187 0.00321794 -0.0273179 0.997426 12 -0.00658913 -0.0253989 0.99729 1
 -0.0320085 -0.0112782 0.979155 70 -0.00498365 -0.10886 1.01024 30 -0.000596529 -0.0895414 0.999911 29
 -0.0109851 -0.0165129 0.999054 107 -0.000236401 -0.0391771 1.0099 60 -0.0185588 -0.144332 1.0446 28
 -0.0079268 -0.0339398 1.01093 31 -0.0446356 -0.0370753 0.974233 24 -0.0486651 -0.0584561 0.98878 12
 -0.0165628 0.0243288 0.975307 140 -0.0465352 -0.0667931 0.972636 37 -0.0489614 -0.110274 1.0192 12
 -0.0222124 0.00895649 0.978875 121 -0.000435516 -0.0327851 1.00693 42 -0.0397278 -0.120319 1.04042 13
 -0.00971203 -0.0383861 1.00179 142 -0.00618847 -0.0837109 1.00772 19 -0.00501606 -0.078522 1.0081 12
 -0.0105052 -0.0915214 1.02014 171 -0.00342247 -0.0571198 1.00888 17 -0.0392019 -0.163786 1.07437 7
 -0.011535 -0.0736703 1.00921 197 -0.0113196 -0.0191666 0.998771 2 -0.0503437 -0.081112 1.02157 1
 -0.0193511 -0.0461679 0.988554 65 -0.00605102 -0.0606853 1.00535 52 -0.0172443 -0.104113 1.02129 42
 -0.0373901 -0.120975 1.04655 193 -0.0438251 -0.0957661 1.02271 7
 -0.0187255 -0.0725622 1.00512 36 -0.0179294 -0.0946686 1.0229 28 -0.014772 -0.126304 1.04951 9
 -0.0340025 -0.0614353 0.990634 71 -0.035618 -0.0682477 0.994118 44 -0.014863 -0.106899 1.02297 20
 -0.0448488 -0.0754437 1.00588 169 -0.019901 -0.0845326 1.00803 31
 -0.0387643 -0.114526 1.03999 27 -0.0332008 -0.0900923 1.01347 3 -0.0369168 -0.100309 1.02741 1
 -0.0414684 -0.125283 1.05138 20 -0.0418538 -0.12003 1.04992 6 -0.0400882 -0.146786 1.06256 3
