 -0.0506476 -0.044289 0.962225 64 -0.0337948 -0.0274902 0.933903 61 -0.0588311 -0.0757085 0.989862 23
 -0.0410565 -0.0260005 0.942008 82 -0.0583116 -0.0712829 0.982384 49 -0.0566763 -0.0422997 0.964446 24
 -0.0592143 -0.0593534 0.977215 80 -0.0803766 -0.0454407 0.984414 68 -0.0487522 -0.0345154 0.957674 31
 -0.0797113 -0.0489771 0.994313 76 -0.05996 -0.0435105 0.975543 71 -0.0881579 -0.116678 1.03482 21
 -0.0794783 -0.0554567 0.999417 80 -0.0629023 -0.0465177 0.982197 62 -0.0450431 -0.0519204 0.959787 25
 -0.0593635 -0.0533285 0.985202 141 -0.0828132 -0.0753572 0.999123 34 -0.0560706 -0.0498687 0.982974 13
 -0.0295586 -0.0220128 0.936949 133 -0.0364659 -0.0414289 0.963665 32 -0.0466421 -0.0748656 0.996502 31
 -0.0312411 -0.0194044 0.943396 105 -0.0452605 -0.0351506 0.964857 37 -0.0382375 -0.0367696 0.980022 22
 -0.0440757 -0.0522577 0.987395 142 -0.0407408 -0.0293483 0.954427 54 -0.010016 -0.0332497 0.923346 2
 -0.0488968 -0.0344393 0.97647 82 -0.0603584 -0.0464505 0.98644 54 -0.0366874 -0.0583356 0.996582 28
 -0.0533818 -0.0543654 0.984832 85 -0.0509495 -0.0469138 0.979933 56 -0.0388299 -0.0645626 1.0039 41
 -0.0428899 -0.0720344 1.00879 71 -0.0509749 -0.0432673 0.981366 47 -0.0500768 -0.0742719 1.00943 36
 -0.0237598 -0.016546 0.936126 148 0.00465505 -0.038786 0.987925 28 0.000997611 -0.0963128 0.989736 9
 -0.031533 -0.0244784 0.945062 45 -0.013051 -0.0331251 0.985719 44 -0.0214635 -0.0333575 0.98375 39
 -0.0284698 -0.0943103 0.990998 82 -0.0325014 -0.0453726 0.992567 69 -0.0134394 -0.0490602 0.98945 36
 -0.01925 -0.0893598 1.00016 73 -0.0345107 -0.0391134 0.983117 63 -0.00146687 -0.0325794 0.985245 50
 -0.0382608 -0.0497084 0.995437 110 -0.0327455 -0.06589 1.00985 75 -0.0346923 -0.0607598 1.00479 13
 -0.0318799 -0.0649598 1.00966 194 -0.0294801 -0.0280318 0.94364 6
 0.0015117 -0.0163537 0.923337 143 0.0032056 -0.0248211 0.974266 47 0.0257554 -0.113522 0.962195 10
 -0.00424896 -0.0311824 0.983942 163 -0.00315114 -0.0262918 0.929608 27 0.0159811 -0.106466 0.969436 10
 -0.0108027 -0.0472644 0.991778 192 -0.00628618 -0.0402862 0.927422 7 -0.0235563 -0.0157999 0.928526 1
 -0.00881886 -0.0466574 0.998204 87 -0.00220168 -0.0609576 1.00174 75 -0.00446218 -0.0553455 1.00052 28
 -0.0101051 -0.0479194 0.999432 128 -0.0140489 -0.0598634 1.00495 70 -0.0116443 -0.0542242 1.00243 2
 -0.0135126 -0.0739787 0.999856 104 -0.0794354 -0.0687341 1.01164 9 -0.0118162 -0.0672611 1.01435 7
 0.0260204 -0.107073 0.962413 196 0.00345026 -0.0176793 0.925592 1 0.00372341 -0.0247571 0.981088 1
 0.00754078 -0.102588 0.982664 189 -0.00204546 -0.0221101 0.929565 10 -0.0187123 -0.0322901 0.992334 1
 0.00359485 -0.104991 0.992149 105 -0.00666751 -0.0224002 0.969894 49 -0.00849872 -0.0577807 1.00075 23
 -0.016705 -0.071483 1.01186 75 -0.0116141 -0.100652 1.00147 62 -0.00690904 -0.0351608 0.986696 45
 -0.0369656 -0.110398 1.01427 200
 -0.0532859 -0.110235 1.021 200
 -0.0837834 -0.109504 1.04921 175 -0.0870056 -0.10212 1.02292 18 -0.0413793 -0.0434471 0.977528 4
 -0.087816 -0.117177 1.04577 6 -0.0603778 -0.12314 1.04732 2
 -0.051598 -0.0796852 1.00991 11 -0.0488838 -0.0730141 1.01136 6 -0.0789936 -0.0827798 0.997512 1
 -0.0637445 -0.0731666 1.00151 110 -0.0515742 -0.0583819 0.991733 57 -0.104752 -0.0968959 1.0649 17
 -0.0623737 -0.0633446 0.995657 18 -0.071281 -0.0971302 1.01979 1
 -0.0838045 -0.116163 1.05073 53 -0.0627878 -0.107808 1.01681 6 -0.0625891 -0.082657 1.00731 5
