 -0.0385594 -0.0336871 0.825777 194 -0.00899168 -0.153745 0.966144 4 -0.0448999 -0.116641 0.885912 2
 -0.0386901 -0.0443194 0.830266 194 -0.0187185 -0.148825 0.961333 4 -0.0343666 -0.120542 0.889826 2
 -0.0340024 -0.0603526 0.834344 125 -0.00443588 -0.110029 0.880146 23 -0.0259994 -0.122569 0.896787 20
 -0.0349588 -0.0725295 0.843066 99 0.00375647 -0.105971 0.881921 18 0.00464274 -0.073327 0.829916 15
 -0.0332253 -0.0857316 0.850817 77 -0.0349147 -0.106506 0.886849 47 -0.0377574 -0.103861 0.884172 37
 -0.0260735 -0.112098 0.870762 41 0.0322487 -0.107643 0.910448 38 0.00150006 -0.115024 0.876418 36
 -0.0333557 -0.0429729 0.828838 73 -0.038089 -0.049732 0.832207 46 0.0378241 -0.140901 0.944872 36
 -0.0430211 -0.0699121 0.842574 89 -0.0421755 -0.0927345 0.870578 31 -0.0526039 -0.0642878 0.873925 29
 -0.0308311 -0.0993711 0.886821 67 -0.0346869 -0.0672986 0.838453 32 -0.0427011 -0.0743332 0.888823 31
 -0.0265294 -0.0787387 0.840792 116 -0.0276146 -0.0834424 0.880323 57 -0.00538044 -0.122245 0.909935 8
 -0.027951 -0.0853951 0.852864 91 -0.0077368 -0.109429 0.888232 38 -0.0275383 -0.0899433 0.892125 27
 -0.00312731 -0.105868 0.869581 82 0.0035833 -0.119971 0.907911 46 -0.0242375 -0.116252 0.880074 40
 -0.0365378 -0.0528006 0.830392 114 -0.0464718 -0.0853281 0.886576 35 0.0399048 -0.102429 0.908213 23
 -0.0335046 -0.0649529 0.843563 118 -0.0163957 -0.071632 0.815567 35 0.03494 -0.118679 0.917336 30
 -0.043393 -0.0982782 0.894287 35 0.0252446 -0.110842 0.905728 32 -0.00251285 -0.0975188 0.873361 22
 -0.0193832 -0.0729252 0.832705 69 -0.033572 -0.111558 0.892989 33 0.0235544 -0.122388 0.882434 28
 -0.012343 -0.113386 0.876137 106 -0.0413433 -0.0895571 0.896817 25 -0.00571395 -0.140467 0.935582 16
 -0.0282887 -0.107877 0.891097 104 -0.0208934 -0.0816888 0.938607 37 -0.00560078 -0.126087 0.923135 16
 -0.043016 -0.0405213 0.827483 150 0.0408118 -0.100429 0.904628 25 0.0331532 -0.086715 0.818072 20
 -0.0373225 -0.0484742 0.832036 146 0.0376201 -0.11238 0.912168 34 0.029112 -0.0981959 0.825361 20
 -0.0303036 -0.0590073 0.837458 71 -0.0198337 -0.0727163 0.816586 62 0.0334091 -0.119517 0.917984 46
 -0.024903 -0.0705579 0.84743 66 -0.0062541 -0.0804108 0.945484 33 0.0393106 -0.144193 0.963909 19
 -0.0376307 -0.0834338 0.884448 91 -0.0176892 -0.0798085 0.943579 32 -0.0268196 -0.114199 0.89471 23
 -0.0170766 -0.0976659 0.867766 59 -0.00509905 -0.0892874 0.951877 21 0.00349572 -0.0964634 0.891161 11
 -0.0401794 -0.0381654 0.831313 135 0.0385213 -0.195298 0.989556 43 0.0394818 -0.15192 0.952827 16
 -0.0369867 -0.052531 0.835966 73 0.0248611 -0.183007 0.99519 36 0.0128343 -0.155258 0.929615 21
 0.0320226 -0.104118 0.90779 66 0.0268461 -0.14328 0.956304 25 -0.0416383 -0.05606 0.841009 14
 0.0107663 -0.0984247 0.885372 90 0.0253653 -0.107405 0.911148 41 -0.00573793 -0.0827254 0.951456 17
 0.00983892 -0.0986471 0.893086 66 0.0163821 -0.115806 0.916918 30 0.0153044 -0.113309 0.913036 26
 0.0147459 -0.126583 0.931718 40 0.0119624 -0.108999 0.903604 16 0.0150451 -0.110353 0.908177 3
 0.0164758 -0.136263 0.954498 189 0.0176328 -0.124931 0.931262 7 -0.00907143 -0.0724642 0.825152 4
 0.000733855 -0.0938775 0.880022 107 0.0301077 -0.132428 0.957838 47 -0.011777 -0.0877538 0.949098 7
 -0.0214438 -0.107779 0.899123 22 0.0106858 -0.123051 0.896633 8 -0.000981811 -0.0794421 0.840896 4
 -0.0202388 -0.105933 0.895297 139 -0.00493762 -0.125787 0.875661 34 0.00138854 -0.144885 0.912892 16
 -0.0110345 -0.116734 0.904082 7 -0.022195 -0.0844401 0.84688 2 0.0101192 -0.154964 0.97078 1
 0.00063512 -0.144774 0.96002 32
