 -0.127859 -0.117498 1.00339 130 -0.130373 -0.012118 0.983472 33 -0.109499 -0.111629 1.03043 25
 -0.137474 -0.0223445 0.988041 88 -0.129792 -0.110022 0.991224 69 -0.119899 -0.108059 1.02355 25
 -0.151959 -0.0706154 0.99536 119 -0.131585 -0.106752 1.0151 48 -0.159838 -0.0496183 0.995928 14
 -0.136963 -0.0974061 1.00454 116 -0.140166 -0.0556609 1.02607 38 -0.152846 -0.0536195 0.995638 16
 -0.150394 -0.0712876 1.00023 96 -0.133775 -0.102713 1.01174 89 -0.118626 -0.130201 1.02495 11
 -0.14741 -0.0812209 1.00622 93 -0.125938 -0.112037 1.01512 63 -0.155752 -0.0450568 0.998576 16
 -0.146603 -0.0332885 0.975774 160 -0.0768537 -0.108506 1.03129 37 -0.0786024 -0.132683 1.05295 3
 -0.149952 -0.044564 0.982235 101 -0.150087 -0.0383172 0.983229 77 -0.151451 -0.0376982 1.03346 22
 -0.150139 -0.0519629 0.983331 101 -0.153804 -0.0584534 0.991365 58 -0.137008 -0.0444179 1.03626 11
 -0.149356 -0.0641894 0.989298 94 -0.0973504 -0.0585323 1.02218 51 -0.114344 -0.0541329 1.03814 33
 -0.150917 -0.0736597 1.00341 88 -0.139012 -0.0969849 1.02471 75 -0.11251 -0.103718 1.02832 16
 -0.131677 -0.0756827 1.03291 197 -0.136714 -0.172575 1.08327 2 -0.0969062 -0.137569 1.02649 1
 -0.132564 -0.0158107 0.980847 141 -0.0651954 -0.0351486 0.996051 26 -0.128013 -0.0292534 1.02796 26
 -0.138675 -0.0302899 0.975112 101 -0.134374 -0.047113 1.02613 49 -0.0862085 -0.0479371 1.00866 31
 -0.143412 -0.0348995 1.02263 80 -0.147891 -0.0431785 0.981071 64 -0.0735299 -0.0736359 1.01997 19
 -0.14649 -0.0573512 1.02524 62 -0.157013 -0.0588689 1.00176 45 -0.0831445 -0.0811113 1.02225 41
 -0.146062 -0.0702463 1.02538 149 -0.102632 -0.0900264 1.03412 17 -0.115374 -0.0899139 1.00951 13
 -0.120279 -0.0775203 1.04076 200
 -0.064978 -0.0374904 0.995819 167 -0.150295 -0.0180027 0.984475 18 -0.125473 -0.0139658 0.980132 12
 -0.0698394 -0.0495086 1.00432 170 -0.15041 -0.0271716 0.991542 22 -0.142745 -0.0275656 0.970128 4
 -0.0753166 -0.0657053 1.02084 82 -0.138408 -0.0441126 1.02939 55 -0.0854663 -0.125799 1.0453 37
 -0.133168 -0.0502895 1.04022 77 -0.0856652 -0.133888 1.0524 51 -0.0807529 -0.0705666 1.02524 45
 -0.127447 -0.0514379 1.04346 104 -0.130806 -0.0457698 1.04218 58 -0.0868474 -0.0871904 1.03006 35
 -0.118922 -0.0611914 1.04735 113 -0.0978389 -0.0991896 1.02927 33
 -0.0653926 -0.0366974 1.0001 111 -0.0659037 -0.0394634 1.00404 68 -0.0661501 -0.0793493 1.02408 21
 -0.0769928 -0.0611232 1.02273 172 -0.104873 -0.166396 1.06522 16 -0.112398 -0.189398 1.0943 11
 -0.0775191 -0.0783557 1.02563 188 -0.0891221 -0.13319 1.0564 8 -0.116476 -0.152719 1.04413 4
 -0.0822256 -0.0785443 1.02876 188 -0.134482 -0.0485396 1.03438 8 -0.0916191 -0.142079 1.06237 4
 -0.0857686 -0.0976567 1.03582 126 -0.134379 -0.123024 1.02945 2 -0.107185 -0.123749 1.03301 1
 -0.0967949 -0.111829 1.03702 200
 -0.108274 -0.141898 1.0505 77 -0.116243 -0.134345 1.03231 54 -0.142236 -0.0848744 1.00819 23
 -0.0989706 -0.131009 1.04763 48 -0.104671 -0.0932084 1.02754 8 -0.0942272 -0.111467 1.04001 1
 -0.13697 -0.0719472 1.04223 60 -0.131089 -0.0958437 1.03652 27 -0.0997915 -0.13366 1.05718 22
 -0.13255 -0.0976848 1.02631 200
 -0.106358 -0.123187 1.03166 10 -0.106068 -0.0947443 1.03963 7
 -0.115676 -0.130772 1.02759 11 -0.124047 -0.149072 1.05835 5 -0.107138 -0.112556 1.03782 5
