 -0.133493 -0.0867897 1.01357 31 -0.129585 -0.143168 1.02544 26 -0.118806 -0.00855918 1.00389 22
 -0.11754 -0.00987057 1.00488 43 -0.129155 -0.0972867 1.01991 31 -0.09454 -0.0260354 1.0283 28
 -0.126093 -0.126381 1.02329 87 -0.12083 -0.0384289 1.01835 30 -0.128854 -0.0856775 1.02074 20
 -0.124389 -0.137711 1.0295 70 -0.128146 -0.0902353 1.02174 49 -0.11921 -0.0538262 1.02141 28
 -0.0937818 -0.126228 1.02572 64 -0.126143 -0.129359 1.01612 39 -0.126829 -0.0945749 1.0206 32
 -0.128594 -0.0976618 1.02042 86 -0.127986 -0.102194 1.02024 83 -0.108703 -0.144877 1.02764 12
 -0.0870569 -0.0865288 0.995688 46 -0.115311 -0.00933747 1.00709 31 -0.0941289 -0.140303 1.00725 25
 -0.117858 -0.0325457 1.01804 157 -0.131536 -0.0879797 1.0137 31 -0.0965755 -0.0429141 0.983204 9
 -0.120282 -0.0438385 1.02486 103 -0.119379 -0.166264 1.05614 41 -0.0993384 -0.047702 0.987328 32
 -0.102595 -0.101112 1.03036 102 -0.100856 -0.0747508 0.997507 52 -0.117312 -0.0641707 1.02028 26
 -0.110244 -0.0673765 1.00677 114 -0.117089 -0.104105 1.03786 35 -0.110565 -0.0847624 1.02695 11
 -0.115817 -0.104146 1.03115 128 -0.115699 -0.083466 1.00642 31 -0.104271 -0.0407178 1.04569 22
 -0.119855 0.0118265 1.04603 97 -0.110556 -0.00150236 1.00899 52 -0.096678 -0.00881922 1.01675 32
 -0.111124 -0.0121281 1.01581 132 -0.0886426 -0.115976 1.00954 35 -0.124803 0.00407874 1.04427 30
 -0.115272 -0.0283052 1.02201 125 -0.109738 -0.0612219 0.988812 36 -0.114054 -0.0862397 1.02163 16
 -0.0896961 -0.0437496 1.03675 49 -0.0863198 -0.110865 1.01813 38 -0.11057 -0.072188 0.992039 27
 -0.105605 -0.098268 1.03453 70 -0.0957492 -0.0887853 0.995055 50 -0.0943455 -0.06489 1.0505 31
 -0.115709 -0.0977553 1.03769 70 -0.116292 -0.0803239 1.00955 30 -0.0762062 -0.113248 1.0053 28
 -0.0879045 -0.0133827 1.01829 52 -0.123291 0.0142247 1.04284 48 -0.113662 0.000652966 1.00998 32
 -0.099719 -0.00987916 1.01746 97 -0.0863172 -0.0356757 1.03123 67 -0.122745 0.00705109 1.04383 15
 -0.0867722 -0.052409 1.04042 56 -0.0961839 -0.0200917 1.02148 44 -0.104157 -0.0172026 1.01856 42
 -0.116009 -0.0287561 1.0144 48 -0.0883553 -0.0994664 1.00659 44 -0.0933298 -0.0332365 1.03574 41
 -0.0925413 -0.05506 1.04541 91 -0.0865052 -0.112611 1.0173 34 -0.120148 -0.0704591 1.01831 32
 -0.0820177 -0.131235 1.01262 34 -0.102364 -0.0681129 1.05038 18 -0.102529 -0.0406559 1.0393 16
 -0.0780526 -0.104777 1.00427 88 -0.123093 0.0158068 1.04911 62 -0.0838554 -0.0253092 1.02257 24
 -0.0873537 -0.0401637 1.0381 46 -0.0920104 -0.0830493 0.994222 40 -0.130079 0.0118865 1.05146 39
 -0.0843206 -0.0995733 1.00805 73 -0.08467 -0.0630547 1.04965 65 -0.094161 -0.0299525 1.03203 24
 -0.0879971 -0.12107 1.02121 102 -0.0926055 -0.0929166 1.00295 23 -0.0726944 -0.0884066 1.01501 20
 -0.0859326 -0.11749 1.01674 119 -0.133099 -0.126261 1.03258 38 -0.0880528 -0.0620468 1.04486 14
 -0.0979608 -0.1494 1.0383 61 -0.108644 -0.116801 1.00909 17 -0.0902703 -0.0261938 1.0352 13
 -0.120825 -0.162042 1.05289 57 -0.119292 -0.156444 1.04478 48 -0.0937435 -0.0983969 1.00936 47
 -0.121689 -0.125987 1.03165 12 -0.105039 -0.152102 1.05183 6 -0.103095 -0.165993 1.07688 3
 -0.117096 -0.122553 1.03832 82 -0.0992611 -0.0832417 1.00693 11
 -0.127934 -0.106607 1.0288 131 -0.126755 -0.125926 1.02974 45 -0.12667 -0.113988 1.02965 13
 -0.117401 -0.143211 1.03801 15 -0.108057 -0.0634132 1.02875 13 -0.120574 -0.12295 1.02886 7
 -0.125898 -0.153975 1.04523 42 -0.122965 -0.116339 1.02404 25 -0.126716 -0.156689 1.04958 18
