 -0.113471 0.0478151 1.0651 195 -0.04703 0.0683513 1.07026 4 -0.0995643 -0.0121441 1.06874 1
 -0.111494 0.0355557 1.06764 199 -0.0995055 -0.024065 1.07021 1
 -0.106633 0.0208825 1.07266 168 -0.091042 -0.00416436 1.06726 24 -0.0791216 -0.0764853 1.07563 8
 -0.102341 0.0102574 1.07645 177 -0.0859732 -0.0671839 1.07252 22 -0.0283053 -0.0402415 1.06338 1
 -0.0992909 0.00801607 1.07785 200
 -0.0979677 0.000804477 1.07857 193 -0.0743551 -0.0625929 1.06965 7
 -0.0668097 0.064409 1.06842 197 -0.0694219 -0.020557 1.07763 3
 -0.0737063 0.0523608 1.07544 197 -0.0722183 -0.00308867 1.08308 2 -0.0701619 -0.000101272 1.08014 1
 -0.0797049 0.0515901 1.07621 86 -0.0781721 0.0473925 1.07804 81 -0.0699022 -0.0611804 1.07161 24
 -0.0802825 0.036964 1.08171 169 -0.0767733 -0.0499685 1.07407 25 -0.0947935 -0.0186123 1.07513 3
 -0.0695806 0.016717 1.0912 190 -0.0291274 0.0277063 1.08751 5 -0.076049 0.043852 1.08018 4
 -0.0729929 0.00330343 1.09266 185 -0.0780208 -0.0467427 1.07425 15
 -0.0484288 0.0628001 1.07066 196 -0.0741556 0.0352477 1.08169 2 -0.108297 0.0508932 1.07089 2
 -0.0584359 0.0505053 1.07847 113 -0.0623832 0.0515111 1.0771 70 -0.0425371 0.0721984 1.06429 10
 -0.0682079 0.0391192 1.08089 83 -0.0556512 0.0328438 1.08487 83 -0.0616678 0.0098012 1.09893 18
 -0.0517031 0.0398898 1.08339 83 -0.0512904 0.0255282 1.08942 59 -0.051117 0.0326196 1.08644 17
 -0.0539495 0.011235 1.09723 144 -0.0546578 0.0383673 1.0896 45 -0.0545846 0.0333126 1.09181 10
 -0.057322 0.000501626 1.1 200
 -0.0463692 0.0680565 1.06881 136 -0.01112 0.017467 1.03923 49 -0.11623 0.0594964 1.06877 11
 -0.0488685 0.0557917 1.07276 111 -0.0158891 0.00829426 1.03891 78 -0.115499 0.0513458 1.07416 6
 -0.0223609 -0.00650876 1.04765 67 -0.0648031 0.0532084 1.07399 33 -0.0502855 0.049726 1.07923 30
 -0.0747744 0.041966 1.07655 65 -0.0498237 0.0583105 1.08034 49 -0.0197544 -0.0254197 1.06598 36
 -0.0451205 0.0417186 1.08894 70 -0.0341715 0.0213073 1.08871 48 -0.0493296 -0.00360378 1.09825 38
 -0.051744 0.000179557 1.10544 54 -0.0459649 -0.0252467 1.09162 40 -0.0484229 -0.00319131 1.10577 33
 -0.00734227 0.013597 1.03961 186 -0.0145412 0.0118276 1.08979 10 -0.112074 0.0559837 1.06598 4
 -0.0167128 0.00482635 1.04504 192 -0.115317 0.0516505 1.079 4 -0.019824 -0.00290748 1.10005 4
 -0.0217531 -0.0218333 1.06601 188 -0.0145936 0.00658502 1.09458 12
 -0.0270132 -0.0394529 1.0741 182 -0.0974055 -0.139607 1.12438 11 -0.0344595 0.0083679 1.09375 7
 -0.043074 -0.0596681 1.07975 200
 -0.0596413 -0.073213 1.08191 186 -0.0548061 -0.0259921 1.07985 14
 -0.0894263 -0.0960723 1.09537 199 -0.0873348 -0.0347008 1.07496 1
 -0.0660004 -0.0960417 1.11117 12 -0.101308 -0.13303 1.12066 11 -0.0816708 -0.0479201 1.06904 11
 -0.0681988 -0.0166284 1.0993 87 -0.0658644 -0.0205963 1.09915 11 -0.0900091 -0.0556923 1.07486 3
 -0.0857503 -0.0289147 1.08304 196 -0.04857 -0.0462978 1.07402 4
 -0.0624443 -0.0405466 1.08861 19 -0.0933341 -0.0875977 1.10054 13
 -0.0719698 -0.101997 1.09629 68 -0.081941 -0.072383 1.08107 46 -0.0677186 -0.00897398 1.09074 11
