 0.0894327 -0.00259929 0.866818 184 0.129402 -0.0328111 0.860122 11 0.184831 -0.0104768 0.87271 5
 0.0896681 -0.0139364 0.872674 188 0.105302 -0.0561726 0.88915 6 0.175236 -0.0134753 0.878896 5
 0.0949949 -0.0342637 0.888553 185 0.115986 -0.0510827 0.890051 15
 0.0973028 -0.0476456 0.892434 200
 0.0980102 -0.0558007 0.896272 188 0.132171 -0.036807 0.871195 8 0.14928 -0.114885 0.891482 3
 0.0976574 -0.055907 0.897597 105 0.096646 -0.0616626 0.898118 94 0.130768 -0.0558332 0.905122 1
 0.133953 -0.0323151 0.869083 65 0.136147 -0.019425 0.836164 61 0.096994 -0.0153512 0.873376 33
 0.133404 -0.0265609 0.852485 49 0.124738 -0.0522996 0.895039 41 0.133058 -0.0267558 0.868288 40
 0.127984 -0.046966 0.891895 108 0.132226 -0.0286905 0.8693 74 0.103079 -0.0591855 0.892581 8
 0.126894 -0.0345312 0.881435 145 0.0931687 -0.0687174 0.900028 26 0.102927 -0.0515956 0.896127 15
 0.13194 -0.0325976 0.877209 71 0.127027 -0.0508088 0.896364 71 0.126827 -0.0464786 0.894003 29
 0.124832 -0.0543898 0.902637 183 0.126325 -0.10361 0.902058 11 0.0756889 -0.123656 0.963952 4
 0.151751 -0.0139631 0.832337 112 0.179939 -0.0129743 0.876909 45 0.0933516 -0.0117156 0.872919 27
 0.143574 -0.0678146 0.896671 53 0.150231 -0.0261902 0.839273 49 0.153759 -0.0421493 0.867823 28
 0.147517 -0.0368039 0.875998 58 0.138103 -0.0547845 0.900163 46 0.171238 -0.0677983 0.866479 32
 0.144596 -0.033447 0.878562 84 0.133327 -0.06366 0.903898 66 0.135614 -0.0237284 0.846505 42
 0.134504 -0.0708889 0.91394 145 0.157111 -0.0581305 0.863469 30 0.158802 -0.0546478 0.899842 23
 0.137719 -0.0690852 0.913324 200
 0.177858 -0.0115036 0.870346 165 0.163724 -0.0342371 0.859475 23 0.177248 -0.0907117 0.860812 5
 0.17313 -0.022042 0.877526 186 0.166258 -0.0712314 0.863541 8 0.148973 -0.0286723 0.839468 5
 0.161191 -0.0922697 0.885405 60 0.169896 -0.0320772 0.894192 54 0.158851 -0.0381783 0.874765 36
 0.169274 -0.0230919 0.896174 59 0.173976 -0.0886259 0.891596 57 0.168998 -0.0363814 0.86116 24
 0.100502 -0.0779922 0.900825 67 0.16263 -0.0172673 0.889184 66 0.161179 -0.0783334 0.913126 47
 0.144408 -0.0728398 0.919493 35 0.135428 -0.0458922 0.902553 32 0.141969 -0.108708 0.908729 13
 0.164766 -0.046746 0.860161 52 0.162176 -0.113276 0.895739 36 0.178158 -0.0110976 0.875985 33
 0.151952 -0.112761 0.880104 98 0.167046 -0.085287 0.870142 52 0.162013 -0.0604801 0.9153 21
 0.165448 -0.0804902 0.873302 61 0.166089 -0.0752915 0.901141 61 0.16666 -0.07123 0.9032 54
 0.158271 -0.0946869 0.897114 65 0.164814 -0.0808287 0.912645 58 0.144072 -0.108612 0.906139 39
 0.137073 -0.116846 0.911843 198 0.0847613 -0.107378 0.90925 1 0.166358 -0.045109 0.856617 1
 0.116573 -0.110201 0.911697 110 0.124401 -0.103257 0.910698 72 0.121373 -0.106309 0.910964 18
 0.0810392 -0.110356 0.943028 162 0.0996601 -0.0811395 0.904465 28 0.125727 -0.042281 0.87531 7
 0.161886 -0.0811997 0.871195 60 0.0757747 -0.125712 0.937226 5 0.102824 -0.151779 0.949067 1
 0.138675 -0.0749658 0.916259 62 0.155648 -0.0431314 0.87662 1
 0.104707 -0.076617 0.904256 192 0.100481 -0.112132 0.924472 8
 0.0990788 -0.0890209 0.907623 43 0.114071 -0.0705153 0.889506 4
 0.0795586 -0.121413 0.951046 48 0.079668 -0.115922 0.953217 12 0.0860365 -0.123376 0.921496 10
