 -0.193549 -0.0587169 1.03506 100 -0.197935 -0.0563124 1.03165 57 -0.161931 -0.0842204 1.0374 20
 -0.190199 -0.068232 1.03772 173 -0.158739 -0.00302793 1.02169 27
 -0.187947 -0.0713332 1.04067 163 -0.160202 -0.0289355 1.03321 35 -0.155607 -0.0595188 1.0528 1
 -0.185593 -0.0746143 1.04308 178 -0.0731836 -0.110156 1.05061 8 -0.16052 -0.0305351 1.03731 7
 -0.178508 -0.0810222 1.04419 103 -0.169992 -0.0902821 1.04399 81 -0.0802893 -0.115601 1.05038 8
 -0.163932 -0.101378 1.05304 167 -0.0863515 -0.124673 1.05471 25 -0.153824 -0.0569814 1.0517 6
 -0.16511 -0.0101572 1.02201 151 -0.13811 -0.0351699 1.03762 31 -0.142145 -0.0247911 1.03079 13
 -0.165665 -0.0245319 1.03035 182 -0.135503 -0.0682165 1.04152 9 -0.178445 -0.0728347 1.03201 4
 -0.160288 -0.0403955 1.04013 185 -0.168738 -0.0842922 1.03947 7 -0.0692991 -0.0852092 1.0457 3
 -0.159122 -0.0453095 1.04098 178 -0.172128 -0.0840569 1.04641 10 -0.165368 -0.081014 1.04857 7
 -0.155058 -0.0549648 1.04767 174 -0.12776 -0.0826775 1.05676 25 -0.143618 -0.124233 1.06152 1
 -0.146757 -0.0710363 1.05279 176 -0.109687 -0.0900433 1.05693 15 -0.11145 -0.0839561 1.05896 6
 -0.143962 0.00301807 1.02168 177 -0.110053 -0.00960412 1.01502 14 -0.202624 -0.053726 1.02837 5
 -0.148423 -0.0100347 1.02688 168 -0.156553 -0.0536204 1.0476 8 -0.156845 -0.0500521 1.04417 7
 -0.149026 -0.027362 1.03739 184 -0.0986895 -0.0887007 1.04861 6 -0.116195 -0.121762 1.06136 5
 -0.147314 -0.036409 1.04222 142 -0.0859529 -0.0977901 1.04595 45 -0.125226 -0.058197 1.05712 10
 -0.14362 -0.0416406 1.04824 165 -0.133505 -0.0617781 1.05096 27 -0.0912804 -0.097735 1.06018 5
 -0.137715 -0.0625976 1.05616 88 -0.125356 -0.0815298 1.0604 66 -0.13469 -0.0678634 1.05701 19
 -0.110701 -0.0119639 1.01225 104 -0.147962 0.0061912 1.02005 58 -0.0462236 -0.0736772 1.03513 18
 -0.11277 -0.0217101 1.02162 114 -0.149674 -0.00718134 1.02761 34 -0.0534675 -0.0826231 1.04103 21
 -0.110581 -0.0299964 1.02755 172 -0.0835247 -0.118915 1.05071 14 -0.1515 -0.0247174 1.0327 3
 -0.113712 -0.0364803 1.03697 174 -0.0805917 -0.141347 1.05106 20 -0.163332 -0.0457304 1.03379 2
 -0.113056 -0.0525217 1.05155 189 -0.0857659 -0.128553 1.05259 10 -0.118068 -0.147266 1.05651 1
 -0.120027 -0.0622834 1.05502 112 -0.106676 -0.0874452 1.06309 77 -0.120495 -0.0160824 1.01744 6
 -0.0464398 -0.0789806 1.03888 196 -0.110778 -0.0498794 1.03782 2 -0.167104 -0.00392785 1.02034 2
 -0.0599387 -0.0916465 1.04723 187 -0.135857 -0.198565 1.10802 7 -0.11277 -0.0633679 1.04212 5
 -0.0706113 -0.103379 1.05189 199 -0.119532 -0.0592314 1.04951 1
 -0.0835966 -0.119047 1.05831 163 -0.107282 -0.0828224 1.05505 23 -0.13685 -0.168372 1.09356 5
 -0.0948079 -0.13348 1.06092 200
 -0.117104 -0.144936 1.06879 141 -0.126334 -0.0780571 1.05009 58 -0.1556 -0.0807285 1.05614 1
 -0.125146 -0.156141 1.09162 136 -0.154597 -0.0750326 1.05169 46 -0.132378 -0.186101 1.12287 10
 -0.115498 -0.156717 1.10392 15 -0.104114 -0.146214 1.06512 14 -0.141453 -0.189486 1.12891 5
 -0.135414 -0.0951228 1.06356 148 -0.125544 -0.129542 1.0694 47 -0.108148 -0.113335 1.06439 5
 -0.149728 -0.106437 1.05717 195 -0.181722 -0.0725705 1.04981 4 -0.175324 -0.0297547 1.04278 1
 -0.137374 -0.107816 1.06829 11 -0.12397 -0.143639 1.07274 7 -0.133453 -0.0830072 1.06353 2
 -0.133355 -0.161842 1.09949 36 -0.127974 -0.172417 1.11749 17 -0.132163 -0.164666 1.1051 11
