 -0.0623232 0.0133696 0.947949 66 -0.120842 -0.039908 1.02802 54 -0.0420673 -0.0967797 1.01138 47
 -0.0636112 0.00258732 0.952892 63 -0.116419 -0.0509056 1.03175 45 -0.049496 -0.0893959 1.00925 44
 -0.0940432 -0.0749863 1.03655 52 -0.114762 -0.0574164 1.03317 42 -0.0588008 -0.0149582 0.964097 40
 -0.110292 -0.0649119 1.03937 41 -0.0292623 -0.0177226 0.963922 28 0.00286843 -0.0575387 1.01957 27
 -0.00331831 -0.0663515 1.01772 61 -0.106605 -0.0634973 1.03492 34 -0.0626439 -0.0342446 0.983361 22
 -0.0869998 -0.0749719 1.02695 39 -0.0977217 -0.080872 1.03749 27 -0.0468945 -0.0214476 0.960248 24
 -0.0573549 0.00196321 0.951699 95 -0.0386879 -0.0780493 1.00439 44 -0.0260515 0.0109838 0.947013 32
 -0.0603983 -0.00933876 0.960972 100 -0.034612 -0.0155367 0.964452 47 -0.0311401 -0.00331373 0.956357 18
 -0.0304754 -0.0121417 0.962067 62 -0.0618667 -0.0238724 0.971617 46 -0.0175183 -0.00644566 0.989056 43
 -0.00640002 0.00283625 0.990339 57 -0.0370934 -0.0342008 0.985241 46 -0.0633289 -0.0333014 0.978667 35
 -0.0467842 -0.0531782 0.992779 38 -0.0344567 -0.016823 0.965997 37 -0.0696521 -0.0561276 1.01487 36
 -0.0334969 -0.0542169 0.997655 42 -0.0905521 -0.0706056 1.03403 37 -0.037048 -0.0319814 0.973222 36
 -0.0217289 0.0163897 0.946184 131 -0.000440693 0.0123262 0.988953 50 0.0147683 -0.0461628 1.02718 10
 -0.0254719 8.22288e-05 0.953794 156 -0.00672131 -0.00016915 0.991117 44
 -0.0264145 -0.0169753 0.964242 133 -0.00757473 -0.00993206 0.987374 67
 -0.029562 -0.0203021 0.970553 121 0.00184403 -0.0125671 0.990689 40 -0.00252228 -0.0508803 1.02593 33
 -0.030078 -0.0482507 0.993508 81 -0.0152376 -0.0111402 0.992533 74 -0.0281161 -0.0329378 0.98392 34
 -0.0360001 -0.0496128 0.99617 140 -0.0129268 -0.0162889 0.996964 48 -0.0357821 -0.00657781 0.966491 7
 0.00233326 0.0150342 0.989128 82 -0.00527784 -0.0243913 0.993656 47 0.0306395 -0.0128293 1.02623 43
 -0.00121957 -0.00416416 0.994576 140 0.0242875 -0.0187025 1.02923 25 0.0245017 -0.0136287 1.02868 18
 -0.00625208 0.00459071 0.992697 123 -0.0624622 -0.0115411 0.96481 30 -0.0103685 -0.0443369 1.00888 24
 -0.0597581 -0.0259295 0.98115 80 -0.00787845 0.0123122 0.99474 33 -0.0135783 -0.0597298 1.01561 26
 -0.0603501 -0.0438361 0.987326 146 0.0138114 -0.0146911 0.992405 39 0.00296752 -0.0333265 1.02872 12
 -0.0638668 -0.0709428 1.01951 62 -0.0604152 -0.0506648 1.00076 57 -0.0733151 -0.0427377 1.00609 29
 -0.130333 -0.0381569 1.03145 90 0.0276341 -0.0220428 1.03122 47 0.00552988 -0.0443865 1.02444 34
 -0.114356 -0.0522331 1.0351 99 0.0195224 -0.0349383 1.02679 58 0.00405049 -0.00542159 0.993244 32
 0.0137001 -0.0184424 1.03171 58 -0.106622 -0.0669003 1.04022 38 0.0115265 -0.0437465 1.03254 37
 -0.0975614 -0.0785663 1.04811 56 -0.0186641 -0.0983808 1.02658 49 -0.00806744 -0.0523981 1.02707 34
 -0.0180489 -0.0988127 1.03069 122 0.00161161 -0.0433201 1.0221 40 -0.00432107 -0.0467096 1.01734 34
 -0.00867296 -0.0816827 1.0188 96 -0.0297557 -0.0553669 0.997088 57 -0.0325618 -0.111053 1.0257 29
 -0.0508588 -0.129444 1.05336 175 -0.0469579 -0.0550304 1.00019 10 -0.0585103 -0.0714239 1.0156 4
 -0.0345215 -0.131982 1.04765 56 -0.0237569 -0.0577212 1.01214 56 -0.0590419 -0.123856 1.05843 27
 -0.0367374 -0.0812409 1.01843 121 -0.0347886 -0.0856136 1.02116 56 -0.0352838 -0.0448545 0.995685 14
 -0.065422 -0.0857348 1.01982 136 -0.0154958 -0.0752164 1.02004 28 -0.0606918 -0.0524874 0.99955 18
 -0.0491149 -0.102123 1.03706 200
 -0.0519732 -0.141018 1.06271 168 -0.0348192 -0.0876692 1.01828 12 -0.0400304 -0.086169 1.01965 8
