 -0.20585 -0.177094 0.889226 93 -0.200447 -0.121238 0.901539 33 -0.210843 -0.14255 0.892395 30
 -0.199353 -0.139619 0.903891 75 -0.198133 -0.18725 0.893397 32 -0.0900399 -0.137103 0.954421 27
 -0.202498 -0.154357 0.896964 35 -0.195603 -0.133611 0.903531 30 -0.104664 -0.126062 0.95503 27
 -0.202785 -0.152753 0.906004 42 -0.194127 -0.123565 0.902069 32 -0.156953 -0.108035 0.880963 25
 -0.156027 -0.177167 0.932503 64 -0.197617 -0.12665 0.910334 44 -0.180856 -0.157254 0.924671 38
 -0.194376 -0.150542 0.916068 56 -0.188205 -0.159992 0.922161 48 -0.154783 -0.175325 0.937404 21
 -0.153163 -0.10556 0.885527 109 -0.158764 -0.144377 0.929465 41 -0.188838 -0.12004 0.905565 21
 -0.167285 -0.109096 0.890002 76 -0.168027 -0.139995 0.938925 24 -0.184394 -0.138711 0.921475 23
 -0.183112 -0.125183 0.90012 105 -0.17373 -0.125064 0.929978 50 -0.182373 -0.13384 0.91953 14
 -0.189137 -0.118959 0.902335 124 -0.182102 -0.122323 0.926385 61 -0.184276 -0.123871 0.922789 8
 -0.172296 -0.133264 0.934466 77 -0.167746 -0.134256 0.936925 52 -0.190882 -0.131297 0.915172 38
 -0.181917 -0.134665 0.930264 120 -0.166211 -0.151374 0.941104 46 -0.157657 -0.143136 0.944155 16
 -0.137676 -0.104667 0.883819 158 -0.199217 -0.117123 0.898631 24 -0.168746 -0.0891684 0.896862 7
 -0.142253 -0.0998669 0.886812 93 -0.196151 -0.12561 0.912253 87 -0.140569 -0.108023 0.932143 9
 -0.183521 -0.134327 0.926059 186 -0.149064 -0.125422 0.942353 12 -0.134044 -0.119647 0.887822 2
 -0.167319 -0.105094 0.901551 65 -0.177994 -0.122795 0.929566 63 -0.133288 -0.10032 0.911512 27
 -0.150265 -0.133834 0.944696 150 -0.159545 -0.136956 0.94276 43 -0.129781 -0.17067 0.950163 6
 -0.142752 -0.138323 0.94994 173 -0.179424 -0.132173 0.932448 26 -0.170426 -0.135744 0.938901 1
 -0.110684 -0.102356 0.926936 42 -0.20384 -0.179051 0.886799 42 -0.104704 -0.234066 1.04026 25
 -0.0969759 -0.107572 0.940157 124 -0.20999 -0.167107 0.891893 42 -0.100314 -0.202087 1.00657 27
 -0.100863 -0.122782 0.945784 146 -0.105605 -0.19648 0.986886 21 -0.120282 -0.112807 0.925622 17
 -0.103119 -0.136576 0.952165 133 -0.110502 -0.102813 0.931748 38 -0.1085 -0.107019 0.939027 13
 -0.11911 -0.115609 0.938018 165 -0.161792 -0.172872 0.934721 21 -0.184029 -0.117183 0.91993 7
 -0.131629 -0.135016 0.949122 164 -0.144137 -0.159622 0.94548 22 -0.148528 -0.17281 0.91937 12
 -0.155666 -0.100988 0.879191 39 -0.0876291 -0.206769 1.01225 38 -0.102875 -0.23628 1.04398 27
 -0.117672 -0.114237 0.93883 98 -0.128491 -0.100608 0.909116 25 -0.115952 -0.23189 1.04503 21
 -0.117638 -0.121487 0.938439 92 -0.103063 -0.192164 1.00332 36 -0.147385 -0.179208 0.943086 30
 -0.111682 -0.131708 0.954306 141 -0.160203 -0.181121 0.9393 59
 -0.149429 -0.181515 0.938261 157 -0.113537 -0.138677 0.955603 35 -0.107394 -0.15061 0.979141 7
 -0.126827 -0.155803 0.952449 92 -0.121505 -0.158776 0.957117 45 -0.166073 -0.158836 0.938932 36
 -0.136868 -0.172975 0.943815 69 -0.110343 -0.163444 0.961461 28 -0.188402 -0.134769 0.892718 23
 -0.121988 -0.14839 0.954471 34 -0.102047 -0.162514 0.994308 8 -0.107712 -0.161879 0.980732 1
 -0.147315 -0.146979 0.953918 80 -0.205026 -0.161817 0.912758 4
 -0.157108 -0.162479 0.935805 99 -0.187693 -0.130184 0.909771 62 -0.182193 -0.162929 0.928569 27
 -0.126086 -0.158297 0.941541 12 -0.162444 -0.154423 0.93278 2 -0.154863 -0.12543 0.922512 2
 -0.189729 -0.17191 0.919325 1 -0.190417 -0.137596 0.915247 1 -0.19777 -0.129716 0.85946 1
