 -0.071596 -0.0932167 0.911045 150 -0.0596742 -0.0894496 0.94238 24 -0.0538659 -0.115157 0.918928 16
 -0.0687398 -0.102108 0.916881 171 -0.0612289 -0.097329 0.942421 15 -0.0586356 -0.0900205 0.942461 13
 -0.0624426 -0.109822 0.929357 112 -0.0624145 -0.104826 0.928075 71 0.0272944 -0.133566 0.976875 14
 -0.0574256 -0.119617 0.938666 182 0.0198026 -0.134316 0.969788 14 -0.00702491 -0.0521969 0.946323 2
 -0.0529247 -0.13289 0.940643 177 0.0107984 -0.13795 0.967448 14 -0.0446428 -0.106377 0.956442 7
 -0.0443633 -0.148458 0.944615 76 -0.0500782 -0.137315 0.946341 76 -0.0618647 -0.094467 0.945723 32
 -0.0351594 -0.0592225 0.924333 178 -0.0187485 -0.0778224 0.964492 13 -0.0709479 -0.118497 0.928138 4
 -0.041008 -0.0746094 0.939437 171 -0.042883 -0.0990736 0.951054 25 -0.039878 -0.104661 0.921129 3
 -0.0437126 -0.0813093 0.942938 186 -0.0406205 -0.146459 0.945177 9 -0.0168031 -0.134895 0.971692 2
 -0.0437311 -0.0945904 0.953921 82 -0.0475766 -0.0733806 0.939506 68 -0.0447517 -0.0888086 0.950688 12
 -0.0444102 -0.0936487 0.956286 69 -0.0424565 -0.0993283 0.959911 57 -0.0410995 -0.104542 0.961157 49
 -0.0380263 -0.113584 0.964644 94 -0.0369459 -0.0987204 0.969494 65 -0.0376071 -0.104993 0.968213 38
 -0.0245129 -0.0525346 0.926084 188 0.0234027 -0.0741329 0.949526 6 -0.018348 -0.0606218 0.958287 6
 -0.0325937 -0.0708563 0.94441 143 -0.0194614 -0.195083 0.967076 28 0.000505744 -0.0790233 0.941504 24
 -0.0386096 -0.0914132 0.953353 93 -0.0222777 -0.0890442 0.972411 63 -0.026934 -0.0880753 0.96564 23
 -0.0248698 -0.0884446 0.974068 82 -0.0275395 -0.0791415 0.965542 72 -0.00701519 -0.135489 0.976141 19
 -0.0162082 -0.0725565 0.961901 70 -0.0276249 -0.0952258 0.974141 56 -0.0248599 -0.0999666 0.976415 33
 -0.0166779 -0.0992664 0.986661 200
 0.0243125 -0.0808534 0.944475 146 -0.0235222 -0.0523802 0.931389 28 -0.00652326 -0.068603 0.963352 14
 0.0192067 -0.08716 0.952433 117 -0.0112836 -0.0611471 0.945226 72 -0.011502 -0.0818075 0.968561 8
 -9.76405e-05 -0.0728927 0.956765 101 0.0211867 -0.109196 0.968174 17 -0.0325444 -0.0838949 0.951514 15
 0.0181495 -0.11765 0.97552 119 -0.0400968 -0.099924 0.952393 21 -0.0506966 -0.0785845 0.93588 18
 -0.0455129 -0.0980004 0.947217 51 -0.000608834 -0.0838173 0.974905 38 0.0112898 -0.148522 0.975494 34
 -0.0096628 -0.11077 0.983553 69 -0.00051559 -0.131602 0.98393 39 -0.00354058 -0.164538 0.978278 35
 0.0254187 -0.0832042 0.949486 119 0.0339358 -0.106719 0.969602 23 -0.0259204 -0.26781 1.03647 20
 0.0269408 -0.108666 0.971081 160 -0.0285961 -0.22726 1.00186 23 -0.0244436 -0.244994 1.04126 10
 0.0202351 -0.128251 0.978272 116 0.0204513 -0.122117 0.977331 84
 0.0177924 -0.135295 0.979653 200
 0.0123257 -0.155335 0.979451 198 -0.0135436 -0.175132 0.967009 2
 0.00527448 -0.169924 0.979808 200
 -0.0230726 -0.164131 0.955033 110 -0.0164789 -0.183619 0.9726 44 -0.0204053 -0.192129 0.992105 20
 -0.00918564 -0.146723 0.975724 3 0.00206155 -0.178576 0.981585 2
 -0.0270334 -0.129044 0.97956 80 -0.0262594 -0.118624 0.983154 40 -0.0266475 -0.124178 0.981385 12
 -0.0361665 -0.135054 0.960639 200
 -0.0222287 -0.124536 0.988275 16 -0.0334531 -0.110016 0.962692 12 -0.00979172 -0.157333 0.974041 2
 -0.0399875 -0.109272 0.96279 30 -0.0351436 -0.187755 0.993111 16 -0.0220611 -0.166104 0.955574 11
