 -0.0170059 -0.0236239 0.951758 143 -0.00616933 -0.0411559 0.956093 46 0.0532969 -0.0180474 0.960723 10
 -0.0163673 -0.0351111 0.955116 143 -0.00470461 -0.0520669 0.959238 56 0.0420409 -0.00683954 0.939467 1
 -0.0128553 -0.0504078 0.96043 169 0.0567362 -0.11604 0.974066 30 0.0719387 -0.0963908 0.979876 1
 -0.00722678 -0.0587601 0.963223 141 0.0492387 -0.11631 0.967364 51 0.0453966 -0.0178947 0.952818 7
 -0.00326089 -0.0660133 0.963529 69 -0.00423041 -0.059116 0.963588 63 0.0401344 -0.119687 0.965181 51
 -0.00139829 -0.0701751 0.964382 133 0.000393022 -0.109723 0.955736 40 0.0141053 -0.122635 0.95677 16
 0.0398602 -0.0147755 0.945248 183 0.0577351 -0.0332658 0.953279 8 -0.0161318 -0.0280046 0.95264 3
 0.0357635 -0.0239315 0.952276 159 0.0683062 -0.0731713 0.959637 28 -0.00773695 -0.0238183 0.960032 8
 0.0291017 -0.0508113 0.976567 84 0.0275296 -0.0458414 0.971809 62 0.0507359 -0.0415025 0.959403 31
 0.0286546 -0.0620794 0.982638 90 0.0133132 -0.0530856 0.96722 32 0.0226925 -0.0443393 0.968713 25
 0.024297 -0.0540421 0.973906 76 0.0255227 -0.0657473 0.977077 75 0.0248128 -0.0601242 0.975633 32
 0.0231254 -0.0641326 0.97869 129 0.0332383 -0.104637 0.967372 37 0.00612281 -0.121544 0.959652 20
 0.043209 -0.0135341 0.945925 178 0.0701284 -0.045774 0.954875 17 -0.0139665 -0.0254537 0.957201 4
 0.0346596 -0.0299931 0.9567 142 0.0550562 -0.0507731 0.945888 51 0.037702 -0.0759836 0.99783 7
 0.0271337 -0.0483157 0.967769 187 0.0666353 -0.0602363 0.956219 8 0.0430193 -0.111162 0.971791 5
 0.0394011 -0.0534369 0.988872 71 0.0285594 -0.0400859 0.972014 59 0.0390394 -0.117941 0.960298 50
 0.0444764 -0.0642531 0.997791 143 0.0363595 -0.0293638 0.964319 47 0.0145113 -0.0403107 0.97655 4
 0.0398222 -0.0656253 0.998207 114 0.0406237 -0.0600996 0.998503 62 0.0553285 -0.0563046 0.959129 18
 0.0754296 -0.0479174 0.952487 123 0.0458625 -6.09236e-06 0.933545 54 0.040704 -0.0177558 0.949259 12
 0.0670447 -0.0518329 0.95842 145 0.0488917 -0.0299664 0.957125 48 0.0573573 -0.0873738 0.959994 6
 0.0530227 -0.0388829 0.960689 162 0.0679466 -0.0734411 0.991077 26 0.0698222 -0.0782155 0.965421 12
 0.0599454 -0.0427397 0.967053 139 0.0614784 -0.0878046 0.996473 23 0.0588742 -0.0566524 0.996976 14
 0.0636689 -0.0757746 0.997373 107 0.0632807 -0.104184 0.976153 31 0.0398296 -0.0352571 0.962456 29
 0.0296267 -0.077873 0.992771 78 0.0246004 -0.0521326 0.987997 39 0.0266977 -0.0621453 0.989768 16
 0.0877919 -0.0708935 0.961637 157 0.0461248 -0.0157708 0.943782 28 -0.00967043 -0.208649 1.01562 8
 0.0796325 -0.0771184 0.968503 195 -0.00454813 -0.20653 1.02341 4 -0.00710381 -0.19882 0.998729 1
 0.0711183 -0.0921984 0.977895 188 0.0479802 -0.11268 0.969856 12
 0.0639384 -0.105608 0.977585 161 0.0622556 -0.109263 0.977571 39
 0.054628 -0.117226 0.978735 200
 0.0432924 -0.115768 0.971577 143 0.0389916 -0.15771 0.986663 44 0.0633758 -0.103519 0.983117 13
 0.00895017 -0.151386 0.983607 200
 0.000347248 -0.146959 0.993295 30 0.0264284 -0.153042 0.979193 5
 0.0170907 -0.0912474 0.982393 44 0.0335142 -0.0843217 1.00039 7 0.0333781 -0.0852448 0.964501 1
 0.00718433 -0.0908194 0.967593 158 0.0404362 -0.128992 0.976279 25 0.0163871 -0.144083 0.962825 15
 0.035462 -0.0639111 0.994173 3 0.0191193 -0.109567 0.968464 1
 0.0205059 -0.150605 0.975782 198 0.0236629 -0.117121 0.96968 2
