 -0.199169 -0.0145702 0.99468 128 -0.189553 -0.0429988 0.989068 50 -0.130272 0.0509733 0.974963 8
 -0.191909 -0.0249956 0.996838 167 -0.146291 0.0356688 0.980541 24 -0.173174 0.0240377 0.996151 7
 -0.181252 -0.03309 1.00074 185 -0.172931 -0.00872576 0.998378 9 -0.168519 -0.00414401 0.998809 3
 -0.170286 -0.0409405 1.00377 161 -0.129279 -0.0781483 0.996217 34 -0.142288 0.00237552 1.00902 3
 -0.161337 -0.0468146 1.00539 151 -0.142702 -0.0942785 0.982754 33 -0.166047 -0.0462187 1.00504 7
 -0.147247 -0.0649778 0.997906 179 -0.16367 -0.0247187 1.00777 21
 -0.16746 0.0316907 0.989727 174 -0.13017 0.0328829 0.982115 18 -0.190729 -0.0148376 0.995272 7
 -0.166494 0.0193395 0.997508 194 -0.110675 -0.0295686 1.0008 6
 -0.162345 0.00263114 1.00544 199 -0.0965112 -0.00258692 0.982118 1
 -0.160701 -0.00389594 1.00505 192 -0.157255 -0.0569391 1.00135 6 -0.0850832 -0.0903969 1.00136 2
 -0.150841 -0.0160986 1.01171 158 -0.10602 -0.0393027 1.01976 36 -0.11836 -0.0678988 1.00531 6
 -0.132373 -0.0431388 1.01431 134 -0.151512 -0.023075 1.01506 31 -0.10429 -0.0917291 0.987589 19
 -0.133681 0.0438207 0.976972 118 -0.107462 -0.0671815 1.00542 27 -0.165658 0.0367971 0.990869 24
 -0.137234 0.0288826 0.98758 149 -0.0922883 -0.0724351 0.996636 27 -0.0646679 -0.0228276 0.964744 12
 -0.138134 0.0148801 1.00321 182 -0.170981 -0.0410763 1.00395 11 -0.0926938 -0.0713217 0.999588 4
 -0.141922 -0.0104052 1.00926 68 -0.139394 0.016748 1.00221 51 -0.0701295 -0.0355784 0.98023 43
 -0.131101 -0.0115265 1.01734 159 -0.0956573 -0.092707 1.00074 22 -0.147654 0.00809253 1.00435 12
 -0.115698 -0.0276758 1.0221 164 -0.140464 -0.00608571 1.01834 22 -0.0956025 -0.0422696 1.00846 8
 -0.0606045 -0.01955 0.962443 89 -0.131464 0.038669 0.975895 71 -0.10042 -0.0836417 0.996291 40
 -0.0606948 -0.0367205 0.97965 88 -0.155177 0.028054 0.994578 37 -0.13316 0.0332799 0.982274 29
 -0.0652828 -0.0512416 0.986933 114 -0.157108 0.0125998 1.00187 35 -0.132979 0.0140411 0.997227 29
 -0.0697607 -0.0514684 0.991923 97 -0.102227 -0.0836905 0.991954 42 -0.0968403 -0.00156304 1.01023 17
 -0.09933 -0.0187873 1.01911 117 -0.138086 0.0201619 1.00263 34 -0.124974 -0.00304191 1.01972 13
 -0.10329 -0.0341179 1.02461 146 -0.122147 -0.012084 1.01609 29 -0.124679 0.0197698 1.01619 15
 -0.0668681 -0.0229012 0.962975 170 -0.0649134 -0.0581403 0.984931 10 -0.134944 0.0541166 0.978295 9
 -0.0700676 -0.0384905 0.981943 65 -0.0713517 -0.0238437 0.969832 62 -0.0768013 -0.151804 1.0336 26
 -0.0678364 -0.0466464 0.985932 200
 -0.0734292 -0.0406434 0.984809 72 -0.149246 -0.0562487 1.00704 60 -0.180816 -0.0376113 1.00855 53
 -0.0799838 -0.070226 0.998082 111 -0.0783671 -0.0965376 1.0201 57 -0.194148 -0.0219965 1.00395 27
 -0.0882471 -0.0984666 1.00542 169 -0.123035 -0.0507839 1.01482 18 -0.146001 -0.0330528 1.01314 9
 -0.0962254 -0.110326 1.01382 194 -0.100493 -0.0291279 1.01491 2 -0.104182 -0.0833511 0.996739 2
 -0.0966233 -0.109371 1.00695 72 -0.0824132 -0.117661 1.03833 8 -0.139843 -0.0742686 1.00684 3
 -0.120829 -0.0307286 1.02106 83 -0.0997599 -0.0800895 1.00335 31 -0.15469 0.00263111 1.00717 10
 -0.133004 -0.0625106 1.00508 200
 -0.0984945 -0.101138 1.00477 16 -0.12689 -0.0401144 1.01705 7 -0.0976166 -0.0163366 0.985801 4
 -0.110191 -0.114504 1.01393 42 -0.120108 -0.133982 1.04452 3 -0.155937 0.0335328 0.98106 1
