 -0.234483 -0.0188246 1.01973 198 -0.168603 0.0350482 1.04672 2
 -0.231521 -0.0297993 1.01902 199 -0.200763 -0.00246265 1.04905 1
 -0.225258 -0.0451752 1.01825 187 -0.179901 0.00709754 1.04412 11 -0.215687 -0.0243888 1.04142 2
 -0.218571 -0.0521471 1.01476 108 -0.126494 -0.109262 0.994131 64 -0.179178 0.00323483 1.04606 16
 -0.212005 -0.0559932 1.01197 166 -0.170988 -0.0856222 0.985225 33 -0.188716 0.0125442 1.05423 1
 -0.169836 -0.113934 0.982603 99 -0.206468 -0.0693915 1.00824 99 -0.192549 -0.087202 0.989103 2
 -0.194889 0.0126317 1.04885 139 -0.176286 -0.0458842 1.03432 27 -0.178924 -0.0373706 1.03635 17
 -0.19498 -0.000351398 1.04865 147 -0.180152 -0.033217 1.03411 45 -0.20146 -0.118674 0.99612 6
 -0.19282 -0.0251086 1.04087 115 -0.190125 -0.0306598 1.03584 85
 -0.1956 -0.0275548 1.03563 110 -0.191559 -0.0372327 1.03476 62 -0.169015 -0.0110244 1.04395 12
 -0.189923 -0.0394709 1.0396 173 -0.180676 -0.0634545 1.03003 26 -0.214996 -0.0053748 1.06035 1
 -0.182041 -0.0583275 1.02969 162 -0.164122 -0.041063 1.04162 19 -0.177256 -0.12217 0.988225 11
 -0.165811 0.0245482 1.04208 195 -0.203984 -0.00431738 1.04013 5
 -0.172778 0.00928958 1.04576 188 -0.142194 -0.0150475 0.993364 4 -0.196439 -0.0230979 1.04002 3
 -0.1785 -0.00575061 1.04586 171 -0.152845 -0.142919 1.00088 20 -0.160769 -0.0431352 1.03106 9
 -0.175124 -0.00775649 1.04323 48 -0.167475 -0.0274562 1.04119 48 -0.151027 -0.141084 0.996741 29
 -0.164654 -0.0371382 1.04275 132 -0.162778 -0.0437928 1.0379 67 -0.15417 -0.0813188 1.02429 1
 -0.16418 -0.0524271 1.03619 200
 -0.167056 0.026871 1.04331 118 -0.115225 -0.0295923 0.98598 76 -0.242517 -0.0218924 1.02256 4
 -0.169176 0.0169475 1.04531 101 -0.122454 -0.0346494 0.990481 74 -0.149387 -0.054457 1.01318 9
 -0.119494 -0.0537975 0.993623 88 -0.188453 0.0118726 1.04573 41 -0.13661 -0.0235916 1.01798 26
 -0.19092 -0.00221679 1.048 82 -0.13758 -0.030757 1.02615 73 -0.115966 -0.0686633 0.995858 18
 -0.143272 -0.0370664 1.03673 176 -0.110882 -0.0495155 0.991042 9 -0.189609 -0.0398333 1.04224 8
 -0.155217 -0.0550541 1.03926 180 -0.136519 -0.0398514 0.996538 11 -0.151487 -0.0169709 1.0143 3
 -0.111179 -0.028634 0.984041 127 -0.169683 0.0245281 1.04721 61 -0.116 -0.0430738 1.03761 7
 -0.117165 -0.0446857 0.988118 193 -0.17591 0.0130772 1.05064 4 -0.239139 -0.0219581 1.03391 3
 -0.119302 -0.0637578 1.0011 193 -0.206502 -0.00576216 1.05805 4 -0.128 -0.0584371 1.04655 3
 -0.126593 -0.0889481 0.997062 189 -0.143418 -0.0436169 1.03474 11
 -0.129364 -0.10525 0.997888 194 -0.172113 -0.145032 0.996534 6
 -0.143894 -0.12708 0.994464 192 -0.133404 -0.0893132 0.987019 6 -0.180433 -0.0645347 1.02514 1
 -0.155209 -0.136905 0.998423 142 -0.179133 -0.105948 0.990335 34 -0.142419 -0.180104 1.0385 14
 -0.143675 -0.139885 1.01609 26
 -0.171236 -0.0616962 1.0354 187 -0.20164 -0.0250145 1.05066 11 -0.146373 -0.133368 1.01038 2
 -0.182453 -0.0942499 0.999669 199 -0.196484 -0.0528079 1.01903 1
 -0.179682 0.0112847 1.04296 29 -0.169278 -0.0434332 1.04138 14 -0.162979 -0.0977513 1.00344 9
 -0.158488 -0.137898 0.996301 47 -0.158046 -0.0980562 1.00298 37
