 0.0730008 0.031352 0.982481 83 0.0574673 -0.0684978 0.927516 37 0.102122 -0.0442804 0.95923 24
 0.0667853 0.0216828 0.9845 115 0.0967492 -0.00140334 0.933058 20 0.0506722 -0.0115528 0.894408 18
 0.0447259 -0.0295767 0.906214 54 0.0606582 0.00533025 0.985285 29 0.046181 -0.010761 0.891259 28
 0.0445225 -0.0402778 0.913356 80 0.0569597 -0.00498046 0.989067 26 0.0429639 -0.0173525 0.897202 18
 0.0475637 -0.0429031 0.918778 141 0.0343921 -0.103107 0.935242 14 0.0638006 -0.0747571 0.990036 9
 0.0431603 -0.0587136 0.923341 125 0.0354433 -0.0977772 0.92833 51 0.0609538 -0.0694934 0.988209 11
 0.0612238 0.000170875 0.983904 61 0.0449017 -0.0158361 0.898437 43 0.0412759 -0.018597 0.902126 34
 0.0385071 -0.0320244 0.90736 46 0.0595006 -0.00538023 0.984942 40 0.0930834 -0.046587 0.960943 34
 0.0492474 -0.0475129 0.925048 67 0.070326 -0.0168617 0.938123 37 0.0942797 -0.0202767 0.959435 24
 0.0456771 -0.0955935 0.932111 47 0.0668688 -0.0260086 0.944793 45 0.0918508 -0.0328656 0.963332 26
 0.0393486 -0.0784232 0.931989 114 0.046796 -0.05093 0.932786 23 0.0359345 -0.0628944 0.962056 18
 0.0400115 -0.0539502 0.940592 55 0.0316334 -0.0856393 0.94465 24 0.0540341 -0.0316999 0.943304 24
 0.0727421 0.0287873 0.983446 137 0.0941985 0.00503115 0.929514 32 0.104549 -0.0577257 0.966865 11
 0.0661539 0.0136747 0.988781 56 0.0633864 -0.0250946 0.934145 43 0.096056 -0.000821157 0.934767 27
 0.0658782 -0.00492824 0.985077 64 0.0606234 -0.0431406 0.943574 44 0.064358 -0.032534 0.942079 42
 0.0694653 -0.0287125 0.942346 79 0.0674894 -0.0695778 0.978113 26 0.0606052 -0.00571297 0.988882 18
 0.0477955 -0.0760859 0.932746 39 0.0669333 -0.0738241 0.990862 33 0.0652564 -0.0279493 0.947919 32
 0.0708705 -0.0800514 0.988933 90 0.0413495 -0.0811533 0.939046 33 0.0586748 -0.030139 0.948939 30
 0.101333 0.00603863 0.926775 87 0.075036 0.0335878 0.982819 54 0.106609 -0.0278 0.956287 48
 0.0928296 -0.00182197 0.932282 118 0.0965474 -0.0339687 0.959177 56 0.0695113 0.0211386 0.988586 22
 0.0842341 -0.0259508 0.958452 125 0.0823278 -0.0918743 0.971157 34 0.0652304 0.00447433 0.986114 25
 0.0787753 -0.106444 0.976079 48 0.0798227 -0.0158918 0.944101 47 0.0910616 -0.0354997 0.962255 37
 0.0752747 -0.0860451 0.988569 57 0.0901555 -0.0321304 0.961946 31 0.088347 -0.0192308 0.945727 29
 0.037377 -0.0848445 0.955465 32 0.0874279 -0.0399051 0.991932 15 0.0296327 -0.111913 0.96211 14
 0.100543 0.00449289 0.931204 116 0.112382 -0.0552901 0.971773 56 0.0686167 0.0252958 0.986791 20
 0.0997185 -0.0686314 0.98298 95 0.102644 -0.0386816 0.961702 47 0.0546457 -0.0553618 0.924619 20
 0.088355 -0.0791357 0.9853 174 0.101359 -0.0208074 0.958008 13 0.063795 -0.0881986 0.969461 5
 0.0787421 -0.0896777 0.991775 81 0.076463 -0.0927858 0.989294 53 0.0736775 -0.0957485 0.986178 39
 0.0878439 -0.0760172 0.995754 48 0.0694209 -0.100777 0.975932 33 0.00231404 -0.160703 0.971183 27
 0.0645922 -0.0884102 0.982909 16 0.0626097 -0.10472 0.946654 5 0.0436238 -0.134327 0.951343 2
 0.0185326 -0.144814 0.969346 197 0.0450715 -0.0741762 0.944643 3
 0.0319017 -0.139502 0.962738 3 0.0113654 -0.145832 0.96795 2
 0.0524759 -0.090391 0.930239 12 0.0393563 -0.0572389 0.923418 10 0.0690171 -0.0608383 0.99727 7
 0.0354327 -0.0663839 0.926968 35 -7.77748e-05 -0.129359 0.960586 23 0.0163885 -0.0904461 0.956797 22
 0.0349555 -0.0788069 0.956201 30 0.0175995 -0.116121 0.969407 16
 0.0191041 -0.139284 0.960268 39 0.0126999 -0.161365 0.980594 30 0.0372002 -0.0896138 0.933855 8
