 -0.158061 0.127347 0.921693 185 -0.101765 0.137925 0.886893 10 -0.0895803 0.105505 0.921553 5
 -0.158029 0.115792 0.922568 174 -0.164164 0.0772058 0.920588 26
 -0.158569 0.100037 0.927186 127 -0.165116 0.0624194 0.924379 36 -0.136714 0.00812691 0.916963 13
 -0.159264 0.0931352 0.929418 113 -0.16085 0.0506167 0.922882 43 -0.152538 0.0879965 0.900148 15
 -0.160545 0.0848862 0.9285 64 -0.161595 0.0658855 0.923461 44 -0.162282 0.0772325 0.92636 30
 -0.166296 0.0671568 0.929418 131 -0.171637 0.0394827 0.923657 43 -0.142393 0.0210907 0.925512 15
 -0.10476 0.133249 0.891116 57 -0.146345 0.125022 0.923664 32 -0.127083 0.0119109 0.916672 28
 -0.143871 0.0732342 0.917091 46 -0.152946 0.111323 0.928399 30 -0.142041 0.0777787 0.91006 29
 -0.144551 0.0711346 0.926621 164 -0.129319 0.0890346 0.900343 11 -0.153647 0.0977028 0.925812 9
 -0.141606 0.0551597 0.922952 54 -0.150778 0.0843278 0.924888 49 -0.147253 0.0830495 0.901019 44
 -0.1599 0.0499684 0.928238 93 -0.140746 0.0486819 0.935685 27 -0.13621 0.0363221 0.913657 13
 -0.151835 0.0610418 0.931442 174 -0.146808 0.0881128 0.935312 11 -0.138185 0.0912071 0.879577 5
 -0.10555 0.132781 0.89287 127 -0.119542 0.103791 0.871875 70 -0.123708 0.109279 0.913189 2
 -0.115861 0.117686 0.904935 74 -0.114798 0.108487 0.863752 37 -0.1161 0.102832 0.864542 26
 -0.136873 0.0706886 0.930087 99 -0.12717 0.0793341 0.904721 34 -0.120605 0.0649758 0.869506 19
 -0.129718 0.0916362 0.905232 95 -0.128064 0.096407 0.914783 59 -0.160645 0.096242 0.924828 26
 -0.148057 0.0557953 0.93738 80 -0.141416 0.0802109 0.919355 63 -0.122376 0.0996479 0.875324 25
 -0.136468 0.0481534 0.943672 91 -0.147641 0.0777901 0.928015 44 -0.145771 0.0714575 0.93291 17
 -0.0976003 0.108722 0.925242 127 -0.103542 0.135485 0.888564 71 -0.1081 0.0813174 0.861026 2
 -0.0973732 0.101844 0.92718 85 -0.0944351 0.105106 0.925604 69 -0.106579 0.0680165 0.871021 37
 -0.110984 0.0584462 0.882495 78 -0.109646 0.0881435 0.93632 71 -0.111363 0.109754 0.911538 45
 -0.117022 0.100265 0.928619 121 -0.127507 0.0914253 0.870219 22 -0.111206 0.0759664 0.945888 19
 -0.115372 0.0894514 0.942541 187 -0.159125 0.0701495 0.927136 9 -0.116134 0.0261769 0.91686 3
 -0.119715 0.0600576 0.885329 52 -0.168726 0.038806 0.930924 33 -0.119093 0.00458819 0.909936 24
 -0.105501 0.130741 0.895181 130 -0.135448 0.0881856 0.874233 37 -0.103128 0.110734 0.921065 12
 -0.113143 0.0541369 0.885981 104 -0.110451 0.111863 0.918754 65 -0.129442 0.0824067 0.889579 20
 -0.112348 0.0424378 0.904438 169 -0.116199 0.0992054 0.931789 25 -0.110599 0.0650972 0.944153 6
 -0.113458 0.0280232 0.921468 189 -0.113036 0.0738195 0.952855 7 -0.113375 0.0689527 0.953069 2
 -0.122224 0.00997425 0.931496 179 -0.102265 0.0788797 0.952714 20 -0.119865 0.0746041 0.938228 1
 -0.140356 -0.00183991 0.933775 159 -0.120154 0.0517359 0.879193 28 -0.118025 0.0680095 0.943782 8
 -0.159864 -0.0148756 0.948632 169 -0.154199 0.0641656 0.934802 21 -0.134969 0.0146833 0.923107 10
 -0.141829 -0.0116558 0.953903 47 -0.145255 0.0915543 0.933531 11 -0.162093 0.0156723 0.938042 10
 -0.144974 0.0432406 0.941758 59 -0.144653 0.0381386 0.939808 11 -0.155861 0.0712736 0.922028 9
 -0.160821 0.050634 0.935497 71 -0.162077 0.0448734 0.934677 64 -0.163513 0.0359204 0.933848 55
 -0.138197 0.0418578 0.930533 75 -0.154125 -0.00669985 0.935239 7 -0.156915 0.0293553 0.920235 1
 -0.16356 -0.0165615 0.950598 137 -0.146274 0.0184277 0.935369 39 -0.14901 0.0408245 0.932611 23
