 0.0211037 -0.0725567 0.879074 53 0.0189282 -0.128975 0.898353 50 0.0163575 -0.0981449 0.904961 38
 0.00894223 -0.112265 0.902679 92 0.0182984 -0.0837972 0.885486 65 0.080679 -0.0777572 0.889797 22
 0.0134181 -0.0989624 0.899076 173 -0.0259494 -0.170526 0.925606 19 0.057815 -0.0785311 0.900492 6
 0.00910229 -0.0939361 0.902024 142 -0.0183192 -0.175544 0.93478 34 -0.00168591 -0.0880125 0.88213 20
 0.00778262 -0.0963398 0.908438 176 -0.0566872 -0.185743 0.984599 13 -0.00763207 -0.17824 0.940541 10
 -0.00513963 -0.128 0.909633 79 0.0118288 -0.173286 0.933048 47 0.0110628 -0.10552 0.908047 40
 0.0256029 -0.0761786 0.881121 76 0.0582757 -0.0757788 0.894085 44 0.035554 -0.122636 0.927114 19
 0.023714 -0.10386 0.910069 109 0.0345179 -0.0753848 0.874901 54 0.0534855 -0.0944024 0.907993 10
 0.0254408 -0.0976508 0.908638 128 0.0237732 -0.0804169 0.893975 51 0.0601698 -0.101814 0.927646 11
 0.0226809 -0.0909739 0.912055 132 0.0444081 -0.0921482 0.915022 20 0.058279 -0.094954 0.92075 15
 0.0378038 -0.104504 0.924129 64 0.0500659 -0.108971 0.930445 58 0.0276205 -0.089597 0.913453 42
 0.0378355 -0.117944 0.934872 54 0.0242549 -0.103882 0.916021 41 -0.00183089 -0.147066 0.915096 34
 0.0857863 -0.079183 0.894187 72 0.0999815 -0.121148 0.908378 43 0.0554611 -0.0704598 0.894775 33
 0.064968 -0.0807847 0.912842 73 0.084921 -0.107847 0.924838 53 0.0228311 -0.0957694 0.898247 25
 0.0588999 -0.100872 0.928608 158 0.0455486 -0.0885874 0.908297 28 0.0154911 -0.100568 0.897965 11
 0.028554 -0.106798 0.915606 104 0.0635715 -0.104161 0.938634 19 0.0438916 -0.0857765 0.910708 16
 0.042022 -0.0804433 0.909882 59 0.0581537 -0.098577 0.935125 56 0.0476616 -0.118021 0.942403 37
 0.0505672 -0.105273 0.945069 147 0.0458843 -0.121639 0.944904 51 0.0399354 -0.0870037 0.899711 2
 0.098932 -0.134403 0.905596 100 0.0923555 -0.0754705 0.889252 72 0.0941077 -0.107146 0.919228 17
 0.0912481 -0.124685 0.909445 92 0.0866326 -0.0807511 0.896876 58 0.0748259 -0.100025 0.928996 46
 0.0743318 -0.0982318 0.937339 57 0.093709 -0.104235 0.919282 52 0.0823857 -0.0844439 0.898024 26
 0.0690679 -0.0674236 0.896292 108 0.0882477 -0.112819 0.928079 28 0.0564769 -0.152917 0.941546 26
 0.0847097 -0.0937464 0.928252 146 0.0632461 -0.0712322 0.900059 42 0.0610959 -0.142114 0.936685 8
 0.0362987 -0.12059 0.946374 98 0.053072 -0.10163 0.942457 48 0.0591437 -0.140188 0.950392 15
 0.0811181 -0.0793216 0.889542 100 0.0972123 -0.135795 0.908941 91 0.0966152 -0.102789 0.914034 8
 0.0815809 -0.142485 0.91978 180 0.0729909 -0.076963 0.887825 16 0.0727364 -0.0829101 0.93378 4
 0.0634737 -0.149764 0.939177 122 0.0803183 -0.121234 0.920517 68 0.0318691 -0.16667 0.935279 3
 0.0484825 -0.159559 0.937145 172 0.0629661 -0.136951 0.923711 21 0.0870925 -0.12402 0.937432 7
 0.0493516 -0.156157 0.936748 127 0.0237421 -0.165922 0.92948 26 0.00416381 -0.179523 0.942984 20
 0.0323942 -0.150044 0.929395 102 0.00831769 -0.169544 0.931019 79 0.0125586 -0.16418 0.928024 14
 -0.0237472 -0.170694 0.958048 143 0.0101201 -0.128853 0.912555 57
 0.0454456 -0.13387 0.941092 5 0.012688 -0.13466 0.910655 2
 0.0426091 -0.127166 0.948372 14 0.0182512 -0.143029 0.933918 9 0.0184613 -0.12206 0.937996 7
 0.00725995 -0.126703 0.916551 99 0.0429017 -0.101691 0.933869 30 0.0449136 -0.14912 0.93606 29
 -0.00375842 -0.139993 0.921319 52 -0.0153265 -0.15612 0.960175 3
 -0.0280024 -0.16812 0.965913 43 0.0141874 -0.127878 0.914126 11 -0.0167509 -0.195468 0.966927 5
