 -0.126803 -0.0105838 0.960806 199 -0.147769 -0.0866218 0.97874 1
 -0.127489 -0.0233564 0.966073 190 -0.118764 -0.0627203 0.975051 6 -0.1208 -0.094831 0.969103 4
 -0.125774 -0.0418308 0.975035 194 -0.0707526 -0.0732706 0.966349 3 -0.127114 -0.0666061 0.976547 2
 -0.12484 -0.0509713 0.977109 199 -0.149131 -0.09033 0.977719 1
 -0.127666 -0.0602815 0.976366 156 -0.10086 -0.117036 0.98064 22 -0.0983444 -0.0781003 0.97775 20
 -0.128929 -0.0811808 0.97722 110 -0.127923 -0.114664 0.980072 38 -0.154632 -0.137221 0.995568 36
 -0.116055 -0.0517497 0.97331 58 -0.121108 -0.0136732 0.963307 37 -0.073798 -0.0432512 0.916627 36
 -0.11179 -0.0833749 0.974943 118 -0.125164 -0.0265082 0.975103 21 -0.0547119 -0.0605762 0.97497 17
 -0.0965169 -0.0659949 0.972182 62 -0.138919 -0.101856 0.978444 30 -0.122251 -0.0651632 0.972669 26
 -0.0909844 -0.0561427 0.962522 80 -0.123629 -0.0690456 0.975468 31 -0.14044 -0.0980676 0.981206 30
 -0.0979819 -0.0672748 0.975123 59 -0.0994135 -0.103056 0.987317 55 -0.112832 -0.0839498 0.980615 46
 -0.104894 -0.0813408 0.985698 55 -0.138594 -0.109591 0.988773 46 -0.123749 -0.0973783 0.983449 34
 -0.12332 -0.0104205 0.962036 74 -0.0861092 -0.063902 0.960863 58 -0.0780728 -0.0394815 0.920151 42
 -0.126817 -0.0246762 0.968033 80 -0.099921 -0.0639879 0.967407 58 -0.0557554 -0.062007 0.961155 23
 -0.129966 -0.0400905 0.974329 77 -0.102991 -0.0815047 0.975862 52 -0.0805032 -0.0631519 0.956611 43
 -0.128502 -0.0552721 0.97685 39 -0.120511 -0.0917565 0.979061 35 -0.0943504 -0.0636905 0.96313 23
 -0.0982248 -0.0833377 0.982423 133 -0.0998853 -0.0761502 0.979594 61 -0.0727849 -0.0386977 0.929556 2
 -0.106832 -0.0898385 0.98965 129 -0.102299 -0.0833253 0.986775 57 -0.0980434 -0.0986731 0.937181 5
 -0.0544811 -0.0549275 0.967997 112 -0.123139 -0.0105122 0.958658 33 -0.0660272 -0.134288 0.933584 22
 -0.0851163 -0.060935 0.957779 59 -0.0572079 -0.0648875 0.974528 47 -0.0719968 -0.13122 0.944311 23
 -0.0664539 -0.0681096 0.947272 62 -0.127418 -0.0345353 0.973944 41 -0.0655411 -0.0692339 0.964894 34
 -0.0688562 -0.0809817 0.950635 82 -0.072406 -0.136162 0.946084 51 -0.0841809 -0.0486782 0.930929 17
 -0.0960281 -0.0751676 0.975838 73 -0.121365 -0.0930976 0.980099 43 -0.0744688 -0.074074 0.969875 26
 -0.0954611 -0.085805 0.982347 20 -0.109145 -0.093767 0.983133 13 -0.14013 -0.0996107 0.988235 10
 -0.0413838 -0.0498249 0.944949 70 -0.0435304 -0.0541784 0.960437 54 -0.126974 -0.0114265 0.963268 33
 -0.125898 -0.032688 0.975484 61 -0.0522182 -0.0563817 0.94133 31 -0.0554737 -0.0579191 0.975133 30
 -0.0674309 -0.0720572 0.953316 65 -0.127347 -0.0718739 0.974193 50 -0.0817081 -0.121661 0.966913 21
 -0.0795215 -0.108247 0.938731 53 -0.0879524 -0.124941 0.968124 44 -0.133268 -0.0916977 0.987493 37
 -0.100241 -0.140502 0.982909 58 -0.07704 -0.109268 0.937575 21 -0.0850596 -0.118469 0.97081 18
 -0.115546 -0.13188 0.989118 121 -0.125312 -0.0693144 0.978819 73 -0.0939617 -0.123614 0.951384 3
 -0.13348 -0.113685 0.985132 123 -0.124608 -0.146942 1.00635 52 -0.0731002 -0.100745 0.938338 8
 -0.130267 -0.0979583 0.984907 13 -0.143725 -0.13287 1.00389 8 -0.0786317 -0.0880289 0.935906 3
 -0.102287 -0.10301 0.991594 41 -0.114553 -0.0608151 0.97687 16 -0.136685 -0.116789 0.981564 14
 -0.12533 -0.100895 0.982407 92 -0.129012 -0.110168 0.982715 82 -0.0960829 -0.0995291 0.990676 12
 -0.115936 -0.110509 0.990798 23
 -0.139925 -0.132686 0.996832 181 -0.108587 -0.0889652 0.993317 4
