 -0.241204 -0.0457468 0.970205 51 -0.209586 -0.0567802 0.972741 34 -0.209112 0.0131466 1.00428 32
 -0.232582 -0.0492215 0.975775 130 -0.206224 -0.00743889 0.971047 13 -0.197416 0.00926177 1.00748 12
 -0.220267 -0.056387 0.981016 144 -0.200962 0.00552735 1.01775 31 -0.204389 -0.0227058 0.979138 20
 -0.199225 -0.0444571 0.990837 112 -0.209652 -0.0656387 0.986817 84 -0.21462 -0.0642289 0.977396 2
 -0.196797 -0.0585985 0.99591 150 -0.176284 -0.101585 0.993275 38 -0.147717 -0.0532179 0.991388 6
 -0.194214 -0.0738241 0.994169 88 -0.167853 -0.100002 0.992875 61 -0.171311 -0.0964315 0.993688 15
 -0.142777 -0.020108 0.975808 51 -0.19666 -0.00487163 0.966022 47 -0.209603 -0.00263645 1.01822 38
 -0.159888 -0.106554 0.990209 45 -0.208573 -0.0089437 1.02223 40 -0.174133 -0.0408603 1.01944 26
 -0.147159 -0.0416537 0.990654 71 -0.201843 -0.0339918 0.989212 46 -0.199673 -0.0568225 0.990978 25
 -0.135915 -0.0430691 0.995597 91 -0.201418 -0.0331612 0.989106 72 -0.193395 -0.0560067 0.997062 21
 -0.181689 -0.0464209 1.00255 63 -0.175979 -0.0427376 1.00023 55 -0.160792 -0.0861482 1.00417 41
 -0.188651 -0.0549954 1.0156 81 -0.197606 -0.0472081 1.00622 59 -0.164055 -0.0749634 0.994986 17
 -0.141893 -0.0163076 0.975468 62 -0.134628 -0.0314204 0.986376 59 -0.222214 0.0164344 0.988161 37
 -0.143095 -0.035453 0.992764 107 -0.203155 -0.00597035 0.965975 27 -0.16369 -0.0277849 1.03676 16
 -0.148516 -0.053526 1.00751 67 -0.210531 0.00108429 0.972645 28 -0.213465 -0.0649346 0.987645 25
 -0.145234 -0.0714776 1.0141 44 -0.194347 -0.0435256 1.00514 40 -0.123783 -0.0722277 1.00025 25
 -0.181962 -0.0420783 1.02704 89 -0.137034 -0.114909 1.00079 39 -0.125177 -0.0627014 1.02033 37
 -0.179114 -0.0441467 1.02332 63 -0.181278 -0.0505311 1.02055 42 -0.157187 -0.0567165 1.02289 41
 -0.140245 -0.016381 0.975765 114 -0.225223 0.0170777 0.984266 58 -0.211316 0.00785837 1.00958 13
 -0.212807 0.00359276 0.95611 64 -0.220099 0.00755878 0.993323 57 -0.132233 -0.0649518 1.00231 28
 -0.108283 -0.146625 1.05629 63 -0.209692 -0.00614116 0.968227 62 -0.123925 -0.0558337 1.00734 30
 -0.093284 -0.150501 1.06756 41 -0.194404 -0.0214951 1.03569 40 -0.197621 -0.0181415 1.03453 32
 -0.179995 -0.0317933 1.04128 122 -0.130414 -0.0511041 0.999 76 -0.160961 -0.0139609 0.976746 2
 -0.128391 -0.103749 1.01127 94 -0.170766 -0.0620764 1.03168 37 -0.184539 -0.0470003 1.03715 36
 -0.140638 -0.0133925 0.981152 65 -0.209604 -0.00153959 1.02422 37 -0.226738 0.0149483 0.986497 32
 -0.136796 -0.0331087 0.988993 70 -0.110599 -0.16784 1.04303 29 -0.212554 -0.00270306 0.971215 25
 -0.131033 -0.0546433 1.00341 134 -0.206525 -0.0179278 1.0218 13 -0.198823 -0.0143904 0.983848 8
 -0.171366 -0.0933175 1.00011 84 -0.126733 -0.0676109 1.01064 54 -0.110292 -0.100194 1.02615 19
 -0.123237 -0.0746978 1.0114 85 -0.131878 -0.101003 1.00702 27 -0.164756 -0.0898704 1.00179 5
 -0.123576 -0.0914063 1.00827 148 -0.111684 -0.109192 1.03025 36 -0.179291 -0.0692434 1.01059 13
 -0.133107 -0.128929 1.02077 74 -0.129377 -0.132117 1.02445 58 -0.159526 -0.0898232 1.00047 46
 -0.135851 -0.127914 1.01072 11 -0.191519 -0.0307032 1.02884 11 -0.119022 -0.10872 1.03049 1
 -0.155564 -0.0837159 1.01462 82 -0.116866 -0.126332 1.04682 43 -0.178543 -0.0633707 1.02428 33
 -0.180138 -0.0637521 1.01816 111 -0.171809 -0.0879122 0.99942 76 -0.227663 -0.0647031 0.98978 6
 -0.142656 -0.0745452 1.0024 44 -0.143532 -0.117584 1.00822 26 -0.143535 -0.02982 0.96906 5
 -0.119489 -0.125871 1.03011 11 -0.209743 -0.0325052 1.02394 11 -0.144555 -0.130207 1.01862 9
