 -0.154393 -0.0245135 0.970752 193 -0.0661551 0.0121891 0.963612 4 -0.101112 -0.0594797 0.967484 2
 -0.151822 -0.0351385 0.974085 200
 -0.143395 -0.0486379 0.977177 192 -0.098402 -0.00412408 0.950431 4 -0.114177 -0.0505213 0.970392 2
 -0.136412 -0.0551969 0.977755 196 -0.107906 -0.0278258 0.964383 2 -0.0747483 -0.0148199 0.986596 1
 -0.130034 -0.0620463 0.979299 191 -0.067412 -0.110348 0.979292 4 -0.113189 -0.0224141 0.963689 3
 -0.123539 -0.0760641 0.980591 191 -0.123397 -0.0490049 0.980881 8 -0.0912209 -0.1183 0.985406 1
 -0.0977538 0.000687197 0.94081 192 -0.0744609 -0.0356753 0.9546 4 -0.0826553 -0.0395123 0.976407 3
 -0.101827 -0.0113102 0.951464 188 -0.0673013 -0.0193514 0.946687 7 -0.0716169 -0.112187 0.974914 4
 -0.103987 -0.0300967 0.971539 184 -0.0777398 -0.0346045 0.969628 12 -0.0826001 -0.125473 0.981006 3
 -0.103506 -0.0406976 0.977598 151 -0.0957593 -0.124415 0.976592 26 -0.0770181 -0.0661459 0.98478 19
 -0.100314 -0.0540779 0.986424 162 -0.104692 -0.027076 0.971963 33 -0.106125 -0.096298 0.965419 5
 -0.0999008 -0.0536367 0.987722 200
 -0.0965174 0.00379989 0.940796 92 -0.0637749 0.00951098 0.968156 47 -0.154585 -0.0200944 0.969517 27
 -0.0710587 -0.0258751 0.953435 91 -0.0726389 -0.0086255 0.988 67 -0.0994555 -0.0112749 0.951228 25
 -0.0766181 -0.0338865 0.95987 84 -0.0769025 -0.0241668 0.998098 61 -0.0830298 -0.117026 0.982317 20
 -0.0853632 -0.0409389 0.984518 42 -0.05363 -0.0653806 0.946441 31 -0.0769734 -0.141185 0.974562 26
 -0.081636 -0.0515702 0.997167 149 -0.0796889 -0.0560563 0.998562 42 -0.0873495 -0.013501 0.983302 4
 -0.0889912 -0.0483819 0.99422 188 -0.0662125 -0.0174903 1.00141 3 -0.0853566 -0.0888477 0.982592 3
 -0.0624189 0.00558886 0.965921 151 -0.0538953 -0.0262724 0.933735 30 -0.15537 -0.0170238 0.968511 6
 -0.0686488 0.00036597 0.974819 75 -0.0690099 -0.00244276 0.978801 63 -0.0620084 -0.0242284 0.946001 31
 -0.0698013 -0.0148679 0.992131 103 -0.0551121 -0.0444622 0.933998 37 -0.0670947 -0.0248156 0.952422 16
 -0.0764515 -0.0162243 1.00012 77 -0.0534755 -0.042589 0.935618 40 -0.0702497 -0.0480607 0.997014 27
 -0.0710977 -0.0540096 0.997645 91 -0.0692466 -0.0161417 0.997349 26 -0.102289 -0.0454525 0.98206 15
 -0.0779055 -0.0598598 1.00178 152 -0.0718376 -0.0281115 1.00105 12 -0.0931643 -0.0312668 0.974847 8
 -0.0503391 -0.049196 0.939147 69 -0.0515649 -0.041048 0.934261 56 -0.0613357 0.0120308 0.963696 23
 -0.0593896 -0.0425745 0.932209 53 -0.0484987 -0.060389 0.95469 52 -0.0994686 -0.180561 1.01258 29
 -0.0530912 -0.0705383 0.970235 198 -0.0686232 -0.0104456 0.991928 1 -0.056511 -0.106898 0.984105 1
 -0.0544466 -0.0874255 0.979226 199 -0.153392 -0.0509054 0.98121 1
 -0.0654727 -0.111359 0.985308 129 -0.0637517 -0.105595 0.982663 62 -0.101872 -0.124798 0.990854 9
 -0.0716597 -0.127485 0.990981 181 -0.0706367 -0.0827884 0.972295 18 -0.0881192 -0.0729628 0.997417 1
 -0.0974896 -0.14249 1.00154 188 -0.0772732 -0.166681 1.03516 3 -0.0727376 -0.0327786 0.961163 2
 -0.075657 -0.135722 1.00616 58 -0.112139 -0.139714 0.994155 10 -0.104397 -0.114963 0.981592 6
 -0.0861563 -0.0864065 0.997308 97 -0.0908715 -0.0675736 1.00179 40 -0.0908996 -0.124176 0.986141 13
 -0.106685 -0.0889094 0.98705 200
 -0.0976833 -0.0872494 0.987001 3 -0.0859328 -0.131518 0.987455 2
 -0.0943781 -0.153273 1.01933 38 -0.0911438 -0.137698 0.991186 21 -0.0736201 -0.111898 0.98647 6
