 -0.11312 0.00836036 0.959879 132 -0.0947211 0.0175528 0.948931 25 -0.0740643 -0.135799 1.001 12
 -0.112913 -0.00105171 0.961262 163 -0.0766042 -0.0831637 0.948222 23 -0.0731899 -0.142719 1.00674 6
 -0.103172 -0.00991106 0.961005 95 -0.105421 -0.0305682 0.948575 43 -0.10443 -0.0262485 0.95174 22
 -0.100778 -0.0372115 0.952742 64 -0.101148 -0.0121439 0.963037 60 -0.100229 -0.0209494 0.960084 29
 -0.0950369 -0.0473674 0.957918 105 -0.0997498 -0.00534379 0.96332 80 -0.0699568 -0.0834524 0.951595 11
 -0.0888966 -0.0639237 0.952288 67 -0.0904342 -0.0587511 0.953394 49 -0.0968745 -0.029138 0.957884 42
 -0.0840887 0.0157286 0.943403 141 -0.0802874 0.0226882 0.942272 53 -0.0832687 -0.0305399 0.978699 3
 -0.0919901 -0.00109371 0.951245 177 -0.0613297 -0.0879245 0.958384 6 -0.0890616 -0.00296816 1.00446 6
 -0.100999 -0.0112828 0.956692 101 -0.0986145 0.0140528 0.950605 35 -0.0785268 -0.059813 0.960823 13
 -0.101357 -0.00845693 0.959189 88 -0.0903577 -0.0487671 0.965513 41 -0.0921886 0.0160749 0.942331 19
 -0.0762497 -0.0191355 0.996485 72 -0.0729107 -0.0545724 0.971614 51 -0.0890238 -0.0271518 0.967498 49
 -0.0938968 -0.0194661 1.00297 69 -0.0669558 -0.0733682 0.9511 60 -0.0762491 -0.0515724 0.979475 46
 -0.0760006 0.0304754 0.94232 191 -0.083805 0.00862218 0.996174 5 -0.0476363 -0.130978 0.985792 3
 -0.0811429 0.0151247 0.943783 189 -0.0819955 0.0105187 0.997084 10 -0.10638 0.000274705 0.963458 1
 -0.0901521 0.00369255 0.949613 88 -0.0858435 -0.00238049 0.998537 68 -0.057847 -0.0098933 0.961566 41
 -0.092411 0.00359154 0.950218 90 -0.0841205 -0.0156808 1.0008 67 -0.0785901 -0.0155104 0.973034 13
 -0.0734672 -0.0282271 0.982641 58 -0.0774832 -0.0238272 0.99374 57 -0.0637018 -0.0828846 0.957395 27
 -0.0753704 -0.0612136 0.957797 84 -0.084783 -0.0168125 1.00481 57 -0.0677519 -0.013561 0.976278 56
 -0.0510226 0.0213382 0.945439 178 -0.08155 0.014669 0.934389 12 -0.0385459 -0.160659 1.02439 6
 -0.0538383 0.0112786 0.950973 191 -0.0493113 -0.162693 1.03135 5 -0.100598 0.00631863 0.964465 4
 -0.0530197 -0.00444074 0.959222 154 -0.0445177 -0.064385 0.969961 45 -0.0853717 -0.00526803 1.01156 1
 -0.0519524 -0.0195532 0.972685 80 -0.0554564 0.00479352 0.962075 46 -0.0466079 -0.045982 0.97036 32
 -0.0576534 -0.0269106 0.975544 161 -0.0650186 0.00727659 0.9999 17 -0.0496651 -0.0720935 0.966334 12
 -0.0523204 -0.0579614 0.974699 151 -0.0689543 -0.0160838 0.973494 15 -0.0535474 -0.0346885 0.978833 13
 -0.0472887 -0.0032348 0.963638 66 -0.0796124 0.0330577 0.948327 27 -0.0463663 -0.00750972 0.966329 20
 -0.0578936 -0.150864 1.00375 81 -0.0529937 -0.0101315 0.970794 80 -0.0614054 -0.130909 0.976618 31
 -0.042695 -0.0974041 0.982393 119 -0.0533832 -0.0327206 0.969618 48 -0.0734439 -0.0636407 0.952121 20
 -0.044791 -0.0740529 0.981978 154 -0.0488417 -0.0332709 0.976534 25 -0.0619308 0.000339128 0.963914 17
 -0.0455093 -0.090979 0.980288 106 -0.0494393 -0.0375534 0.973479 23
 -0.0576789 -0.074844 0.963822 121 -0.0441413 -0.0889917 0.980361 69 -0.0540846 -0.0796438 0.968063 9
 -0.0668706 -0.114769 0.982976 162 -0.0505574 -0.133165 1.0064 13 -0.051112 -0.0408488 0.966545 10
 -0.0649149 -0.0235615 0.973206 47 -0.053327 -0.0591643 0.971822 14 -0.0580467 -0.101057 0.977639 5
 -0.0904377 -0.027909 1.00069 39 -0.0686421 -0.0534348 0.967723 37 -0.059382 -0.116757 0.989713 12
 -0.0874273 -0.0421506 0.974673 174 -0.0759633 -0.0780737 0.959329 22 -0.078021 -0.0690135 0.961313 2
 -0.0739478 -0.0746958 0.957094 7 -0.0716979 -0.0436126 0.96701 7 -0.0994197 -0.0294064 0.97119 2
 -0.0712542 -0.120069 0.996828 21 -0.0585685 -0.0830367 0.974811 21 -0.0726658 -0.152954 1.01674 3
