 0.0251149 -0.235837 1.0758 175 0.188327 -0.228585 0.999193 5 0.0837926 -0.218047 1.02474 4
 0.179465 -0.16554 1.03504 39 0.0382659 -0.244471 1.0497 39 0.0307071 -0.237103 1.07223 26
 0.0408645 -0.240343 1.06134 71 0.104815 -0.217883 0.993016 41 0.110512 -0.210254 0.956661 23
 0.0439343 -0.238504 1.07204 83 0.0988166 -0.229064 0.976056 31 0.166452 -0.219183 1.03481 30
 0.0455174 -0.231479 1.04515 52 0.103756 -0.205832 1.0056 48 0.16047 -0.214642 1.03337 32
 0.107081 -0.211957 0.994393 51 0.0458325 -0.23344 1.061 35 0.0857136 -0.212101 1.01305 30
 0.101726 -0.191166 1.002 52 0.129384 -0.203721 1.0276 36 0.118372 -0.224308 0.947057 28
 0.104479 -0.204942 0.997941 101 0.114515 -0.21723 0.977061 27 0.136425 -0.196334 1.04758 21
 0.156518 -0.214995 1.03 55 0.0953881 -0.221586 1.00188 52 0.140267 -0.228052 1.01141 29
 0.093412 -0.213477 1.01591 89 0.160521 -0.235466 1.01391 39 0.103839 -0.215696 1.0065 30
 0.112245 -0.212232 1.00288 57 0.0454381 -0.214694 1.06822 56 0.145904 -0.226174 1.01965 36
 0.0845897 -0.228524 1.03801 78 0.0612295 -0.225994 1.0694 51 0.151533 -0.21748 1.01428 26
 0.181954 -0.161102 1.04431 167 0.0809892 -0.239853 1.04151 8 0.0255526 -0.225291 1.08666 8
 0.181355 -0.179849 1.03762 49 0.16244 -0.163688 1.03708 34 0.142661 -0.208015 1.02223 33
 0.162239 -0.206217 1.03533 145 0.141377 -0.224175 1.03181 26 0.133619 -0.224954 1.00381 12
 0.161552 -0.198586 1.03596 123 0.151007 -0.207802 1.04397 45 0.0909149 -0.220305 1.01379 15
 0.150594 -0.201321 1.05129 58 0.158738 -0.209437 1.02075 50 0.10335 -0.19699 1.01762 25
 0.142019 -0.212333 1.04628 64 0.0624612 -0.21374 1.03896 35 0.0893761 -0.205236 1.00608 26
 0.182724 -0.159673 1.03847 180 0.177404 -0.210588 1.02805 19 0.208298 -0.244407 1.0048 1
 0.177941 -0.170352 1.04536 193 0.16393 -0.216681 1.03435 5 0.218659 -0.237093 1.00664 2
 0.173245 -0.187133 1.04138 165 0.199512 -0.240695 1.00431 25 0.0865472 -0.216316 1.04544 9
 0.16777 -0.192123 1.0403 157 0.171862 -0.229775 1.01415 26 0.167856 -0.217333 1.02672 4
 0.167898 -0.201664 1.03853 189 0.0972958 -0.225578 0.985099 10 0.124152 -0.215403 1.03124 1
 0.0603453 -0.235501 1.05089 12 0.166066 -0.217791 1.03696 6 0.128455 -0.201134 1.04509 5
 0.212373 -0.238052 1.00023 172 0.18176 -0.16677 1.04483 28
 0.198074 -0.235915 1.00454 128 0.169184 -0.184166 1.04236 72
 0.161113 -0.232299 1.00115 188 0.166762 -0.224994 1.03027 12
 0.139215 -0.223986 1.00439 158 0.113124 -0.210793 0.950302 35 0.164501 -0.203244 1.03101 5
 0.120141 -0.249261 1.02722 16 0.0515531 -0.249973 1.07487 4 0.100136 -0.227097 1.02638 4
 0.0781593 -0.241239 1.04997 145 0.141875 -0.223935 1.01169 18 0.155992 -0.214543 1.03091 15
 0.0609916 -0.228651 1.06205 113 0.100162 -0.214474 1.0051 46 0.0837035 -0.219117 1.02837 15
 0.11738 -0.235805 1.02718 14 0.116979 -0.22241 0.964127 1
 0.171856 -0.21217 1.03658 3 0.136001 -0.198938 1.05418 1
 0.0574884 -0.216803 1.03249 55 0.121414 -0.224507 1.00422 55 0.0724977 -0.239664 1.05577 32
 0.137467 -0.219231 1.04277 9 0.157663 -0.204301 1.04909 4
 0.0977868 -0.201899 1.0184 46 0.140749 -0.214212 1.05407 10 0.138693 -0.208828 1.02738 1
