 -0.228742 -0.0737859 0.941888 103 -0.170263 -0.139181 1.02248 24 -0.206067 -0.113247 0.933584 23
 -0.230987 -0.0812492 0.94709 152 -0.233397 -0.11757 0.944923 23 -0.178412 -0.0797499 0.95175 12
 -0.224074 -0.130785 0.992022 95 -0.236685 -0.0839102 0.951319 64 -0.228837 -0.111457 0.940748 23
 -0.219162 -0.133184 0.998103 96 -0.230962 -0.116911 0.948932 76 -0.232489 -0.0790669 0.956563 23
 -0.207652 -0.141345 1.00159 89 -0.231559 -0.0850538 0.957359 72 -0.227071 -0.118269 0.955273 36
 -0.233344 -0.0843028 0.949607 39 -0.21407 -0.133422 0.994432 36 -0.178581 -0.0964539 1.00661 36
 -0.197118 -0.0809598 0.998644 59 -0.219923 -0.0870935 0.938666 41 -0.170974 -0.124326 1.00886 27
 -0.206494 -0.0887055 1.00055 79 -0.209703 -0.0760213 0.983069 63 -0.216905 -0.0994927 0.943774 30
 -0.212104 -0.0832801 0.989033 145 -0.163104 -0.091681 0.951105 17 -0.164749 -0.11072 0.998194 15
 -0.215133 -0.0836273 0.992517 176 -0.151244 -0.0821372 0.953781 10 -0.216281 -0.0788353 0.9404 3
 -0.216153 -0.0899716 0.994026 191 -0.204743 -0.139664 1.00746 4 -0.215169 -0.0853884 0.952882 3
 -0.208985 -0.105499 1.00557 125 -0.198214 -0.128594 1.00984 34 -0.211384 -0.0779876 0.999387 28
 -0.151148 -0.0774879 0.95666 129 -0.20415 -0.0735971 0.998079 33 -0.240834 -0.0847608 0.942137 20
 -0.15365 -0.0866904 0.972316 95 -0.222105 -0.0856044 0.991176 65 -0.238485 -0.0918147 0.953584 16
 -0.197398 -0.0944504 1.00392 166 -0.219813 -0.0984321 0.944785 20 -0.154989 -0.0772291 0.965327 5
 -0.194601 -0.0801814 1.00289 118 -0.205608 -0.111165 1.00325 34 -0.154192 -0.0968416 0.99397 21
 -0.197142 -0.10271 1.00949 194 -0.188558 -0.0762234 1.00105 6
 -0.191479 -0.119484 1.01672 179 -0.19394 -0.083372 1.00597 15 -0.220489 -0.111166 1.01048 3
 -0.153508 -0.0781525 0.960075 176 -0.207977 -0.115237 1.01718 12 -0.208445 -0.0900151 1.0017 6
 -0.154042 -0.0853493 0.962836 139 -0.211429 -0.0966691 1.00071 28 -0.197709 -0.0729238 0.9964 9
 -0.182764 -0.080217 1.00942 105 -0.203481 -0.0869253 1.00026 30 -0.142113 -0.150814 1.07604 26
 -0.186262 -0.0690858 1.01473 64 -0.222637 -0.0746365 0.983942 52 -0.145371 -0.137588 1.06362 39
 -0.174521 -0.104342 1.01032 110 -0.134904 -0.140485 1.04454 32 -0.214761 -0.0792214 0.991831 22
 -0.153258 -0.122132 1.01961 19 -0.190602 -0.100763 1.00238 12 -0.180395 -0.121571 1.02445 5
 -0.151214 -0.0761267 0.960649 93 -0.158122 -0.102034 0.992993 24 -0.224108 -0.14168 0.941449 20
 -0.156544 -0.0782472 0.971681 46 -0.157437 -0.203916 1.09078 38 -0.148634 -0.0900546 0.996539 29
 -0.157329 -0.161626 1.03731 48 -0.161133 -0.154439 1.02985 44 -0.161887 -0.086545 0.989235 34
 -0.159413 -0.0998599 1.00491 121 -0.192866 -0.148549 1.01557 59 -0.146395 -0.111358 1.05655 5
 -0.155348 -0.109926 1.01379 118 -0.146265 -0.119999 1.0585 44 -0.190425 -0.152656 1.01929 15
 -0.160528 -0.127861 1.02912 186 -0.151897 -0.162622 1.07183 10 -0.134296 -0.13957 1.05763 3
 -0.158754 -0.149188 1.05282 114 -0.166467 -0.157244 1.05708 69 -0.207948 -0.105273 0.997986 13
 -0.155201 -0.133249 1.05678 50 -0.166446 -0.113177 1.00581 16 -0.149863 -0.147292 1.07926 15
 -0.203338 -0.118608 1.01581 77 -0.161075 -0.146711 1.05854 39 -0.204968 -0.132884 1.01183 17
 -0.208443 -0.123813 1.00852 163 -0.15368 -0.127258 1.04147 25 -0.183875 -0.141214 1.02196 6
 -0.192149 -0.143645 1.01892 67 -0.174236 -0.107923 0.997512 2 -0.1759 -0.113873 0.998714 1
 -0.209829 -0.0873979 1.0039 9 -0.152852 -0.169478 1.0864 5 -0.217662 -0.114976 0.994455 2
