 -0.18755 -0.111015 0.925524 129 -0.139315 -0.0887116 0.979708 36 -0.186502 -0.120738 0.973329 20
 -0.18812 -0.117699 0.928251 93 -0.151329 -0.09443 0.979667 48 -0.186307 -0.121973 0.972992 43
 -0.16843 -0.165646 0.956826 62 -0.186529 -0.125859 0.975143 50 -0.185637 -0.11851 0.930561 47
 -0.182344 -0.11578 0.930383 60 -0.16415 -0.16793 0.964695 54 -0.185715 -0.138596 0.982637 45
 -0.185553 -0.144687 0.978777 79 -0.179456 -0.108139 0.929064 66 -0.173912 -0.107055 0.972788 18
 -0.176725 -0.122512 0.932875 46 -0.181756 -0.115006 0.973428 45 -0.177428 -0.15476 0.97906 28
 -0.159159 -0.0946272 0.970924 127 -0.18519 -0.118621 0.973483 16 -0.145413 -0.147829 1.00096 13
 -0.166165 -0.112077 0.974258 104 -0.172213 -0.155345 0.946587 63 -0.191126 -0.131916 0.911676 9
 -0.168019 -0.10419 0.965654 102 -0.148689 -0.172831 0.968652 35 -0.136755 -0.130384 1.01266 26
 -0.168857 -0.109141 0.97117 82 -0.145662 -0.136371 1.0107 67 -0.159854 -0.167569 0.966568 33
 -0.153512 -0.141775 1.01458 78 -0.165581 -0.118696 0.982737 57 -0.152189 -0.118545 1.01116 33
 -0.162071 -0.150042 0.99883 137 -0.157461 -0.147572 1.00512 37 -0.108204 -0.187381 0.976172 8
 -0.145939 -0.0921848 0.973579 152 -0.0964574 -0.256531 1.07765 39 -0.181629 -0.140971 0.910796 4
 -0.159545 -0.095241 0.96541 127 -0.136943 -0.118973 1.00435 54 -0.100991 -0.248999 1.09336 7
 -0.165685 -0.113203 0.972368 85 -0.132101 -0.129794 1.00677 57 -0.16819 -0.142974 0.990056 38
 -0.103431 -0.195802 0.981811 80 -0.164947 -0.144316 1.00035 64 -0.16671 -0.107624 0.976992 34
 -0.149972 -0.14924 1.01163 104 -0.145803 -0.111719 1.00668 32 -0.14778 -0.175716 0.949472 31
 -0.137779 -0.154268 1.00973 199 -0.18238 -0.114523 0.973705 1
 -0.128617 -0.0978596 0.99513 79 -0.100678 -0.139086 1.00598 61 -0.153965 -0.089608 0.969509 22
 -0.132082 -0.106242 0.994928 79 -0.130207 -0.108638 0.998077 42 -0.112506 -0.141932 1.01589 35
 -0.133466 -0.115037 1.00552 89 -0.109051 -0.122836 1.00947 47 -0.121571 -0.14585 1.01361 19
 -0.132129 -0.125855 1.01615 115 -0.0919433 -0.183732 1.00246 32 -0.115238 -0.134168 1.00843 19
 -0.128897 -0.120862 1.00997 81 -0.117116 -0.145029 1.01263 42 -0.0973303 -0.166038 1.00148 28
 -0.1182 -0.146178 1.02101 96 -0.11226 -0.18502 0.97461 47 -0.146252 -0.149746 1.01189 36
 -0.0702621 -0.222517 1.06044 128 -0.0745319 -0.247685 1.08236 25 -0.181386 -0.163213 0.923268 18
 -0.0882811 -0.224959 1.04049 69 -0.124718 -0.159038 1.00884 25 -0.18179 -0.136715 0.919089 21
 -0.115556 -0.181592 0.958309 117 -0.12274 -0.133109 1.01705 37 -0.104347 -0.236743 1.0891 15
 -0.13568 -0.177946 0.965036 156 -0.107348 -0.183106 0.986707 13 -0.0782859 -0.227587 1.08873 12
 -0.100474 -0.172731 1.00831 76 -0.130875 -0.130982 1.01908 6 -0.139585 -0.186143 0.930731 5
 -0.133739 -0.172358 0.985574 45 -0.112937 -0.161655 1.00803 17 -0.146222 -0.159196 0.974211 16
 -0.0964848 -0.188178 1.01091 85 -0.100934 -0.203757 1.03855 47 -0.102779 -0.206827 1.04118 36
 -0.0974295 -0.174328 1.00581 24
 -0.151347 -0.163704 1.00812 133 -0.134654 -0.188869 0.975708 45 -0.147433 -0.144544 0.968014 10
 -0.175414 -0.146858 0.991183 63 -0.101897 -0.183348 0.996013 45 -0.131521 -0.177162 0.982261 29
 -0.126808 -0.191327 0.978887 40 -0.124227 -0.169776 1.00663 27 -0.145708 -0.13365 1.01273 9

