 -0.0475992 -0.119797 0.994828 71 -0.0118892 0.0113339 0.977257 62 -0.00948867 -0.0695485 0.975489 48
 -0.0199151 -0.0660553 0.973241 50 -0.0193211 -0.00116251 0.980576 38 -0.0307744 -0.124253 1.0022 38
 -0.0297688 -0.0342894 0.969752 71 -0.0391909 -0.119412 0.996244 57 -0.0354579 -0.0701483 0.971087 26
 -0.0323616 -0.0410145 0.978259 59 -0.0319556 -0.109321 0.991987 55 -0.0239801 -0.098904 0.993147 39
 -0.0316775 -0.0459948 0.983082 61 -0.0420211 -0.115222 0.995281 60 -0.0327994 -0.102944 0.992487 37
 -0.0619466 -0.108663 0.99517 68 -0.0730546 -0.0855142 0.999345 51 -0.0568797 -0.107709 0.99238 48
 -0.0261362 -0.00528483 0.985888 130 -0.054995 -0.125913 1.00157 25 -0.0156026 -0.0593662 0.975396 15
 -0.0319635 -0.0184022 0.994134 77 -0.0217558 -0.0563096 0.983189 56 -0.0295036 -0.0221079 0.984525 38
 -0.0120733 -0.0759848 0.986113 103 -0.0337657 -0.0435739 0.980382 61 -0.0563416 -0.11033 0.99744 12
 -0.0340974 -0.0540105 0.982016 128 -0.0223868 -0.0923171 0.985064 22 -0.0645511 -0.0981022 0.999233 13
 -0.0490948 -0.089103 1.00056 185 -0.0236109 -0.052072 0.973295 15
 -0.0619359 -0.0819908 1.00527 188 -0.0276543 -0.0667646 0.9865 12
 -0.0116459 0.01291 0.978738 181 -0.0124284 -0.101884 0.990886 16 -0.0421359 -0.041 0.995488 3
 -0.0191115 -0.00606514 0.98248 199 -0.00535445 -0.0239513 1.00938 1
 -0.0247224 -0.025673 0.982182 165 -0.0463781 -0.0553026 0.994771 25 -0.0215442 -0.0342692 1.02133 9
 -0.0321555 -0.0368676 0.975701 128 -0.0207273 -0.0995 0.992399 28 -0.0522008 -0.0686483 1.00075 26
 -0.0399086 -0.0716229 1.00753 129 -0.0393592 -0.0856281 1.00265 24 -0.0454265 -0.0862383 0.983595 22
 -0.0608812 -0.0761565 1.00751 135 -0.040758 -0.0928709 1.00553 61 -0.0285144 -0.0411295 0.988556 3
 -0.0113231 0.0107593 0.975014 194 -0.0215103 -0.0184652 0.974207 5 -0.0200312 -0.0143656 0.975237 1
 -0.0153767 0.00104455 0.981441 159 -0.00379949 -0.0243509 1.01561 32 -0.0097782 -0.0182703 1.00793 5
 -0.0400395 -0.0420587 0.98986 56 -0.0219866 -0.0159214 0.98155 50 -0.024868 -0.0165526 0.987297 39
 -0.0215909 -0.0626725 0.982992 70 -0.0213412 -0.0259336 1.01436 45 -0.0166698 -0.0361308 1.02459 25
 -0.0251277 -0.0305793 1.02244 69 -0.0300621 -0.0561429 0.980319 60 -0.0285343 -0.0817905 0.993076 23
 -0.0197542 -0.106788 0.987648 65 -0.0288969 -0.0717192 0.99549 49 -0.0453356 -0.0478513 0.963023 41
 -0.0149533 0.00670934 0.979558 199 -0.0888331 -0.201539 1.05936 1
 -0.0183413 -0.0146152 0.988071 102 -0.0268723 -0.101069 0.990474 60 -0.0277683 -0.10732 0.993047 18
 -0.0223587 -0.0904078 0.980372 93 -0.0148967 -0.0580644 0.981122 47 -0.0227537 -0.0240325 1.01575 27
 -0.0252632 -0.0992811 0.993677 179 -0.0167759 -0.0525125 1.02474 15 -0.0329291 -0.0443879 0.993897 2
 -0.0323966 -0.118493 1.0047 108 -0.0244677 -0.102931 0.991705 51 -0.0288354 -0.112743 0.998925 37
 -0.0401467 -0.125768 1.00863 79 -0.0429081 -0.14605 1.02528 36 -0.0397102 -0.13717 1.0187 11
 -0.0718572 -0.142948 1.02368 195 -0.0487993 -0.0686707 1.00543 5
 -0.0589448 -0.0600746 1.00428 34 -0.0594371 -0.0965934 1.00388 25 -0.0536324 -0.143036 1.02704 4
 -0.0553539 -0.095044 1.00183 24
 -0.0653687 -0.0976142 1.00449 106 -0.0614904 -0.0690102 1.00569 31 -0.0655468 -0.1389 1.00772 30
 -0.0529246 -0.09473 1.00239 7 -0.072343 -0.113718 1.01277 2 -0.0693327 -0.108676 1.00941 1
 -0.0536581 -0.0823785 0.998313 132 -0.0541388 -0.0909028 0.998645 35 -0.0743487 -0.154167 1.0365 32
