 -0.149919 -0.124835 0.899376 54 -0.0944143 -0.0537047 0.87495 46 -0.152564 -0.0703583 0.856492 32
 -0.148279 -0.0774188 0.862649 48 -0.0967285 -0.0616763 0.883948 42 -0.150417 -0.12907 0.88252 35
 -0.152093 -0.0649168 0.90388 102 -0.149801 -0.0988465 0.911705 23 -0.128155 -0.0910149 0.94124 22
 -0.15579 -0.0569929 0.905698 121 -0.130869 -0.0815208 0.940945 20 -0.145598 -0.116896 0.908318 15
 -0.155582 -0.0588645 0.911752 105 -0.129351 -0.0505557 0.883906 32 -0.144483 -0.0720382 0.858979 29
 -0.146553 -0.0553259 0.904562 133 -0.151485 -0.0848323 0.918627 15 -0.144242 -0.108679 0.92035 12
 -0.150022 -0.0485879 0.906389 58 -0.155805 -0.0837398 0.868462 34 -0.132789 -0.0688009 0.928386 26
 -0.139689 -0.0668124 0.84394 58 -0.121385 -0.0528061 0.87687 33 -0.152268 -0.0629343 0.91166 31
 -0.143927 -0.0829012 0.854158 51 -0.135675 -0.0568738 0.929082 50 -0.145828 -0.0591197 0.901713 39
 -0.149214 -0.0501348 0.909816 66 -0.142534 -0.0491933 0.935899 61 -0.137616 -0.0522601 0.887506 29
 -0.131952 -0.0930928 0.92178 58 -0.13838 -0.0815683 0.824011 53 -0.122825 -0.0670211 0.872791 47
 -0.139355 -0.0623164 0.879711 53 -0.135143 -0.0846779 0.843375 31 -0.134538 -0.0892374 0.929115 25
 -0.0891086 -0.0380057 0.897778 75 -0.110046 -0.0629868 0.869988 43 -0.130764 -0.125063 0.922711 33
 -0.121197 -0.04113 0.930439 67 -0.10938 -0.0478772 0.872626 65 -0.132292 -0.0848262 0.944839 32
 -0.122937 -0.052616 0.935161 149 -0.117639 -0.0612203 0.878918 42 -0.140011 -0.0795177 0.929283 6
 -0.126057 -0.0446913 0.936512 157 -0.129992 -0.0557694 0.881781 17 -0.104711 -0.0710779 0.960299 15
 -0.132566 -0.0835379 0.944682 96 -0.115149 -0.0479052 0.872745 47 -0.13801 -0.0560018 0.830641 21
 -0.135919 -0.0727323 0.938746 58 -0.0988344 -0.0467476 0.885206 40 -0.141086 -0.0448098 0.934075 22
 -0.0918128 -0.0366225 0.899744 185 -0.104703 -0.0415551 0.933244 15
 -0.0942574 -0.0449877 0.900598 143 -0.0971811 -0.0621665 0.955353 57
 -0.106967 -0.0483241 0.936569 112 -0.108293 -0.0727601 0.959749 47 -0.0978254 -0.0541926 0.880886 28
 -0.10688 -0.0371045 0.938978 113 -0.135574 -0.110695 0.931953 23 -0.0978946 -0.0629926 0.881728 14
 -0.121516 -0.0972336 0.940758 136 -0.112734 -0.044591 0.938904 24 -0.14055 -0.0771521 0.826887 15
 -0.130852 -0.0831569 0.836636 15 -0.11328 -0.0796333 0.818031 15 -0.120724 -0.0882617 0.911767 8
 -0.0841779 -0.0517431 0.889834 39 -0.149218 -0.14272 0.867196 36 -0.0963342 -0.0865034 0.970198 33
 -0.145238 -0.12643 0.877644 64 -0.075953 -0.0457306 0.893939 54 -0.146957 -0.122625 0.90539 45
 -0.109112 -0.0680382 0.960578 71 -0.10693 -0.0636784 0.956704 52 -0.110886 -0.0992284 0.955717 40
 -0.114642 -0.0803157 0.970108 175 -0.143101 -0.107072 0.925115 23 -0.14063 -0.141349 0.877546 1
 -0.117834 -0.0948916 0.95528 22 -0.138729 -0.141418 1.05196 1
 -0.116222 -0.0828834 0.949583 14 -0.132535 -0.108834 0.941508 3 -0.126339 -0.0821715 0.931687 3
 -0.120001 -0.060203 0.883573 78 -0.125633 -0.0774286 0.950137 52 -0.147059 -0.0520717 0.925572 45
 -0.153588 -0.110097 0.918177 4 -0.133897 -0.0894458 0.935557 4 -0.116822 -0.085609 0.95224 1
 -0.1217 -0.0738662 0.942041 2
 -0.104944 -0.0656299 0.870898 21 -0.137313 -0.086457 0.919711 19 -0.115736 -0.0366874 0.863747 7

 -0.126919 -0.0498627 0.946808 10 -0.13574 -0.107421 0.936797 3 -0.138453 -0.0712632 0.857554 3
