 -0.110586 -0.107976 0.897411 88 -0.10456 -0.166977 0.943126 39 -0.10987 -0.118374 0.994195 29
 -0.109031 -0.120823 0.899632 100 -0.110458 -0.145134 0.906191 57 -0.0863774 -0.130482 0.872644 11
 -0.11342 -0.136936 0.909595 82 -0.041582 -0.190177 1.04085 21 -0.0894943 -0.157046 0.919183 21
 -0.0945724 -0.161863 0.918135 66 -0.11549 -0.121171 0.902646 60 -0.0493292 -0.197246 1.04677 23
 -0.113626 -0.131667 0.906986 115 -0.0565368 -0.201898 1.05391 23 -0.104853 -0.17589 0.953332 13
 -0.0498569 -0.205261 1.02648 54 -0.0968961 -0.204529 1.06133 34 -0.0374633 -0.180111 0.980428 27
 -0.108095 -0.124719 0.896218 186 -0.0813644 -0.167387 0.989713 6 -0.0906114 -0.217928 1.06422 4
 -0.102338 -0.137811 0.900749 151 -0.0985718 -0.17656 0.937598 16 -0.10325 -0.217287 1.08135 14
 -0.0957069 -0.140421 0.90688 93 -0.113482 -0.119013 0.906375 30 -0.103817 -0.147157 0.996774 26
 -0.098483 -0.156761 0.985427 37 -0.0857096 -0.153534 0.917287 29 -0.0727674 -0.154585 0.994131 22
 -0.100398 -0.1443 0.998773 104 -0.0632709 -0.174483 0.954879 35 -0.0860266 -0.132966 0.902773 21
 -0.0777941 -0.162551 0.946783 71 -0.0950701 -0.160509 0.981447 51 -0.0773905 -0.182969 1.03644 24
 -0.10382 -0.111215 0.994419 132 -0.120639 -0.125629 0.901867 68
 -0.107249 -0.124999 0.998817 155 -0.112798 -0.127391 0.893534 28 -0.0977459 -0.135152 0.985756 15
 -0.0994595 -0.145381 0.996072 189 -0.0888586 -0.150458 0.92213 7 -0.0995553 -0.118363 0.899467 4
 -0.0961797 -0.132601 1.00137 149 -0.0820609 -0.151159 0.947622 12 -0.101009 -0.143286 0.893803 10
 -0.0878868 -0.151682 0.995447 75 -0.0885232 -0.163015 0.942963 66 -0.11372 -0.135318 0.910224 25
 -0.0963965 -0.167983 0.952244 78 -0.0875679 -0.161627 0.991506 66 -0.0969838 -0.13628 1.00595 44
 -0.041448 -0.163164 0.985925 73 -0.0846799 -0.125156 0.996226 34 -0.108924 -0.108172 0.900697 28
 -0.0826521 -0.135321 0.999575 107 -0.0508742 -0.165066 0.985223 62 -0.0534559 -0.208417 1.03705 10
 -0.0733424 -0.143185 1.01202 61 -0.0421118 -0.150389 0.985643 61 -0.0875035 -0.156901 1.00111 37
 -0.0510044 -0.161603 0.995566 102 -0.0708105 -0.136341 1.01704 51 -0.0874427 -0.122765 1.00065 26
 -0.0925089 -0.128173 1.00536 49 -0.0606387 -0.143172 1.00845 36 -0.0913798 -0.146425 1.00263 36
 -0.0835268 -0.158568 0.997745 18 -0.104237 -0.142522 1.00399 7 -0.0890699 -0.165444 0.90272 6
 -0.0356694 -0.213309 1.05829 137 -0.108423 -0.120633 0.994643 23 -0.0940067 -0.138974 0.895221 13
 -0.055776 -0.215488 1.06195 109 -0.0712427 -0.149251 1.00905 48 -0.122239 -0.113292 0.993003 11
 -0.0823152 -0.143488 1.0064 84 -0.039468 -0.218058 1.07839 29 -0.0451313 -0.192807 1.05373 18
 -0.0872198 -0.138717 1.01093 84 -0.0950676 -0.135078 1.00722 63 -0.0521377 -0.204743 1.06337 27
 -0.0617288 -0.160123 0.986211 18 -0.0714225 -0.149063 0.992587 16 -0.0658455 -0.155034 0.988881 15
 -0.0694869 -0.174796 1.02848 11 -0.0710738 -0.155886 1.00797 4 -0.0610746 -0.152242 0.975157 3
 -0.066953 -0.184049 1.03414 73 -0.0603115 -0.163877 0.972476 52 -0.0929115 -0.206106 1.07546 31
 -0.0658067 -0.155738 0.985887 31 -0.0512585 -0.188946 1.05029 15 -0.0815697 -0.152213 0.957412 2
 -0.100022 -0.171685 0.97627 4 -0.0607019 -0.198601 1.05238 2 -0.0718068 -0.164927 0.99561 2
 -0.096404 -0.141771 0.916237 30 -0.103689 -0.160008 0.987617 13 -0.0781525 -0.179303 0.949485 9
 -0.0954601 -0.136303 1.00246 2
 -0.104899 -0.127074 0.893557 13 -0.0844779 -0.133005 0.999783 11 -0.0844331 -0.167923 0.955418 1
