 0.0542634 -0.00585598 0.861842 111 0.151405 -0.0556348 0.853967 73 0.0103991 -0.0653961 0.931081 9
 0.054882 -0.0165134 0.862073 116 0.146989 -0.0657299 0.857699 83 0.0981278 -0.0439555 0.840251 1
 0.1356 -0.0786491 0.861827 108 0.0559662 -0.024817 0.85782 56 0.047191 -0.114975 0.860597 14
 0.129565 -0.0860993 0.865555 75 0.0583515 -0.0351618 0.857059 48 0.021521 -0.0827023 0.887693 18
 0.121046 -0.0885139 0.869795 112 0.0318995 -0.0861698 0.910515 31 0.0654167 -0.0423117 0.85723 19
 0.108872 -0.105537 0.878875 155 0.0314128 -0.0917885 0.873132 37 0.0470393 -0.135347 0.877795 8
 0.0601507 -0.011074 0.861554 76 0.0926966 -0.0303665 0.837664 52 0.0942344 -0.00234902 0.840463 22
 0.0571321 -0.0255201 0.851481 88 0.0928814 -0.0400713 0.844854 64 0.0615795 -0.0627279 0.851411 18
 0.0555082 -0.0460495 0.851002 106 0.0564143 -0.0903222 0.855834 54 0.0898373 -0.011047 0.833849 15
 0.0502892 -0.0739648 0.856604 64 0.0512718 -0.069532 0.855288 42 0.086086 -0.0236807 0.842058 28
 0.0555566 -0.0643342 0.848716 105 0.0897956 -0.0672021 0.854208 72 0.0714189 -0.106816 0.858563 10
 0.0859994 -0.0836097 0.859167 102 0.0872628 -0.10004 0.861141 62 0.086302 -0.0927364 0.860376 17
 0.0936984 -0.000659507 0.838783 173 0.0641652 -0.00134585 0.871049 26 0.0904624 -0.0557517 0.843815 1
 0.0878191 -0.0145855 0.839258 85 0.0899733 -0.0217767 0.840737 79 0.0590197 -0.0161331 0.871274 23
 0.0844493 -0.0325752 0.841923 197 0.0696856 -0.0938213 0.85385 3
 0.0815217 -0.0473756 0.845209 98 0.0837777 -0.0230702 0.843962 71 0.0828973 -0.0283539 0.843885 15
 0.0779736 -0.0549115 0.848181 121 0.0782189 -0.0611935 0.851132 79
 0.0771446 -0.0774584 0.861171 171 0.0440177 -0.12132 0.885781 16 0.0521474 -0.0804001 0.857058 8
 0.0994456 -0.00412608 0.837395 134 0.0615012 -0.000685974 0.862077 50 0.151517 -0.0556653 0.854725 16
 0.0928425 -0.0142034 0.84307 85 0.0605214 -0.015082 0.863491 48 0.10301 -0.0362532 0.839972 35
 0.0533253 -0.032886 0.857968 67 0.105072 -0.0362091 0.840227 53 0.0982973 -0.0486059 0.843739 52
 0.0969931 -0.0488667 0.847418 89 0.0549891 -0.0468121 0.852758 83 0.0919663 -0.0746977 0.836273 9
 0.051984 -0.0718052 0.856849 159 0.120313 -0.0801326 0.864873 39 0.0737059 -0.0433885 0.843423 2
 0.0519051 -0.0947102 0.866103 186 0.0784242 -0.125712 0.872712 7 0.103396 -0.0870969 0.869795 5
 0.148769 -0.0577409 0.856185 164 0.0570871 0.000754286 0.869739 17 0.108134 -0.0247915 0.839722 14
 0.0167296 -0.0798792 0.921337 177 0.137793 -0.0712806 0.865247 16 0.0437945 -0.196651 0.893422 4
 0.0248298 -0.103898 0.913465 168 0.103491 -0.079463 0.871225 12 0.0985819 -0.0334146 0.839455 9
 0.028743 -0.108466 0.90522 133 0.101599 -0.0839694 0.872755 49 0.102398 -0.0423448 0.844917 15
 0.0945872 -0.100355 0.875002 62 0.0843487 -0.145907 0.889457 60 0.112933 -0.088323 0.874285 42
 0.0894204 -0.114309 0.870434 183 0.0910901 -0.0769827 0.845233 13 0.0923497 -0.0836708 0.852449 4
 0.0532894 -0.15733 0.885912 93 0.0466878 -0.153862 0.88852 45 0.0674922 -0.173123 0.895296 24
 0.040453 -0.154358 0.90241 61 0.0412549 -0.124779 0.895614 18 0.0745959 -0.16033 0.886035 15
 0.0716907 -0.0940916 0.86507 187 0.101026 -0.0638328 0.856191 13
 0.0682654 -0.131526 0.87703 85 0.0468213 -0.106981 0.861678 56 0.0338753 -0.098516 0.881586 24
 0.0634363 -0.113225 0.871361 200
 0.0508935 -0.165026 0.894509 186 0.0516765 -0.130685 0.876746 8 0.0504274 -0.137696 0.880027 6
