 0.14884 -0.157214 0.880231 72 0.165 -0.211228 0.875556 35 0.173962 -0.182344 0.846414 33
 0.16024 -0.154275 0.872 66 0.200686 -0.165285 0.843659 25 0.167279 -0.170931 0.844118 22
 0.163294 -0.158507 0.860618 36 0.152583 -0.212694 0.890848 35 0.125791 -0.195377 0.894128 20
 0.15591 -0.206701 0.880065 54 0.135211 -0.194431 0.903013 48 0.153343 -0.17365 0.871937 17
 0.13288 -0.187085 0.905655 62 0.159035 -0.139939 0.877182 59 0.147496 -0.179538 0.883616 26
 0.145013 -0.141034 0.883475 85 0.142969 -0.192564 0.908939 35 0.117274 -0.17063 0.899823 32
 0.194494 -0.177826 0.845182 76 0.193008 -0.126667 0.909441 45 0.161159 -0.209098 0.884 40
 0.19094 -0.157885 0.840195 79 0.155762 -0.188141 0.870581 56 0.180205 -0.124206 0.919007 19
 0.151322 -0.183024 0.88296 81 0.180598 -0.167401 0.850351 53 0.166509 -0.130601 0.927061 43
 0.147336 -0.174116 0.885256 92 0.166825 -0.12519 0.930276 30 0.179494 -0.144119 0.874125 19
 0.144476 -0.163961 0.885111 55 0.149237 -0.167353 0.882167 48 0.163618 -0.137592 0.928206 31
 0.143482 -0.164683 0.885139 99 0.148796 -0.16733 0.883862 90 0.154472 -0.132551 0.875241 10
 0.135696 -0.129079 0.87863 64 0.197469 -0.175768 0.846471 61 0.189729 -0.122206 0.871933 33
 0.186634 -0.164878 0.849706 74 0.143236 -0.141054 0.890011 64 0.18317 -0.132619 0.880193 34
 0.179008 -0.158531 0.853302 81 0.181165 -0.155232 0.854566 55 0.17723 -0.117934 0.915791 34
 0.179124 -0.123338 0.925135 66 0.171548 -0.162662 0.859077 38 0.189491 -0.152276 0.843811 33
 0.162115 -0.14389 0.921247 73 0.165395 -0.149726 0.877236 53 0.139562 -0.144358 0.889129 28
 0.153553 -0.140412 0.886 124 0.136718 -0.158274 0.897445 47 0.140788 -0.151172 0.894187 11
 0.203421 -0.178679 0.844033 62 0.205855 -0.173572 0.843267 56 0.181121 -0.209049 0.873658 34
 0.199725 -0.16791 0.84716 82 0.198586 -0.131829 0.905689 47 0.141211 -0.137462 0.88838 32
 0.190665 -0.133303 0.916433 116 0.181255 -0.134615 0.871799 47 0.191536 -0.169353 0.84434 35
 0.191955 -0.121657 0.917709 89 0.197257 -0.168824 0.848753 64 0.186138 -0.125928 0.920308 46
 0.187675 -0.131406 0.877578 138 0.178616 -0.134212 0.925679 35 0.156013 -0.123605 0.913 8
 0.167145 -0.145475 0.881056 61 0.140204 -0.14096 0.90403 45 0.190763 -0.182295 0.85772 24
 0.212022 -0.159933 0.843909 157 0.192539 -0.207574 0.863005 29 0.168605 -0.159952 0.843023 8
 0.194202 -0.173945 0.847737 135 0.193311 -0.131395 0.917074 30 0.181166 -0.212421 0.872666 20
 0.195091 -0.176284 0.846288 128 0.168285 -0.186728 0.864867 37 0.202621 -0.138692 0.884306 9
 0.170085 -0.203031 0.876065 49 0.18991 -0.175882 0.849608 42 0.149033 -0.178227 0.882826 29
 0.157873 -0.201171 0.890867 57 0.146069 -0.194698 0.909674 40 0.150241 -0.173583 0.893559 13
 0.132398 -0.183076 0.93427 91 0.133816 -0.1817 0.930152 79 0.135559 -0.173958 0.916478 29
 0.110196 -0.158794 0.965354 200
 0.163701 -0.20212 0.887392 40 0.195882 -0.16314 0.844673 14 0.152751 -0.13717 0.933629 10
 0.158974 -0.15513 0.875066 52 0.143574 -0.163428 0.898686 36 0.188006 -0.151402 0.882483 5
 0.132592 -0.149063 0.918544 91 0.143587 -0.180141 0.896515 47 0.153582 -0.127542 0.890061 34
 0.181212 -0.140082 0.92409 26 0.174512 -0.14234 0.876469 16 0.150501 -0.142282 0.907135 14
 0.104306 -0.169714 0.978745 79 0.151852 -0.138596 0.930439 56 0.123643 -0.141105 0.917317 31
