 -0.163292 -0.0880102 0.962844 72 -0.211302 0.0017566 0.951106 58 -0.142974 -0.012843 0.96009 34
 -0.20815 -0.00120688 0.949682 98 -0.157196 -0.010749 0.958966 41 -0.221268 0.00768842 0.9884 19
 -0.207837 -0.0131274 0.957293 119 -0.170997 -0.00811427 0.964778 41 -0.204044 -0.0284948 0.984417 18
 -0.205271 -0.0204922 0.96666 76 -0.190423 -0.07358 0.970146 40 -0.197993 -0.0553318 0.97412 26
 -0.198076 -0.0657789 0.975376 109 -0.199809 -0.0397657 0.976453 66 -0.199933 -0.0473925 0.977229 8
 -0.17677 -0.0754358 0.974276 91 -0.183736 -0.0622618 0.97541 60 -0.180369 -0.0669143 0.974922 24
 -0.173074 -0.0573384 0.984348 56 -0.23178 0.0115054 0.985767 46 -0.21344 -0.0107456 0.95543 29
 -0.208135 -0.0305963 0.965503 73 -0.206913 -0.000734451 0.95953 43 -0.230023 0.022082 0.990422 30
 -0.154096 -0.0391069 0.984457 99 -0.20277 -0.0499933 0.975119 62 -0.189436 -0.0155255 1.01982 16
 -0.145563 -0.0331088 0.985779 124 -0.200419 -0.00801433 1.02186 27 -0.208728 -0.0322037 0.963594 21
 -0.171156 -0.0724418 0.9936 136 -0.191981 -0.0299392 1.01569 25 -0.157137 -0.0449539 1.00069 19
 -0.180812 -0.0512259 1.00105 103 -0.175538 -0.0571219 0.997083 97
 -0.155638 -0.0158207 0.967374 121 -0.231747 0.0256386 0.982943 70 -0.171489 0.0144301 0.941004 2
 -0.161618 -0.0251483 0.970278 81 -0.207984 0.0053223 0.954468 57 -0.226339 0.00830941 0.995452 30
 -0.149024 -0.0164456 0.96296 50 -0.199672 -0.0351236 0.98478 23 -0.20377 -0.0196087 0.962865 21
 -0.133458 -0.0581679 0.983403 40 -0.220939 -0.025257 0.958749 36 -0.20963 -0.0304708 0.969544 22
 -0.186952 -0.0286372 1.01345 73 -0.158453 -0.0516735 0.996115 66 -0.137798 -0.0478511 1.00378 33
 -0.164996 -0.0487939 1.00122 49 -0.164375 -0.0743366 0.981763 48 -0.137874 -0.0895429 0.997822 40
 -0.237498 0.0267799 0.97837 120 -0.134549 -0.0282153 0.986316 47 -0.169007 -0.00159895 0.947859 15
 -0.232146 0.0171383 0.986793 112 -0.144477 -0.049897 0.985227 29 -0.144768 -0.0321738 0.992836 27
 -0.138725 -0.0376546 0.988771 55 -0.208284 0.00175139 0.956858 54 -0.158022 -0.0299251 0.971541 46
 -0.200095 -0.00172245 0.964775 43 -0.180097 -0.0289208 1.01076 35 -0.132024 -0.0541057 0.989348 34
 -0.150949 -0.0316572 0.981407 85 -0.134578 -0.0502572 0.990042 34 -0.147345 -0.0357529 0.982888 24
 -0.13783 -0.0494056 0.994123 84 -0.140596 -0.0883544 0.992296 26 -0.200348 -0.0138721 1.03193 24
 -0.238584 0.0255301 0.981925 99 -0.11602 -0.0423474 0.984688 38 -0.105507 -0.145633 1.02268 18
 -0.228199 0.0114288 0.991842 63 -0.217243 0.00649575 0.956159 40 -0.124172 -0.148523 1.02384 39
 -0.150136 -0.0275284 0.986854 41 -0.146123 -0.141371 1.01232 32 -0.126504 -0.0636932 0.994982 31
 -0.126297 -0.0826539 1.00089 98 -0.137632 -0.0580571 0.987083 67 -0.199799 -0.0509665 1.00747 10
 -0.13204 -0.0614656 0.996431 124 -0.185908 -0.0643931 0.999327 14 -0.139416 -0.100081 0.998103 2
 -0.137335 -0.0792987 0.987707 200
 -0.146341 -0.116653 1.00237 91 -0.143584 -0.1191 1.00474 73 -0.195345 -0.0275011 1.02849 20
 -0.145498 -0.116511 0.996626 11 -0.127451 -0.120592 1.03393 3 -0.139883 -0.067891 0.995106 2
 -0.151485 -0.066243 0.995084 92 -0.131207 -0.110248 1.03122 36 -0.174767 -0.0529059 1.0064 29
 -0.185255 -0.0609223 0.992335 188 -0.207726 -0.0487126 0.979093 7 -0.173197 -0.0135815 1.02116 2
 -0.150025 -0.0562046 0.979614 21 -0.154998 -0.104208 0.992464 18
 -0.160082 -0.114909 0.994326 18 -0.186784 -0.011731 1.03086 17 -0.133789 -0.119711 1.0166 12
