 0.0845896 -0.0104263 0.882317 185 0.186957 -0.0144972 0.871835 10 0.129295 -0.0436837 0.864055 4
 0.0858962 -0.0229166 0.887935 198 0.103952 -0.0610223 0.896133 2
 0.0913056 -0.0404659 0.897558 195 0.116392 -0.0594186 0.897074 4 0.123196 -0.081366 0.912308 1
 0.0950914 -0.0552718 0.901246 200
 0.0975441 -0.0657276 0.903234 186 0.15298 -0.0379438 0.878017 11 0.149773 -0.0965904 0.850059 2
 0.0958236 -0.0686224 0.903731 198 0.156084 -0.0409444 0.881283 1 0.0867327 -0.13589 0.928575 1
 0.134896 -0.0382882 0.842375 90 0.0919235 -0.0188808 0.886303 23 0.137552 -0.0485901 0.874674 21
 0.12047 -0.0706788 0.902214 91 0.126425 -0.028622 0.867573 76 0.087224 -0.0244659 0.893092 13
 0.128125 -0.0378125 0.879584 136 0.121676 -0.0491929 0.894747 53 0.12356 -0.0457092 0.890491 7
 0.121843 -0.043044 0.889488 143 0.0952987 -0.078234 0.903044 46 0.15383 -0.0584893 0.877157 5
 0.123029 -0.0501991 0.899992 198 0.127636 -0.1175 0.910763 2
 0.120789 -0.0564758 0.904665 174 0.135734 -0.076985 0.909697 26
 0.181993 -0.0162914 0.872406 75 0.136786 -0.0289136 0.842276 68 0.156567 -0.039827 0.863648 28
 0.150473 -0.0566376 0.874093 66 0.145261 -0.0754267 0.901245 56 0.172103 -0.0264612 0.885227 33
 0.148466 -0.0474343 0.890988 103 0.168039 -0.0768694 0.860132 30 0.149762 -0.0804008 0.912868 22
 0.145746 -0.0409279 0.880648 108 0.131896 -0.0706473 0.905504 73 0.138881 -0.0315456 0.846445 16
 0.138467 -0.081601 0.914294 76 0.136295 -0.0577737 0.898915 62 0.141758 -0.0600718 0.899375 44
 0.136651 -0.0767403 0.916382 191 0.113715 -0.111473 0.914412 9
 0.178741 -0.017575 0.875372 161 0.0821996 -0.0195996 0.883253 23 0.153337 -0.0286989 0.843323 5
 0.173354 -0.0321902 0.887398 179 0.0878083 -0.0268407 0.890914 7 0.141274 -0.0225237 0.838199 5
 0.171526 -0.0406914 0.898227 128 0.158877 -0.102082 0.882263 49 0.0903915 -0.0246872 0.891676 13
 0.168974 -0.0383714 0.901908 125 0.171608 -0.0987447 0.888701 46 0.133895 -0.0374555 0.854394 27
 0.160266 -0.0890356 0.91499 75 0.0964873 -0.0933477 0.907965 58 0.161209 -0.0297153 0.890094 31
 0.133171 -0.0606423 0.907999 29 0.126235 -0.0440055 0.870799 16 0.133608 -0.0888407 0.922384 13
 0.180956 -0.0153417 0.872492 112 0.161179 -0.1246 0.895375 50 0.140224 -0.0653148 0.904649 20
 0.16332 -0.0796445 0.852553 54 0.159826 -0.111325 0.895796 47 0.149977 -0.121765 0.877175 44
 0.169138 -0.0809483 0.903767 85 0.163433 -0.0894433 0.864334 64 0.155221 -0.10617 0.899086 45
 0.152763 -0.109583 0.903689 85 0.148236 -0.113203 0.904551 65 0.16554 -0.096234 0.911584 30
 0.137456 -0.128422 0.91452 175 0.112077 -0.144151 0.939357 24 0.137296 -0.0792307 0.852145 1
 0.114046 -0.122156 0.91482 199 0.109926 -0.144754 0.943268 1
 0.0862873 -0.128587 0.943086 196 0.0921338 -0.102802 0.912404 3 0.118319 -0.125237 0.912582 1
 0.157861 -0.0915194 0.863519 52 0.0838827 -0.128566 0.945809 12 0.105589 -0.147217 0.94582 1
 0.134241 -0.0872557 0.917845 136 0.105112 -0.0954823 0.90901 2 0.156316 -0.0519546 0.890135 2
 0.106417 -0.0842561 0.910006 199 0.0997405 -0.12897 0.934756 1
 0.0989953 -0.100069 0.911569 55 0.123085 -0.0946066 0.920417 12 0.123062 -0.0772848 0.914505 11
 0.0895958 -0.135694 0.944135 130 0.129984 -0.103633 0.921982 2
