 -0.148668 0.0315379 0.97416 166 -0.086952 -0.122382 1.0101 13 -0.0918039 0.0783986 1.00752 13
 -0.144718 0.021325 0.976781 173 -0.0975537 0.068446 1.00896 11 -0.108555 0.0137654 1.00979 8
 -0.139326 0.0121312 0.979401 116 -0.0812899 -0.0868037 0.977633 26 -0.121014 0.000160507 0.980009 16
 -0.110809 -0.00933263 0.979564 73 -0.114247 -0.00615458 0.981328 69 -0.0870807 -0.0759574 0.975719 26
 -0.101869 -0.0302017 0.978818 86 -0.125973 -0.00121765 0.986954 82 -0.0403903 -0.0253688 1.01351 9
 -0.1195 -0.0142198 0.991287 101 -0.101322 -0.0329712 0.976005 56 -0.0968238 -0.0746668 0.97659 19
 -0.119319 0.0658153 1.00262 126 -0.0506727 0.0365955 1.00762 29 -0.0882212 0.0724384 1.01172 22
 -0.12084 0.0509515 1.00543 136 -0.0581975 0.0263419 1.01477 31 -0.0929541 0.0248692 1.01299 20
 -0.119447 0.0374253 1.01091 137 -0.0706517 -0.0690777 0.975 28 -0.017946 0.00332951 1.00918 9
 -0.121004 0.0331963 1.008 120 -0.0760231 -0.0571112 0.977866 38 -0.09905 0.0174255 1.01761 22
 -0.11015 0.0187378 1.00903 105 -0.0985295 -0.0209568 0.983585 32 -0.0839044 0.00179928 1.01724 30
 -0.104429 0.0078172 1.01475 69 -0.0739715 -0.0528582 0.980315 60 -0.0801133 -0.00620132 1.03004 23
 -0.0894403 0.0778671 1.00802 156 -0.0490263 0.0392568 1.00959 28 -0.0721653 0.00589735 1.0232 7
 -0.0955912 0.0635482 1.01257 154 -0.0541755 0.0230296 1.01313 46
 -0.0997562 0.048992 1.01668 117 -0.067733 -0.0387379 0.996031 42 -0.0758597 0.0174286 1.02694 32
 -0.101198 0.0456734 1.01589 104 -0.0662331 -0.0326333 1.0107 30 -0.077926 -0.0530194 0.977822 13
 -0.0847517 -0.0156341 1.01274 75 -0.063483 0.000989374 1.02729 61 -0.0943137 0.0260796 1.02126 48
 -0.0778392 0.0104589 1.02835 130 -0.0819397 0.00663879 1.02628 70
 -0.0213206 0.0197724 0.998406 114 -0.0912171 0.079155 1.00733 74 -0.0553896 -0.147211 1.03737 12
 -0.0256409 0.0205094 0.996987 70 -0.0268143 0.0150838 1.00048 61 -0.0955217 0.0677917 1.01267 57
 -0.0413665 0.0260175 1.00399 81 -0.0281151 0.0050573 1.00628 43 -0.0271754 0.00922495 1.00471 39
 -0.0576671 0.033226 1.01349 119 -0.0368067 -0.0207234 1.01635 53 -0.112698 0.0374854 1.01437 20
 -0.057773 0.0219803 1.02045 107 -0.0845018 0.00466818 1.02282 30 -0.0483948 -0.0405977 1.00423 30
 -0.0665344 0.00702236 1.0351 168 -0.0487238 -0.0809782 1.00722 14 -0.0450066 -0.00985318 1.02667 8
 -0.0912777 0.0789541 1.01084 73 -0.0273774 0.0210564 0.998517 64 -0.0250473 0.0167256 1.001 44
 -0.0284043 -0.00461991 1.0093 162 -0.0345222 -0.0380089 0.999216 24 -0.107981 0.0366647 1.01061 11
 -0.0350262 -0.0205446 1.00834 198 -0.0948248 -0.108153 1.01653 1 -0.0637155 -0.0560112 0.984937 1
 -0.0417274 -0.0340296 1.00661 200
 -0.0414834 -0.0460046 1.00109 196 -0.0920354 -0.0608633 0.983317 4
 -0.0608487 -0.0547548 0.990435 89 -0.097679 -0.000577519 1.01008 66 -0.0567253 -0.0781495 0.996377 35
 -0.0792519 -0.100852 0.997943 200
 -0.0617875 -0.0951304 1.01022 50 -0.0909151 -0.133235 1.03649 1
 -0.0781508 -0.0100397 1.03085 47 -0.0904665 -0.0283131 1.0089 21 -0.0970239 0.0194967 1.02785 14
 -0.0902829 -0.0408038 0.983638 108 -0.0936467 -0.0329604 0.990574 48 -0.0948334 -0.0277025 0.99916 44
 -0.0894351 0.0165062 1.01565 9 -0.114971 0.0337717 1.01671 6 -0.103391 0.0714119 1.00996 4
 -0.0859543 -0.0984665 1.00772 27 -0.120925 0.0123093 1.01298 22 -0.0759911 -0.0420239 0.991919 5
