 -0.0897872 0.0644606 0.924918 182 -0.0546481 -0.0019688 0.964689 8 -0.0582947 0.0761157 0.930214 5
 -0.087897 0.0527474 0.929015 192 -0.0857575 0.0206097 0.949522 5 -0.058566 0.0767256 0.933084 3
 -0.0833052 0.0386486 0.94188 186 -0.0571091 0.0692017 0.932476 14
 -0.0789104 0.0293141 0.949581 187 -0.05328 0.0753011 0.934813 6 -0.0562343 0.07025 0.938317 3
 -0.0774423 0.0263867 0.956969 190 -0.0519616 0.0730951 0.940532 8 -0.0836342 0.0586634 0.93025 1
 -0.0763058 0.0181139 0.963484 195 -0.060729 0.0466487 0.951253 5
 -0.0478278 0.0903809 0.917238 188 -0.0407671 0.0176965 0.966836 12
 -0.0519219 0.0796618 0.925195 186 -0.0506635 0.0140604 0.961503 8 0.041654 0.00600616 0.972599 6
 -0.0530953 0.0657118 0.939349 198 -0.0494825 0.0202965 0.955242 2
 -0.0522664 0.0546176 0.946845 198 -0.079504 -0.0133725 0.975539 1 -0.057682 0.0852792 0.922396 1
 -0.0495153 0.0504443 0.9546 110 -0.0482241 0.0437508 0.957456 84 -0.0497443 -0.0230524 0.981066 6
 -0.0495237 0.0314048 0.963371 122 -0.04956 0.0353898 0.962038 77 -0.025704 -0.0137222 0.984586 1
 -0.0245833 0.0992004 0.916518 199 -0.0713525 0.097733 0.907139 1
 -0.0297655 0.0857405 0.925562 195 -0.0344141 0.0139817 0.968273 4 -0.0553504 0.088056 0.920718 1
 -0.032335 0.0721751 0.936796 187 -0.0199204 0.0923902 0.909152 5 -0.0330541 0.000318763 0.971637 4
 -0.0350663 0.0634868 0.943918 79 -0.0383288 0.074535 0.936064 60 -0.0381202 0.0678381 0.941016 55
 -0.0353352 0.0348336 0.957974 120 -0.0355731 0.0598937 0.946879 63 -0.0354333 0.0513377 0.952093 9
 -0.0329921 0.0315364 0.965954 197 0.000928986 0.054965 0.957742 2 -0.0492469 0.0574811 0.939408 1
 0.00570822 0.0911233 0.914595 184 -0.0478034 0.0908463 0.912464 16
 0.000961933 0.0782749 0.921463 200
 -0.00384962 0.0623923 0.940862 86 -0.00164332 0.0663278 0.937676 65 -0.00389252 -0.0153922 0.974245 35
 -0.00819286 0.0578144 0.94592 154 0.0115855 -0.0120552 0.980784 35 -0.0471839 0.0772118 0.920806 11
 -0.0137837 0.050057 0.95431 196 -0.00837384 -0.0245443 0.972302 2 -0.00662979 0.0880984 0.930637 2
 -0.0245158 0.0217761 0.96871 167 -0.0202953 0.0575157 0.949457 12 -0.0557674 0.022485 0.964112 11
 0.0506648 0.0038156 0.969931 199 -0.00494206 0.0802432 0.916246 1
 0.0362835 -0.00344247 0.97769 199 0.0679173 0.00532148 0.963028 1
 0.0226649 -0.0119396 0.980099 200
 -0.00258384 -0.0208455 0.980821 191 -0.0171626 0.0200374 0.972015 5 -0.0153502 0.0812414 0.923548 2
 -0.0210022 -0.0378175 0.984167 199 -0.0198952 0.0528805 0.953839 1
 -0.0423506 -0.0370812 0.984944 178 -0.0192601 -0.0281032 0.971517 21 -0.0211814 0.0551343 0.951486 1
 -0.0735943 -0.0456266 1.0101 200
 -0.0506164 -0.0519243 1.01309 17 -0.078381 -0.0399045 1.01902 5 -0.0530217 -0.069494 1.0337 4
 -0.0351202 0.0124587 0.974193 85 -0.0417276 0.065478 0.95116 2
 -0.0596509 0.000895001 0.97735 200
 -0.0469473 -0.0124783 0.985592 28 -0.0548969 0.0199277 0.972751 22
 -0.0703587 -0.0515583 1.0101 66 -0.0581484 -0.0761758 1.02447 22 -0.0608818 -0.0720854 1.02197 5
