 -0.112593 0.067156 0.98888 176 -0.0145562 0.0686415 0.985024 7 -0.071331 -0.0556667 0.962292 5
 -0.110865 0.0550324 0.990696 192 -0.0252684 0.0633727 0.985447 8
 -0.107449 0.0400668 0.994518 180 -0.0399195 0.0546905 0.991264 8 -0.0592809 -0.0584079 0.966033 7
 -0.103878 0.02834 0.992246 168 -0.0981143 -0.0594003 0.965424 20 -0.0419779 -0.0296671 0.953379 7
 -0.0989763 0.0200954 0.987416 150 -0.0729574 -0.0473898 0.963547 29 -0.0971022 -0.0104408 0.979139 13
 -0.0981967 0.00234165 0.983383 168 -0.0845032 -0.047509 0.961293 30 -0.0329412 -0.0298523 0.963795 2
 -0.0538088 0.0702153 0.954636 159 -0.0745441 -0.0174829 0.980211 18 -0.0619497 0.042102 0.973275 15
 -0.0597394 0.0610687 0.964267 157 -0.0598509 0.0237712 0.982156 37 -0.0608131 0.0278725 0.980532 4
 -0.0659755 0.0472001 0.974354 113 -0.0462526 0.028606 0.971844 66 -0.0815344 -0.0527957 0.964662 20
 -0.0696446 0.0385741 0.977498 158 -0.039596 0.035237 0.974866 22 -0.0884667 -0.0415411 0.967093 20
 -0.0705147 0.0253439 0.984632 152 -0.0968017 0.00953886 0.980338 38 -0.0773632 -0.0361371 0.965573 6
 -0.0700971 0.0131817 0.988457 97 -0.0925552 -0.0378628 0.97033 86 -0.0663484 -0.0151507 0.984897 13
 -0.0532367 0.0710719 0.954588 139 -0.0174593 0.0661057 0.979683 55 -0.11019 0.0661927 0.992765 5
 -0.0585094 0.0601652 0.964103 135 -0.0248152 0.0547324 0.985429 37 -0.0952412 -0.0145964 0.965609 11
 -0.0601851 0.0375771 0.971923 90 -0.0604425 0.0273118 0.979067 57 -0.0767918 -0.0112469 0.983945 24
 -0.063958 0.0203854 0.981465 83 -0.0559758 0.0295157 0.976491 66 -0.0267369 0.014134 0.937776 38
 -0.0687941 0.00772956 0.991319 168 -0.0563623 0.0342684 0.980936 18 -0.0613894 0.0320004 0.981548 6
 -0.061453 0.0130085 0.99297 190 -0.0846678 -0.0136242 0.982735 9 -0.0102171 0.0711785 0.984306 1
 -0.016875 0.0707426 0.973076 183 -0.0241159 0.0359174 0.995765 6 -0.0232917 0.0307581 0.929633 5
 -0.0216026 0.0591136 0.980883 192 -0.112685 0.05179 0.993515 3 -0.0285988 0.0210797 0.92875 2
 -0.0269385 0.0454787 0.993539 99 -0.028178 -0.000649128 0.943906 74 -0.0330973 0.0119512 0.990102 10
 -0.0269605 0.0213956 0.931234 60 -0.0352328 0.00113773 0.993458 54 -0.0353814 -0.00383137 0.963494 21
 -0.0406615 -0.0026579 0.993784 90 -0.0334744 -0.0101032 0.955858 43 -0.0406315 0.0251217 0.979311 18
 -0.0506804 0.00329446 0.988757 59 -0.0545354 -0.0330338 0.967137 17 -0.0707222 0.0396293 0.985308 9
 -0.0171056 0.0668166 0.979729 168 -0.112696 0.0706794 0.989666 24 -0.0187017 0.0466201 0.926638 7
 -0.0276063 0.0301603 0.930503 61 -0.029547 0.0501438 0.992746 45 -0.0245942 -0.0149987 0.951619 36
 -0.0344377 -0.0134482 0.955426 200
 -0.0383992 -0.0288019 0.963742 200
 -0.0520536 -0.0512452 0.968489 200
 -0.0688498 -0.0618069 0.967883 80 -0.0624231 -0.01282 0.978305 53 -0.0656702 -0.0841438 0.987532 50
 -0.0926398 -0.0811655 0.982133 197 -0.0795195 -0.00910877 0.981392 3
 -0.0714968 -0.0744044 0.985114 8 -0.0859622 -0.0365223 0.969056 4 -0.108394 -0.110275 1.00649 3
 -0.0705884 -0.00572257 0.994049 96 -0.0694162 -0.0458667 0.957555 14 -0.0867329 -0.0387467 0.966536 3
 -0.0938093 -0.0169208 0.977632 94 -0.0856779 0.00173782 0.984775 55 -0.0884865 -0.00592188 0.982879 35
 -0.070429 -0.0286054 0.978023 151 -0.0955957 -0.0515235 0.974898 2
 -0.0974054 -0.0633764 0.976126 147 -0.0978311 -0.0834022 0.989472 39 -0.0717429 0.00510114 0.987952 14
