 -0.223168 -0.0082054 0.983385 200
 -0.222335 -0.0191287 0.985955 188 -0.178223 -0.00620951 0.962481 12
 -0.218505 -0.0327218 0.992816 185 -0.1696 0.0018122 0.959011 12 -0.169886 -0.147089 1.00299 3
 -0.214749 -0.0452922 0.994738 166 -0.212535 -0.131086 0.999454 18 -0.162604 0.0107373 0.960749 12
 -0.211584 -0.0536628 0.995273 131 -0.213441 -0.128286 1.00607 56 -0.166177 0.0087973 0.96766 12
 -0.207278 -0.0704356 0.992239 189 -0.153916 -0.0857986 0.995733 9 -0.197811 -0.0373751 0.990995 2
 -0.173492 0.00675179 0.963946 166 -0.216189 -0.0129333 0.982024 15 -0.153597 -0.0984774 0.985078 14
 -0.177621 -0.00653969 0.972972 170 -0.170892 -0.102756 0.988515 19 -0.219112 -0.11406 1.00066 5
 -0.1828 -0.0225393 0.98376 183 -0.178776 -0.110377 0.991419 10 -0.216249 -0.0961814 0.993277 6
 -0.187072 -0.0301769 0.988462 147 -0.207231 -0.110397 0.997536 53
 -0.182667 -0.0453449 0.994712 138 -0.177978 -0.0110648 0.979824 20 -0.201857 -0.0897487 0.994557 12
 -0.18613 -0.0891819 0.995901 98 -0.183319 -0.0654813 0.993836 85 -0.20833 -0.109258 1.00022 5
 -0.173257 0.00823269 0.964244 133 -0.140142 -0.00613596 0.941413 28 -0.180783 -0.021102 0.981475 21
 -0.179395 -0.0111877 0.976205 123 -0.13926 -0.0252947 0.949924 29 -0.182617 -0.0333061 0.986888 21
 -0.183293 -0.0306344 0.985733 187 -0.160892 -0.0454765 0.98068 6 -0.175827 -0.12236 0.987397 3
 -0.184514 -0.050753 0.99188 124 -0.142521 -0.0863233 0.931534 26 -0.181789 -0.0236602 0.983324 19
 -0.176185 -0.0622992 0.995361 94 -0.176249 -0.0561461 0.995085 52 -0.174936 -0.0496761 0.993291 50
 -0.173359 -0.0553527 0.999526 70 -0.182708 -0.0758983 1.0009 63 -0.181065 -0.0706278 1.00078 61
 -0.139618 -0.00647667 0.941338 166 -0.168334 0.00805024 0.962942 24 -0.223184 -0.00237277 0.982388 8
 -0.144038 -0.0143849 0.947983 92 -0.133143 -0.072368 0.932164 61 -0.150919 -0.0327819 0.970799 20
 -0.140459 -0.0785143 0.942014 86 -0.151402 -0.0267505 0.96863 61 -0.177904 -0.0225409 0.98124 31
 -0.16329 -0.0647805 0.994268 90 -0.154373 -0.0363084 0.982477 53 -0.189304 -0.0302404 0.984604 19
 -0.15843 -0.0575341 0.995828 147 -0.182086 -0.0531538 0.994751 44 -0.163192 -0.0175749 0.952459 3
 -0.171758 -0.0395972 0.993915 36 -0.167509 -0.0499016 0.999516 31 -0.172547 -0.0814291 1.00633 18
 -0.139547 -0.00423699 0.942587 52 -0.132189 -0.0906087 0.929644 40 -0.137816 -0.0738163 0.937559 28
 -0.14024 -0.0812112 0.928854 73 -0.145049 -0.0655015 0.952112 65 -0.172242 -0.162481 1.03366 20
 -0.140936 -0.0816988 0.939322 83 -0.14607 -0.0945691 0.976905 53 -0.146954 -0.0764733 0.916652 24
 -0.160058 -0.0903214 0.989597 111 -0.146041 -0.0895337 0.932972 41 -0.194679 -0.142751 1.01237 26
 -0.160739 -0.115899 0.988058 79 -0.212398 -0.126793 1.00969 77 -0.163078 -0.118619 0.990529 11
 -0.172331 -0.124082 0.98537 146 -0.173145 -0.0989291 0.991936 50 -0.172523 -0.104692 0.990459 2
 -0.187958 -0.126918 1.00062 122 -0.153794 -0.07623 0.937136 26 -0.18518 -0.060306 0.994903 23
 -0.156262 -0.114308 0.986175 7 -0.208327 -0.13071 1.00182 6 -0.203274 -0.16435 1.05999 2
 -0.189904 -0.0802905 1.00084 139 -0.18286 -0.0311731 0.99616 1
 -0.198362 -0.106786 0.997547 166 -0.20739 -0.0631886 0.993849 31 -0.205191 -0.0781396 0.996015 3
 -0.173199 -0.0730828 1.00432 11 -0.185173 -0.103878 0.998335 1
 -0.188851 -0.139421 1.02281 52 -0.18952 -0.141642 1.02689 28 -0.175535 -0.116451 0.995833 7
