 -0.130546 0.0345651 0.961651 103 -0.108869 0.0466738 0.996818 26 -0.0736423 -0.137646 0.991721 18
 -0.129553 0.0253192 0.965207 76 -0.0743044 -0.144868 0.998073 31 -0.116378 0.0380015 1.00081 22
 -0.118529 0.0187987 0.96098 73 -0.090826 -0.0523733 0.938374 65 -0.0549851 -0.141791 0.973126 15
 -0.0897007 -0.0548621 0.945679 106 -0.11655 0.00885002 0.966565 56 -0.0605325 -0.129479 0.967509 12
 -0.0931531 -0.0539806 0.950419 74 -0.0624683 -0.121392 0.969782 72 -0.115132 -0.00228919 0.972878 28
 -0.0829627 -0.0642461 0.950475 142 -0.0746525 -0.0964282 0.94508 49 -0.0760848 -0.0900749 0.945499 9
 -0.124939 0.0284666 0.961817 177 -0.109018 0.0509031 0.996378 11 -0.105895 0.0310218 1.01082 11
 -0.126001 0.0148053 0.965863 185 -0.125148 0.00593324 1.00865 10 -0.0592875 -0.0931168 0.952466 4
 -0.11269 -0.00360468 0.953514 100 -0.0709613 -0.0775472 0.955512 47 -0.115144 0.00202372 1.00933 10
 -0.110391 -0.015267 0.956718 111 -0.0758366 -0.0670029 0.960444 34 -0.130643 0.0238188 0.968822 17
 -0.0661566 -0.0620143 0.949929 114 -0.0772711 -0.0189219 0.993874 52 -0.0679792 -0.0452784 0.978632 12
 -0.0701148 -0.0688279 0.963996 86 -0.115895 -0.0105577 1.0038 71 -0.0783752 -0.0284301 0.991776 39
 -0.111994 0.0418547 0.99831 86 -0.12561 0.0433631 0.974796 84 -0.026803 0.016126 0.961637 23
 -0.119406 0.0290367 1.00228 70 -0.118351 0.0234962 0.955992 69 -0.0302659 -0.00374584 0.965565 60
 -0.049741 -0.0371483 0.97766 93 -0.114979 -0.0139312 0.953378 25 -0.115736 0.0121502 1.00785 23
 -0.0558267 -0.0303356 0.979937 93 -0.0524104 -0.0680131 0.956212 48 -0.117779 0.0186434 1.00545 33
 -0.0579454 -0.0573688 0.973288 71 -0.0875036 -0.0460018 0.976 58 -0.115295 0.000503249 1.01045 47
 -0.0874942 -0.0300802 0.999144 99 -0.0691216 -0.0608722 0.9606 50 -0.0899822 -0.0277855 0.959863 23
 -0.0261902 0.016423 0.9565 151 -0.10589 0.0436665 0.999854 49
 -0.0305719 0.00494642 0.959478 135 -0.107649 0.0309032 1.00313 56 -0.124941 0.0389684 0.980005 5
 -0.0350992 -0.0116922 0.96802 167 -0.113196 0.026939 1.0039 23 -0.12092 0.0289946 0.962691 8
 -0.0406522 -0.0277831 0.969089 98 -0.107799 0.00868423 1.00015 58 -0.104108 -0.0197383 0.985855 27
 -0.0775633 -0.0262116 0.991869 94 -0.102371 0.00805419 1.01451 29 -0.0462627 -0.0507743 0.96774 28
 -0.0968425 -0.0166724 1.00285 90 -0.0963429 -0.0127656 1.00627 39 -0.0779836 -0.0314218 0.986844 31
 -0.0286331 0.0111572 0.964799 173 -0.120226 0.0340735 0.982099 23 -0.0381804 -0.11349 0.952314 3
 -0.0350266 -0.00616161 0.969445 70 -0.0574894 -0.149717 0.99484 64 -0.0996369 0.0268192 1.01279 12
 -0.0377494 -0.025508 0.974618 90 -0.0367114 -0.0480043 0.967621 86 -0.0377532 -0.0313375 0.972085 11
 -0.0415634 -0.0444106 0.970887 171 -0.0612242 -0.063048 0.97411 15 -0.0380024 -0.0624241 0.970026 11
 -0.041485 -0.0816572 0.967956 189 -0.0727168 -0.0514564 0.981414 6 -0.0788778 -0.085773 0.956183 3
 -0.0499908 -0.0923747 0.967507 85 -0.0517253 -0.0870858 0.964678 49 -0.0559038 -0.072838 0.959113 45
 -0.0648231 -0.119035 0.972668 107 -0.10126 -0.0303507 0.948643 69 -0.0832094 -0.0900546 0.948298 12
 -0.0474395 -0.0776563 0.972071 48 -0.0689062 -0.11514 0.959146 3 -0.0896797 -0.145678 1.01906 1
 -0.0697002 -0.0503973 0.964634 26 -0.0822233 -0.0321359 1.00433 21 -0.123598 0.021442 1.00625 16
 -0.0781236 -0.0784535 0.951834 85 -0.0914173 -0.0390025 0.991657 57 -0.0853466 -0.051086 0.964941 36
 -0.0749234 -0.0526527 0.984493 7 -0.124029 0.0152626 1.00096 1
 -0.0774493 -0.117507 0.9764 12 -0.0768663 -0.0334459 0.977214 4 -0.0756075 -0.157097 1.01777 1
