 0.0249275 -0.233564 1.07821 165 0.112134 -0.202302 1.04884 11 0.116503 -0.216664 1.00771 9
 0.0295113 -0.23737 1.08806 49 0.0386044 -0.243124 1.05061 28 0.176233 -0.161218 1.03355 26
 0.0409918 -0.238596 1.06221 55 0.104438 -0.212819 0.997718 43 0.106424 -0.208124 0.953705 20
 0.045356 -0.237874 1.07077 110 0.110909 -0.225814 0.984759 19 0.1658 -0.21198 1.03343 17
 0.0496998 -0.226609 1.04111 76 0.104542 -0.202287 1.00136 30 0.108364 -0.200479 0.997821 26
 0.107886 -0.209373 0.995459 73 0.0507286 -0.231669 1.05825 66 0.0857184 -0.209327 1.01026 32
 0.129339 -0.201442 1.0306 59 0.0999917 -0.18879 0.997657 37 0.142214 -0.180608 1.03937 26
 0.103587 -0.202364 0.993457 97 0.135757 -0.192732 1.04686 38 0.115296 -0.1974 1.00648 26
 0.0557994 -0.224657 1.06229 55 0.095998 -0.215716 0.999498 49 0.159741 -0.203 1.02158 28
 0.0943533 -0.209403 1.01437 100 0.158144 -0.228945 1.01473 42 0.0553034 -0.226296 1.06573 17
 0.0486975 -0.212493 1.06464 71 0.143489 -0.219582 1.02009 56 0.112788 -0.204133 0.999258 27
 0.0843159 -0.225741 1.03871 62 0.0589697 -0.224431 1.07073 57 0.145828 -0.219591 1.0003 27
 0.179818 -0.15622 1.04589 171 0.0274316 -0.222672 1.09087 7 0.146094 -0.191176 1.04192 7
 0.180272 -0.175151 1.03953 53 0.160405 -0.159545 1.03565 44 0.168836 -0.198498 1.03282 44
 0.157877 -0.206388 1.03572 162 0.117203 -0.210204 1.00305 10 0.206166 -0.21892 1.00095 8
 0.145771 -0.204064 1.04754 70 0.159458 -0.189353 1.03347 40 0.100853 -0.206789 1.00409 29
 0.145341 -0.202604 1.00668 64 0.15107 -0.198757 1.04839 35 0.152004 -0.202825 1.04513 24
 0.134172 -0.199589 1.01645 53 0.138404 -0.208516 1.04759 51 0.0691833 -0.205618 1.02341 39
 0.179587 -0.154684 1.03958 171 0.173214 -0.206366 1.02468 16 0.221259 -0.23187 0.995037 7
 0.175291 -0.16475 1.04616 188 0.159656 -0.209882 1.03091 9 0.152748 -0.225051 1.00535 2
 0.1707 -0.183233 1.03698 164 0.198726 -0.234185 1.00449 17 0.086127 -0.216201 1.04727 11
 0.164657 -0.190229 1.03698 114 0.163648 -0.194301 1.03656 61 0.169149 -0.216709 1.02189 15
 0.165246 -0.203279 1.03677 139 0.16424 -0.207632 1.03686 47 0.133765 -0.199013 1.01404 7
 0.0614084 -0.233909 1.04953 17 0.138073 -0.193413 1.05242 15 0.164767 -0.20572 1.03687 6
 0.210276 -0.230551 0.997761 158 0.178483 -0.161058 1.05001 42
 0.18698 -0.226834 1.00371 152 0.167552 -0.177132 1.03932 43 0.0238123 -0.229086 1.09596 5
 0.160448 -0.227346 0.997908 119 0.162137 -0.194164 1.03312 31 0.164193 -0.218545 1.02746 26
 0.139105 -0.222995 1.00494 172 0.112978 -0.208812 0.950756 24 0.142359 -0.218933 1.04392 2
 0.051334 -0.249544 1.07989 6 0.120687 -0.248146 1.03631 2 0.119496 -0.217252 0.979293 1
 0.0787799 -0.237655 1.0506 147 0.146593 -0.218674 1.01628 24 0.151465 -0.212246 1.02393 23
 0.0601728 -0.232256 1.0611 153 0.0997651 -0.210732 0.998305 21 0.116378 -0.203715 0.975071 9
 0.118859 -0.234356 1.03513 2
 0.137059 -0.197214 1.02512 4 0.0760531 -0.219814 1.02337 3 0.161452 -0.214676 1.03661 3
 0.0744911 -0.239663 1.05638 32 0.0572599 -0.214226 1.03174 27 0.137881 -0.18804 1.05743 16
 0.157904 -0.197566 1.03682 16 0.13877 -0.214128 1.03991 2 0.0787373 -0.222248 1.05349 1
 0.138647 -0.209534 1.05343 22 0.0983342 -0.198605 1.00541 14 0.0507957 -0.216067 1.06996 3
