 0.0928551 -0.225567 0.840486 58 0.119476 -0.131194 0.829219 44 0.0598298 -0.172708 0.875821 33
 0.0468106 -0.162544 0.889482 78 0.106392 -0.131533 0.831488 40 -0.0113994 -0.180725 0.988144 29
 0.0531039 -0.146958 0.882218 78 -0.013726 -0.200178 0.992205 32 0.0866581 -0.165445 0.86406 26
 0.0810102 -0.219277 0.869862 70 0.060543 -0.219709 0.903038 25 0.0768812 -0.141731 0.940225 21
 0.0763481 -0.214308 0.877404 94 0.0423295 -0.206047 0.91729 25 0.0745018 -0.139112 0.948998 21
 0.0379479 -0.160141 0.900577 56 0.0423461 -0.208888 0.905145 52 0.06554 -0.212214 0.885901 30
 0.0628649 -0.168006 0.884808 89 0.101942 -0.142888 0.83419 69 0.0950313 -0.227473 0.839171 19
 0.0715317 -0.154254 0.878442 92 0.0839419 -0.142426 0.84904 33 0.120332 -0.183273 0.848748 23
 0.0630609 -0.153958 0.877319 87 0.0796119 -0.138035 0.846391 69 0.0991231 -0.159851 0.873919 16
 0.094479 -0.168435 0.869234 42 0.095698 -0.164209 0.869363 36 0.0695464 -0.175017 0.877079 29
 0.0838078 -0.162295 0.877174 66 0.0654997 -0.141405 0.87011 32 0.0722026 -0.185469 0.880636 26
 0.0570368 -0.184036 0.891623 73 0.08684 -0.165646 0.871577 33 0.0540732 -0.183709 0.894781 32
 0.104783 -0.12934 0.827417 98 0.139547 -0.175704 0.84168 57 0.11038 -0.138941 0.92529 11
 0.0972958 -0.135345 0.838728 100 0.0840912 -0.201052 0.870458 33 0.106886 -0.142206 0.925833 17
 0.0856079 -0.171527 0.868958 82 0.0921002 -0.143434 0.927054 63 0.0892699 -0.160847 0.872468 21
 0.0923008 -0.140895 0.930296 114 0.0857354 -0.175951 0.870533 29 0.0767554 -0.132352 0.850112 19
 0.0884848 -0.1567 0.875276 61 0.0802345 -0.167094 0.878128 61 0.0833743 -0.160236 0.876436 49
 0.0776381 -0.161915 0.881134 76 0.0906694 -0.142386 0.932067 58 0.0644887 -0.173895 0.886089 35
 0.109172 -0.126523 0.825513 106 0.136044 -0.179355 0.84222 46 0.0987667 -0.231113 0.843406 28
 0.111531 -0.138271 0.832221 89 0.0935249 -0.223505 0.844478 50 0.122622 -0.183396 0.847505 37
 0.110139 -0.181122 0.852125 82 0.112737 -0.139247 0.82498 36 0.107956 -0.143711 0.922517 23
 0.119804 -0.179896 0.856179 101 0.100077 -0.138386 0.927579 38 0.0735948 -0.199338 0.87758 31
 0.07101 -0.17159 0.878216 41 0.101563 -0.167867 0.875454 37 0.10301 -0.129327 0.930997 25
 0.103983 -0.17175 0.859959 41 0.0759159 -0.144049 0.870148 33 0.0537157 -0.186541 0.886225 8
 0.107257 -0.137182 0.829319 90 0.137108 -0.177119 0.844459 69 0.0968021 -0.230038 0.846782 36
 0.127495 -0.177008 0.849507 93 0.0849977 -0.220028 0.865942 78 0.120229 -0.164899 0.873298 9
 0.117662 -0.179657 0.853945 96 0.113738 -0.158874 0.88262 56 0.0681267 -0.219848 0.884029 46
 0.107664 -0.15214 0.872605 65 0.0573967 -0.212151 0.901103 55 0.112795 -0.182543 0.858349 51
 0.072245 -0.207945 0.897537 95 0.0697062 -0.212969 0.902854 71 0.106647 -0.17082 0.856487 18
 0.0514066 -0.19566 0.900176 146 0.0878441 -0.187106 0.869843 52 0.028647 -0.202019 0.92449 2
 0.0238233 -0.185506 0.967421 168 0.0527267 -0.154918 0.900454 28 0.0816472 -0.161171 0.868323 2
 0.104346 -0.174689 0.849037 2 0.00935773 -0.19886 0.975279 2
 0.0481209 -0.178291 0.912778 38 0.0813908 -0.146599 0.94381 18 0.0920961 -0.151251 0.921812 16
 0.0548034 -0.163036 0.898529 49 0.0509065 -0.162987 0.904169 39 0.0601784 -0.193639 0.894939 29
 0.0751723 -0.158003 0.872539 116 0.0358727 -0.181252 0.940714 39 0.0794811 -0.152155 0.93648 35
 0.0758684 -0.150527 0.945799 51 0.0117618 -0.204527 0.974902 36 0.0190181 -0.202055 0.960559 20
