 -0.105911 -0.0804465 1.11608 80 -0.0216844 -0.0676166 0.973162 46 -0.0460081 -0.0745469 1.01348 26
 -0.083341 -0.0749286 1.04224 87 -0.0197691 -0.058979 0.979012 35 -0.0960711 -0.0827995 1.0942 34
 -0.079368 -0.0748205 1.04734 67 -0.0228246 -0.0556348 1.01443 51 -0.0153579 -0.0539108 0.983195 34
 -0.0197963 -0.0472467 1.021 61 -0.0747502 -0.0763046 1.05668 58 -0.00869055 -0.0448378 0.983051 30
 -0.0240835 -0.0492951 1.02727 74 -0.0703102 -0.0697205 1.05542 30 -0.0579406 -0.0651746 1.02685 28
 -0.0551887 -0.0757749 1.0213 99 -0.0435474 -0.0560026 1.02693 53 -0.0649397 -0.0556471 1.04452 11
 0.0100797 -0.077537 0.997121 101 -0.00563084 -0.112225 0.977575 36 -0.0107496 -0.072326 0.966459 34
 -0.0124181 -0.103796 0.978574 91 -0.00727377 -0.0819537 0.983721 37 -0.0315671 -0.0736402 1.0027 36
 -0.0873158 -0.0711035 1.10301 70 0.00131788 -0.0605315 0.988708 62 -0.0228146 -0.0957911 0.986362 42
 0.00213279 -0.0623985 0.994453 68 -0.0373202 -0.0653757 1.01477 49 -0.0929777 -0.0692574 1.11114 35
 0.0126833 -0.0774693 0.98709 112 -0.0135718 -0.0847248 0.981835 24 -0.0835531 -0.0653474 1.10021 24
 -0.0365996 -0.0627014 1.01526 50 -0.0421421 -0.064279 1.02187 36 0.0144941 -0.0877178 0.967713 26
 -0.00745074 -0.0603945 0.98911 92 -0.0010647 -0.0484416 1.02405 48 0.0236431 -0.0684379 0.999413 37
 -0.0089569 -0.0660496 0.991851 95 0.00535925 -0.0962972 0.982022 43 0.0180889 -0.0698764 1.00406 25
 -0.0130631 -0.0736438 0.986628 181 -0.0044444 -0.0495986 1.00639 17 -0.0398086 -0.0713758 1.01036 2
 0.00604978 -0.0757715 0.988303 73 -0.0148326 -0.0524261 1.01406 46 -0.0208031 -0.0616976 1.00408 38
 -0.00380814 -0.0714463 0.991525 159 -0.0499439 -0.0586172 1.052 34 0.00222039 -0.0517431 1.03798 3
 -0.0162391 -0.0677257 0.986986 66 -0.0307444 -0.0798878 1.01116 27 -0.024545 -0.0770679 0.997382 12
 0.00976491 -0.0519662 1.02265 117 -0.00955028 -0.0636391 0.985918 51 0.0150621 -0.101891 0.987002 21
 -0.0129775 -0.0807021 0.988537 78 0.00359542 -0.056047 1.02601 70 -0.0107021 -0.0584635 0.993972 34
 -0.0148618 -0.0777025 0.986533 67 -0.00104019 -0.0802157 0.980834 65 0.014997 -0.0612911 1.00264 33
 0.00561457 -0.0680203 0.98867 53 0.0192648 -0.081029 0.991813 46 -0.0289293 -0.0848732 0.982608 37
 -0.0133891 -0.0461702 1.03052 51 -0.0138273 -0.0526541 1.0246 44 -0.0166146 -0.0880902 0.975272 31
 -0.0533787 -0.0532473 1.05849 9 -0.0208039 -0.0535539 1.02266 5 -0.0873196 -0.0828861 1.09555 3
 0.0130307 -0.101445 0.990675 80 -0.011734 -0.0725712 0.989632 67 -0.0015053 -0.0491893 1.03392 28
 -0.00113066 -0.10261 0.98848 174 0.00580599 -0.0550937 1.013 9 -0.0965515 -0.0919554 1.1186 7
 0.00845083 -0.0883721 0.994022 63 0.0175226 -0.0776096 0.97802 36 -0.132083 -0.0704347 1.14034 24
 -0.00328096 -0.0885566 0.987304 79 -0.0405242 -0.0615698 1.02334 30 -0.065096 -0.0646828 1.05612 27
 -0.0286297 -0.0910267 0.993272 19 -0.00651494 -0.0332613 1.01556 10
 -0.0479996 -0.0752487 0.999363 68 -0.0610083 -0.093395 1.10622 20 -0.0315057 -0.0888093 1.01161 1
 -0.0736735 -0.0637095 1.09846 165 -0.0911133 -0.0840778 1.11133 10 -0.025286 -0.054005 1.02313 6

 -0.0566595 -0.0633488 1.05431 22 -0.0312793 -0.090626 1.01741 2 -0.0288077 -0.0635361 1.02108 2
 -0.0444483 -0.0648551 1.03312 82 -0.041504 -0.0649586 1.02829 11 -0.00196737 -0.0625761 0.975584 10
 -0.0304108 -0.066954 1.02228 16
 -0.0330051 -0.058227 1.02901 69 -0.0486859 -0.0549796 1.06591 20 -0.083606 -0.0741438 1.0994 10
