 -0.239991 -0.023183 0.848395 92 -0.210587 -0.00203611 0.764547 66 -0.0952221 -0.0466627 0.926438 31
 -0.227116 -0.0247182 0.853533 79 -0.208145 -0.00476927 0.76542 69 -0.106019 -0.0428933 0.920699 31
 -0.209071 -0.0244854 0.860986 69 -0.20615 -0.00208739 0.774914 68 -0.161443 -0.00677684 0.845582 21
 -0.204006 -0.00167265 0.782796 40 -0.200527 -0.019941 0.862036 34 -0.185461 -0.0318986 0.870189 29
 -0.187013 -0.0248843 0.868126 113 -0.144556 -0.0367204 0.87626 33 -0.150959 -0.0168106 0.785959 19
 -0.0896914 -0.0148294 0.852453 104 -0.168774 -0.0304435 0.868944 49 -0.0912584 -0.0215537 0.829765 17
 -0.193911 0.0169239 0.786778 69 -0.120513 -0.0556111 0.914226 55 -0.144193 -0.0226234 0.787953 33
 -0.0991378 -0.0288873 0.93144 34 -0.187865 0.00999885 0.770856 33 -0.163 -0.0386 0.856093 25
 -0.178983 0.00919425 0.816579 52 -0.144929 0.00457873 0.852052 52 -0.198361 0.00852695 0.789362 26
 -0.187917 0.0148384 0.812993 73 -0.12353 -0.000678563 0.838384 39 -0.190153 -0.00158963 0.840064 23
 -0.102072 -0.0156936 0.835984 51 -0.17615 -0.00216518 0.851133 37 -0.171779 0.00311013 0.830109 29
 -0.116817 -0.020638 0.795761 94 -0.124435 -0.0210173 0.831495 28 -0.153553 -0.0158929 0.86471 24
 -0.109471 -0.0611713 0.927023 56 -0.0851704 -0.0357632 0.93085 33 -0.209201 -0.00834989 0.765316 21
 -0.136611 0.0156118 0.836685 74 -0.0901697 -0.0200063 0.92099 33 -0.122706 -0.0226283 0.797843 21
 -0.151361 0.0108439 0.827515 131 -0.136996 0.00210408 0.850034 27 -0.186099 -9.919e-05 0.851057 20
 -0.15361 0.0241555 0.834587 70 -0.140156 0.0219334 0.844514 32 -0.15766 -0.00393107 0.857568 29
 -0.117778 -0.00918788 0.839592 62 -0.1532 0.0100574 0.826242 55 -0.143815 -0.0082897 0.79729 54
 -0.175698 -0.0204386 0.863332 54 -0.135855 -0.00618275 0.836733 48 -0.161709 0.0180043 0.832583 42
 -0.151604 0.0334608 0.832974 81 -0.115335 -0.0618988 0.924081 55 -0.0911119 -0.0672581 0.957556 34
 -0.0979125 -0.0557306 0.953786 110 -0.143585 0.0262535 0.835323 53 -0.115066 -0.00211849 0.848916 17
 -0.138829 0.0193407 0.83801 142 -0.1161 0.00567357 0.851229 35 -0.1219 0.0104428 0.847338 10
 -0.150208 0.0276989 0.841299 69 -0.115405 0.0116416 0.857158 55 -0.146127 0.0269263 0.842999 44
 -0.12946 0.00563442 0.827832 52 -0.139301 0.0197703 0.843184 34 -0.112972 -0.00188962 0.843298 32
 -0.1313 -0.0278248 0.800581 48 -0.127331 -0.0290612 0.799352 25 -0.152486 -0.0121492 0.853853 25
 -0.110275 -0.0755035 0.923531 68 -0.148198 0.0340786 0.843602 46 -0.154541 0.00686859 0.803232 45
 -0.134035 0.0185789 0.845108 84 -0.114833 -0.0740041 0.951373 21 -0.157673 0.0049951 0.789356 14
 -0.116345 0.00564196 0.857787 60 -0.145576 -0.041599 0.885242 52 -0.138439 -0.0446213 0.889392 52
 -0.112594 6.24106e-05 0.864568 121 -0.181105 -0.0250714 0.871897 32 -0.151475 -0.0428901 0.886102 30
 -0.158992 -0.0334985 0.881259 143 -0.102461 -0.0128378 0.860361 23 -0.10114 -0.0165491 0.917862 16
 -0.172705 -0.020588 0.865593 80 -0.13859 -0.0404616 0.866791 24 -0.107621 -0.0100421 0.804265 7
 -0.102007 -0.0227218 0.913256 125 -0.10951 -0.0206514 0.845951 40 -0.177053 -0.000689471 0.814049 14
 -0.108574 -0.0188368 0.861531 81 -0.101103 -0.0491095 0.967559 77 -0.102583 -0.029238 0.935005 18
 -0.160326 0.0219963 0.845566 4 -0.10381 -0.0306899 0.90388 1 -0.142872 -0.000703038 0.83133 1
 -0.194002 0.00572813 0.82162 48 -0.171722 -0.0172699 0.862517 43 -0.176354 -0.0213465 0.868894 41
 -0.146249 0.0097114 0.82575 4 -0.196173 -0.00208492 0.86033 1 -0.14086 0.00739863 0.832651 1
 -0.146861 0.00632713 0.814955 51 -0.135414 0.00403376 0.841368 42 -0.192909 0.00488774 0.84569 35
