 -0.0638054 -0.0385919 1.02059 159 -0.00205227 0.0276624 0.981887 33 -0.0314722 -0.0802092 1.04069 4
 -0.0597278 -0.0474567 1.02421 128 -0.000534161 0.0174687 0.983619 56 -0.02831 -0.0681256 1.0275 12
 -0.0599294 -0.0525638 1.02461 55 -0.00155641 0.00304277 0.990292 52 -0.00859978 -0.035734 0.993173 26
 -0.0536146 -0.0588942 1.03317 92 -0.0123795 -0.0516072 0.989111 47 -0.00144658 -0.00615679 0.992941 14
 -0.0123517 -0.0563014 0.99345 43 -0.0425125 -0.0643652 1.03236 41 -0.0323871 -0.0688047 1.02538 38
 -0.0222042 -0.0660724 1.02654 72 -0.00360722 -0.0445031 0.999912 21 0.0430352 -0.0765577 1.00059 20
 0.00939724 0.0283169 0.98397 108 0.00165976 -0.00283045 0.987748 53 0.0337484 0.00325905 1.04157 17
 -0.00226456 -0.0114144 0.986486 149 0.0134396 -0.0623993 0.993653 28 0.0134327 -0.0685139 0.99495 22
 -0.0033428 -0.0387067 0.994951 91 -0.00423575 -0.0317606 0.994408 80 -0.0325824 -0.0742267 1.02616 14
 -0.00162765 -0.0459949 0.997288 89 0.00260339 -0.0599993 1.0023 72 -0.000465879 -0.0507099 0.998824 16
 -0.000699791 -0.0388119 0.995589 167 -0.00704196 -0.0882862 1.03261 14 -0.0163826 -0.0481302 1.02808 12
 0.00600107 -0.0653486 0.99791 51 -0.00290587 -0.0721712 1.01033 32 0.0123349 -0.0631072 0.995572 30
 0.00446526 0.0287308 0.984614 177 0.0346342 0.0067935 1.04518 23
 0.00116462 0.0140841 0.988431 186 0.0262892 -0.0840499 0.995929 9 0.045067 0.00874827 1.04006 5
 -0.0022655 -0.00666066 0.992678 170 0.0356994 -0.0813766 0.996171 29 0.026866 -0.0617222 0.99594 1
 0.0457986 -0.0714308 0.987849 55 0.0468239 -0.0789858 0.991652 48 0.015417 -0.0181838 0.990328 34
 0.0197122 -0.0358512 1.00723 193 0.0210647 -0.0620382 0.997988 7
 0.014155 -0.0395126 1.00279 174 0.019908 -0.0858164 1.00881 26
 0.0404763 0.0109986 1.04284 152 0.00359685 0.0345099 0.98341 20 -0.000761805 -0.0340775 0.983629 15
 0.0355901 -0.00109293 1.04755 147 -0.0638317 -0.0456895 1.03215 22 0.00401675 0.0191509 0.990769 20
 0.000518162 -0.0124165 0.989639 79 0.0352815 -0.0152582 1.01414 78 0.0408223 -0.0745751 0.996259 26
 0.0487265 -0.106122 1.00311 83 0.0295733 -0.0287476 1.02058 67 -0.000221979 -0.0329237 0.99424 48
 0.0304304 -0.0239187 1.01936 89 0.0392494 -0.0551816 0.999767 57 -0.00133607 -0.0407753 0.995694 52
 -0.00356659 -0.0566735 1.0063 161 0.0301016 -0.0451353 1.01861 35 0.0241047 -0.0605467 0.999568 4
 0.00222117 0.0284609 0.986591 90 -0.0696722 -0.0378418 1.02483 55 0.0405476 0.0106057 1.04211 15
 -0.0581414 -0.0490923 1.02893 84 0.0700309 -0.0720736 0.989923 27 0.00323415 0.0026316 0.988661 21
 0.0499625 -0.0819698 0.996806 73 0.0484618 -0.0778266 0.997174 59 0.0238544 -0.0524134 1.00146 32
 0.0486448 -0.080318 1.01025 104 -0.0329925 -0.0722903 1.03794 64 0.0279198 -0.121488 1.03353 19
 0.0406762 -0.092204 1.01185 200
 0.0210016 -0.110607 1.02154 120 0.0481656 -0.0968396 1.01151 79 -0.0088901 -0.0852151 1.02728 1
 0.0124676 -0.133735 1.0445 185 0.0233205 -0.100963 1.00968 15
 -0.00302451 -0.143642 1.06813 31 -0.00235363 -0.114798 1.04985 20 0.0366101 -0.139753 1.04685 4
 0.0143531 -0.0890285 1.02185 141 0.018827 -0.0744916 1.009 59
 0.0263601 -0.0828788 1.00535 93 -0.0131879 -0.104877 1.03853 47 -0.00411707 -0.0776754 1.00367 40
 0.0153454 -0.101 1.02732 200
 0.0106468 -0.142068 1.05245 198 -0.0106083 -0.0523158 1.03809 1 -0.0195025 -0.0918889 1.03975 1
