 0.0317445 -0.0810221 0.878536 120 0.085146 -0.0852802 0.97289 23 0.0363783 -0.0399417 0.906222 10
 0.0315651 -0.0948203 0.886984 137 0.0420336 -0.0387908 0.909055 16 0.0776305 -0.0973665 0.972089 12
 0.0306867 -0.104209 0.893527 156 0.0457026 -0.155429 0.912513 16 0.0416083 -0.0601977 0.916641 11
 0.035794 -0.0856056 0.883822 183 0.0273677 -0.107281 0.944362 11 0.065633 -0.111323 0.953631 2
 0.0337855 -0.0911611 0.888774 172 0.0239458 -0.120588 0.943972 16 0.0573695 -0.109166 0.955385 4
 0.0338768 -0.104188 0.897147 94 0.0375212 -0.128457 0.904272 47 0.0476176 -0.144853 0.935216 41
 0.0378067 -0.0422708 0.909798 90 0.033197 -0.0613649 0.875093 50 0.0298156 -0.0985064 0.892432 22
 0.0322377 -0.0683023 0.876751 63 0.0342823 -0.0661653 0.919154 48 0.02987 -0.110178 0.896879 39
 0.0690253 -0.139163 0.948396 63 0.033596 -0.0852629 0.88343 45 0.0490481 -0.075721 0.952205 30
 0.0434445 -0.130211 0.901743 96 0.034844 -0.101866 0.892499 41 0.0629403 -0.163779 0.941427 10
 0.0388545 -0.137144 0.909046 57 0.0385777 -0.141547 0.909035 37 0.0355552 -0.108524 0.902477 36
 0.0335614 -0.117788 0.910347 75 0.0446791 -0.124157 0.950278 66 0.0405998 -0.145991 0.912028 36
 0.0480579 -0.0249704 0.916829 93 0.0470029 -0.0283718 0.913638 91 0.0451806 -0.0763046 0.949918 5
 0.04326 -0.0444519 0.910354 121 0.0487891 -0.043993 0.933579 48 0.0469583 -0.0425826 0.925816 25
 0.0385098 -0.0593031 0.91537 115 0.0479425 -0.0635085 0.947833 41 0.07119 -0.101679 0.975154 24
 0.0632174 -0.106072 0.967721 35 0.0372829 -0.13693 0.908075 31 0.0349425 -0.0717089 0.917177 30
 0.0486407 -0.0977939 0.956572 57 0.053473 -0.131935 0.948916 40 0.0496983 -0.10331 0.956688 38
 0.0487647 -0.11572 0.963293 58 0.0329083 -0.0597321 0.922838 27 0.0353667 -0.112144 0.903716 22
 0.0486843 -0.0268535 0.916113 114 0.0809961 -0.0832341 0.969111 49 0.0558844 -0.0387992 0.936594 12
 0.0458015 -0.0381698 0.92147 145 0.0779776 -0.0957764 0.97258 42 0.0702609 -0.0434391 0.940801 7
 0.0706005 -0.116526 0.959357 128 0.0565716 -0.0576974 0.944265 35 0.0835295 -0.080261 0.972863 27
 0.0661037 -0.12934 0.965493 113 0.0767551 -0.0975236 0.975799 41 0.0743159 -0.102765 0.97218 17
 0.0697608 -0.140868 0.95309 78 0.0695742 -0.11197 0.97857 72 0.0486631 -0.138589 0.911041 15
 0.059682 -0.0874386 0.975318 38 0.0343662 -0.0872933 0.895835 27 0.0443946 -0.144068 0.943602 15
 0.0455235 -0.0321379 0.917084 131 0.0855998 -0.0924278 0.972381 59 0.0651809 -0.0448496 0.942862 8
 0.0740362 -0.106298 0.977103 103 0.00174484 -0.237098 0.972462 51 0.0345261 -0.140879 0.916793 18
 0.0648265 -0.149156 0.950889 75 0.0652322 -0.136995 0.959829 72 0.0651783 -0.143271 0.955282 53
 0.0631037 -0.156275 0.953259 198 0.0261049 -0.127704 0.942896 1 0.061059 -0.0998869 0.972222 1
 0.0615127 -0.15517 0.945251 84 0.0685139 -0.144295 0.95368 38 -0.00310698 -0.207677 1.00233 16
 0.055404 -0.152204 0.946205 47 0.0248403 -0.189997 0.929659 31 0.050721 -0.178141 0.936879 22
 0.0226836 -0.193107 0.944609 200
 0.017292 -0.201031 0.94732 15 0.0134551 -0.201612 0.949062 13 0.0298611 -0.117887 0.952534 5
 0.0429299 -0.0763045 0.884541 3 0.00827586 -0.20034 0.993381 2 0.0381803 -0.101833 0.953438 1
 0.0320203 -0.156279 0.922667 98 0.0163797 -0.186752 0.918936 20 0.0390262 -0.113314 0.95421 15
 0.0365762 -0.149468 0.923101 8 0.0178704 -0.179703 0.947021 5 0.0296866 -0.175812 0.930593 4
 0.0248597 -0.194112 0.941131 71 0.0318897 -0.160304 0.916348 4
