 -0.179747 0.0117777 0.834316 84 -0.137363 0.0770578 0.810419 76 -0.169202 0.0548796 0.815871 34
 -0.167734 0.00359863 0.842992 109 -0.138294 0.0670153 0.814029 61 -0.168227 0.0422128 0.817909 27
 -0.156617 0.00137821 0.854583 196 -0.143475 0.0626806 0.834034 2 -0.147255 0.0432307 0.855103 2
 -0.151051 0.00305115 0.858976 175 -0.176418 0.00978967 0.841743 16 -0.0483461 0.0289201 0.89138 7
 -0.145705 0.00320464 0.865422 180 -0.176311 0.00840996 0.848978 20
 -0.131964 -0.00314736 0.87459 200
 -0.163073 0.054282 0.819783 102 -0.129704 0.0498089 0.859377 34 -0.104946 0.0478615 0.843703 20
 -0.133593 0.0366025 0.867319 101 -0.0994786 0.0586877 0.853419 47 -0.160628 0.0443516 0.834632 33
 -0.137368 0.0204455 0.868449 117 -0.149038 0.0367258 0.858512 60 -0.0918745 0.0594946 0.843775 5
 -0.142754 0.0229449 0.869099 134 -0.106931 0.0366369 0.873949 37 -0.119304 0.0650281 0.85516 7
 -0.135295 0.0304303 0.875835 144 -0.110282 -0.015638 0.87911 19 -0.108145 0.0357774 0.887221 13
 -0.125606 0.0260773 0.881249 195 -0.101186 0.0363019 0.895857 4 -0.0752177 0.0204387 0.879342 1
 -0.134006 0.0760983 0.814145 72 -0.0633104 0.0610293 0.8302 61 -0.0945489 0.0670233 0.843394 32
 -0.0689907 0.0547658 0.839275 124 -0.0905879 0.0307679 0.871684 28 -0.095847 0.0638858 0.845056 18
 -0.112627 0.0566104 0.868578 52 -0.0880552 0.0446374 0.88435 48 -0.13619 0.063736 0.847178 45
 -0.135105 0.0548547 0.862314 140 -0.0889134 0.0416432 0.885135 23 -0.0634516 0.025078 0.875147 10
 -0.0868929 0.0406967 0.879128 91 -0.122259 0.0482207 0.875691 58 -0.118383 0.0447801 0.879197 49
 -0.119037 0.034043 0.884273 80 -0.103359 0.0296248 0.898377 71 -0.0881438 0.0460929 0.888046 28
 -0.0585632 0.0595609 0.833183 85 -0.137856 0.0712078 0.814773 37 -0.160276 0.0565086 0.822769 26
 -0.0638278 0.0575142 0.842632 67 -0.0619286 0.040689 0.868136 54 -0.154373 0.0488848 0.833111 27
 -0.0662854 0.0422439 0.870463 121 -0.0651066 0.0515046 0.838454 20 -0.061859 0.0485581 0.843769 13
 -0.0597253 0.0345038 0.877841 56 -0.0728118 -0.0332795 0.901986 32 -0.141388 0.0519158 0.858982 28
 -0.062623 0.0370903 0.879487 130 -0.115949 0.0546466 0.874171 17 -0.13122 0.036728 0.87349 16
 -0.108126 0.0402973 0.891987 47 -0.105239 0.0370869 0.894823 44 -0.118897 0.0430687 0.882639 25
 -0.0874554 0.0680685 0.822468 103 -0.101758 0.0674742 0.847301 35 -0.0564697 -0.0916049 0.952289 26
 -0.078759 0.0601812 0.837214 107 -0.0562312 0.0348619 0.875573 51 -0.0744051 -0.0778496 0.958624 32
 -0.0650179 0.0445044 0.866771 139 -0.0666054 0.0423913 0.838389 39 -0.138503 0.0651612 0.862757 12
 -0.059094 0.0322309 0.882836 185 -0.0513392 -0.00419447 0.918116 14 -0.0538226 0.0013758 0.906441 1
 -0.0602289 0.019551 0.889638 188 -0.0612808 -0.0202323 0.92093 12
 -0.0647972 -0.0119275 0.901903 172 -0.0715754 -0.00349627 0.892595 28
 -0.0888313 -0.0367863 0.928326 64 -0.0815008 -0.0308724 0.907242 55 -0.0658222 0.0166087 0.882016 25
 -0.0597847 -0.0155436 0.925112 23 -0.0821276 -0.0375926 0.912013 20 -0.070465 0.00399147 0.890337 16
 -0.110598 0.0264274 0.893812 108 -0.135147 0.0510372 0.874805 5 -0.0730693 -0.0413893 0.925379 1
 -0.112923 -4.42118e-05 0.883527 200
 -0.114052 0.0204271 0.889342 20 -0.0980941 0.00108936 0.885595 14 -0.122561 0.0286187 0.868935 2
 -0.101296 -0.0355974 0.929682 8 -0.0889549 -0.0296368 0.897289 4 -0.128129 0.0296561 0.874773 2
