 -0.122028 -0.0387613 0.882421 41 -0.081159 0.0126314 0.875064 41 -0.115651 -0.0647881 0.924455 30
 -0.0912237 0.00711528 0.87934 64 -0.0890534 -0.0284596 0.845613 39 -0.12678 -0.0344892 0.885485 34
 -0.141193 -0.0246106 0.905869 72 -0.10478 -0.0258559 0.8432 46 -0.13729 -0.0221267 0.901833 32
 -0.145907 -0.0176709 0.912192 96 -0.1198 -0.00982018 0.863827 34 -0.101169 -0.028378 0.859345 22
 -0.141212 -0.0171394 0.914007 81 -0.129915 -0.0334631 0.896601 39 -0.105865 -0.00819072 0.88188 25
 -0.144142 -0.0265854 0.913382 96 -0.131069 -0.0166028 0.901084 52 -0.111902 -0.0114105 0.885553 22
 -0.135438 -0.00939842 0.903143 52 -0.0770084 -0.00378442 0.875106 47 -0.113709 -0.0062783 0.886425 37
 -0.116014 -0.0189277 0.88242 95 -0.0939361 -0.00405763 0.879526 34 -0.136419 -0.0205823 0.902726 33
 -0.119279 -0.0101783 0.881618 159 -0.109272 -0.040121 0.905038 26 -0.138653 -0.0322456 0.905298 14
 -0.124403 -0.00782399 0.891391 164 -0.113352 -0.0468926 0.91139 17 -0.109368 -0.0304743 0.87073 14
 -0.132206 -0.0456112 0.914688 55 -0.120714 -0.00276189 0.872462 37 -0.115743 -0.0292313 0.877118 33
 -0.134468 -0.0188812 0.907787 74 -0.110129 -0.0566654 0.920562 51 -0.0901173 -0.0327159 0.893933 22
 -0.0799348 0.00567839 0.876053 140 -0.0654654 -0.0332877 0.895354 29 -0.0888137 -0.0358643 0.838975 19
 -0.0961756 -0.00424985 0.879468 66 -0.100062 -0.00654377 0.879435 38 -0.1056 -0.00763082 0.881919 30
 -0.09972 -0.00844558 0.878448 159 -0.118529 -0.02342 0.897946 36 -0.113746 -0.0182906 0.891371 4
 -0.105951 -0.000969517 0.883678 179 -0.111294 -0.0332435 0.857125 12 -0.129537 -0.0382808 0.904272 9
 -0.109836 -0.0103771 0.887489 54 -0.0893414 -0.0149072 0.873602 33 -0.136728 -0.0335767 0.91014 31
 -0.0973552 -0.0153686 0.875649 69 -0.123742 -0.0126173 0.902862 64 -0.0966614 -0.0231283 0.861073 20
 -0.0788528 0.00829905 0.874346 131 -0.0551808 -0.0192679 0.892769 62 -0.0916493 -0.0351429 0.893121 5
 -0.0867043 0.00258943 0.880843 97 -0.0625071 -0.0294759 0.896687 69 -0.0559711 -0.00559661 0.887161 33
 -0.0595499 -0.0188225 0.892249 47 -0.0784681 -0.0304978 0.843647 38 -0.0979904 0.00101727 0.881406 34
 -0.11359 -0.0109572 0.883221 55 -0.0886601 -0.00021003 0.879005 45 -0.0617581 -0.0332278 0.898539 44
 -0.128045 -0.00742667 0.900735 65 -0.0928108 -0.0202011 0.872424 29 -0.12106 -0.0717733 0.937735 22
 -0.135127 -0.0119234 0.91614 15 -0.114963 -0.0249081 0.886035 7 -0.139688 -0.0373221 0.922742 4
 -0.0576686 -0.0287498 0.895274 197 -0.0551476 -0.0249195 0.836247 2 -0.101437 0.0122282 0.878388 1
 -0.0753293 -0.0342226 0.898289 141 -0.171198 -0.111116 1.00629 46 -0.0755861 -0.031441 0.840701 10
 -0.0834295 -0.0344607 0.898317 80 -0.0858953 -0.031578 0.853254 61 -0.0874524 -0.0452565 0.933492 25
 -0.102034 -0.0516998 0.941832 139 -0.0784949 -0.0269824 0.897705 29 -0.0911859 -0.0414081 0.900084 16
 -0.113317 -0.0561304 0.941786 139 -0.0898775 -0.0374754 0.905152 33 -0.0761143 -0.0193577 0.873523 16
 -0.100042 -0.0434247 0.930279 42 -0.116577 -0.065814 0.946813 30 -0.0946859 -0.08557 0.940969 24
 -0.158795 -0.0802492 1.00099 102 -0.157746 -0.0712282 0.976346 46 -0.136819 -0.0269346 0.910036 28
 -0.12775 -0.06786 0.949733 10 -0.149831 -0.0604799 0.942673 7 -0.152146 -0.10521 1.0385 1
 -0.134217 -0.0494044 0.93051 6 -0.120125 -0.0683302 0.952228 4 -0.0707205 -0.0370471 0.887917 3
 -0.134071 -0.0423931 0.919548 91 -0.120946 -0.0283489 0.882378 35 -0.128193 -0.0151692 0.904475 22
 -0.146515 -0.0572736 0.955656 10 -0.129264 -0.0088021 0.902543 9 -0.0757196 -0.0082824 0.876799 2
 -0.151673 -0.0678813 0.950098 19 -0.143717 -0.0300442 0.921683 7 -0.162076 -0.0661668 0.991795 5
