 -0.233294 -0.00101902 0.799857 170 -0.219911 -0.00467513 0.772325 21 -0.129817 -0.0356151 0.838018 7
 -0.233629 -0.00509922 0.805824 120 -0.211726 -0.00683838 0.784864 54 -0.225802 -0.0125064 0.862039 12
 -0.134171 -0.0168473 0.831813 66 -0.197386 -0.00736795 0.796485 38 -0.214461 -0.0163182 0.870128 23
 -0.14375 -0.00845359 0.834331 60 -0.195272 -0.00821135 0.796901 32 -0.206602 -0.0141177 0.865585 25
 -0.151282 -0.00834655 0.839813 64 -0.207344 -0.00861677 0.864321 44 -0.192036 -0.00176135 0.800899 29
 -0.184681 0.00358061 0.823199 34 -0.132781 0.0257466 0.83254 27 -0.143553 -0.0083026 0.83503 26
 -0.142904 -0.0525123 0.80615 86 -0.1355 0.00891872 0.823496 49 -0.113936 -0.0247203 0.837357 20
 -0.149583 -0.0379225 0.800523 101 -0.138019 -0.00700799 0.836693 29 -0.102236 -0.0160418 0.86675 22
 -0.149604 -0.0288174 0.80509 60 -0.151814 0.00601103 0.828946 53 -0.149958 0.00899825 0.831149 26
 -0.157305 -0.0175803 0.808097 79 -0.119963 -0.00365222 0.846501 37 -0.127741 0.00201467 0.842199 27
 -0.172833 -0.0080745 0.814528 117 -0.146088 -0.0143929 0.835653 40 -0.150767 -0.0221305 0.886916 15
 -0.156381 0.00263936 0.823288 65 -0.186591 0.00158701 0.826519 61 -0.115735 -0.0197652 0.813762 29
 -0.230574 -0.00119406 0.804855 41 -0.129308 -0.0570869 0.808548 33 -0.0924998 -0.00704989 0.921858 29
 -0.125978 0.00709186 0.836884 114 -0.129983 -0.043492 0.805023 38 -0.124032 -0.0269011 0.836227 21
 -0.131268 0.00982701 0.838391 130 -0.1251 -0.0127345 0.846616 56 -0.117304 -0.0353937 0.815422 12
 -0.128323 -0.0236976 0.842876 38 -0.150271 0.0187664 0.832767 36 -0.140861 0.0207672 0.838382 32
 -0.152026 0.00278433 0.821944 76 -0.148725 -0.0218198 0.886025 53 -0.118972 -0.000541543 0.865011 28
 -0.136645 0.00441953 0.84153 75 -0.147209 0.0204139 0.838792 42 -0.181282 0.0092377 0.823543 22
 -0.0949404 -0.00354741 0.873782 51 -0.0953901 -0.000930331 0.921865 33 -0.208879 -0.0253588 0.777534 22
 -0.202045 -0.0233893 0.763602 66 -0.104781 -0.0440061 0.961881 27 -0.0976608 -0.0314851 0.936814 18
 -0.210809 -0.0187467 0.779139 54 -0.118477 0.00968683 0.865736 52 -0.099346 -0.0245429 0.937316 45
 -0.11978 0.0166512 0.873246 54 -0.107522 -0.00550078 0.856022 52 -0.176109 -0.000132323 0.814626 43
 -0.141203 0.00795283 0.839459 73 -0.179605 0.00335748 0.809885 48 -0.107761 -0.00648032 0.85447 23
 -0.181071 0.00250225 0.832064 44 -0.173624 -0.00516456 0.82847 40 -0.117783 -0.000554561 0.857428 37
 -0.0871838 -0.0352569 0.959785 49 -0.0830361 -0.0171034 0.924878 38 -0.104945 -0.04298 0.811432 24
 -0.117045 -0.0477298 0.820684 62 -0.0993402 -0.0094223 0.928753 40 -0.132613 0.00937045 0.841802 34
 -0.119093 0.00790157 0.88369 90 -0.110362 -0.00199874 0.918886 30 -0.111446 -0.0401451 0.94772 20
 -0.11345 0.00119446 0.887682 118 -0.132941 -0.0414647 0.815726 36 -0.125093 -0.046116 0.95566 31
 -0.111135 -0.0053376 0.883997 36 -0.226361 -0.0287636 0.875232 33 -0.150758 -0.035098 0.804766 20
 -0.198385 -0.00919238 0.87536 30 -0.141312 -0.0217937 0.888302 6 -0.181281 -0.0266726 0.871804 6
 -0.198676 -0.00643983 0.871672 37 -0.11194 -0.00680508 0.846622 34 -0.141872 -0.0165599 0.887661 34
 -0.115293 -0.0146921 0.856552 42 -0.132907 0.00429456 0.861602 2 -0.138025 -0.0299166 0.804127 1
 -0.133574 -0.0220313 0.816017 29 -0.159682 -0.0274671 0.812475 20 -0.18353 0.00681652 0.790662 14
 -0.13987 -0.0205558 0.837567 45 -0.190178 -0.0145678 0.869703 42 -0.16362 -0.0229832 0.885911 35

 -0.149896 0.00742826 0.825277 77 -0.182037 0.00996856 0.837856 6
