 -0.0564464 0.0243272 0.961782 87 -0.042577 -0.0858927 1.01392 55 -0.123617 -0.0263413 1.03533 53
 -0.0575778 0.0137888 0.965523 81 -0.0508892 -0.0782885 1.01204 72 -0.122943 -0.0333571 1.03726 41
 -0.08436 -0.0618569 1.02512 56 -0.108984 -0.0547956 1.04525 45 -0.0566889 -0.00121478 0.975513 35
 0.00637028 -0.0534625 1.02591 59 -0.0399552 -0.0259926 0.979302 45 -0.075731 -0.0553752 1.02461 33
 -0.0015459 -0.0618929 1.02505 60 -0.0844945 -0.0630965 1.00095 46 -0.0366236 -0.0257765 0.985512 25
 -0.112991 -0.077824 1.04942 44 -0.0433018 -0.0496071 0.992745 33 -0.08275 -0.0593946 1.0309 33
 -0.0521896 0.0121742 0.966362 62 -0.0139401 0.0229341 0.952446 60 -0.0391952 -0.0671431 1.00692 56
 -0.0564358 -0.00318794 0.975999 113 -0.0266066 0.00725467 0.960319 42 -0.048614 -0.0635877 1.00283 18
 -0.0270014 -0.00631689 0.969345 73 -0.0578805 -0.0163404 0.98685 46 -0.0380689 -0.0490388 0.998664 32
 -0.0544956 -0.0315783 0.99479 45 -0.0235179 -0.00409073 0.965284 42 0.00419001 0.00984894 1.00272 40
 -0.0532721 -0.04879 0.99427 65 -0.0582997 -0.0320529 0.993411 45 -0.019162 -0.0265822 0.993508 21
 -0.0561568 -0.0581999 1.01683 117 -0.0312961 -0.0519886 1.004 29 -0.00514555 -0.0381559 1.01149 23
 -0.0122473 0.021368 0.954733 129 0.00713238 0.0122695 0.998618 43 -0.050671 0.0255146 0.963868 11
 -0.0173864 0.00552905 0.960333 164 0.0016444 0.00376493 0.996522 34 -0.0368415 -0.0686577 1.00486 2
 -0.0198912 -0.0107159 0.968871 173 -0.0054516 -0.00472872 0.997613 26 -0.054158 0.00912093 0.967728 1
 -0.0237568 -0.0156047 0.974883 150 -0.01635 0.0158189 0.961917 18 0.00644629 -0.0130542 0.997257 12
 -0.0272772 -0.0410151 1.0004 48 -0.0210459 -0.0270892 0.993175 45 -0.0225413 -0.0313768 0.994392 38
 -0.0305574 -0.0472649 1.00459 113 -0.0501621 -0.0602843 1.0136 75 -0.0317863 0.000313507 0.97203 5
 0.00929069 0.0138305 0.998961 92 -0.00469506 0.0190948 0.952146 43 -0.131283 -0.0221732 1.03208 38
 0.00549601 0.00520338 1.00079 117 -0.0104979 0.00937688 0.956174 40 -0.125495 -0.0296857 1.04035 29
 0.00334912 0.0163236 1.00494 100 -0.0615768 -0.000274701 0.97736 37 0.00104397 -0.00974344 1.0001 30
 -0.0564026 -0.0127088 0.985216 91 -0.00181858 0.0235854 0.957453 45 -0.0134732 -0.0599779 1.02043 17
 -0.0539788 -0.0301299 0.99596 175 0.00770021 -0.0110742 0.999512 8 -0.00020814 -0.0414384 1.0413 7
 -0.0583434 -0.0546221 1.01562 148 -0.02074 -0.0501581 1.01279 32 -0.0314726 -0.0225201 0.983396 9
 0.0354132 -0.0207827 1.03224 97 -0.129524 -0.0225486 1.03565 94 -0.0311199 -0.0046675 0.950557 4
 -0.116079 -0.0361065 1.04414 112 0.023849 -0.0409602 1.02873 77 -0.0192113 -0.00941703 0.967119 6
 -0.105645 -0.058623 1.04491 103 0.015152 -0.0492622 1.03448 68 -0.0106169 -0.000450141 0.989021 7
 -0.096976 -0.0691977 1.04985 107 -0.00693385 -0.0563633 1.02799 59 -0.0636586 -0.165199 1.08177 11
 -0.00803481 -0.0542553 1.02595 198 -0.0433802 -0.124537 1.04903 2
 -0.0184064 -0.0810628 1.02005 50 -0.0185028 -0.0762359 1.01781 49 -0.0200027 -0.0718169 1.01541 37
 -0.0582107 -0.123894 1.05218 198 -0.0463257 -0.0625032 1.00628 1 -0.0537634 -0.0875525 1.02866 1
 -0.0741869 -0.133419 1.07267 17 -0.0732481 -0.0724795 1.04137 12 -0.0682481 -0.156943 1.07811 11
 -0.0377733 -0.0692514 1.02037 200
 -0.068353 -0.0769309 1.00811 114 -0.0485972 -0.0170588 0.991607 34 -0.0389157 -0.0886116 1.02701 15
 -0.0493191 -0.0878902 1.03365 180 -0.0651124 -0.111068 1.05663 20
 -0.0592674 -0.133652 1.0599 168 -0.0601457 -0.0653212 1.02271 27 -0.0334172 -0.0820232 1.02367 2
