 0.0349126 0.147476 1.06529 90 0.0783727 0.0773411 1.02071 24 -0.1252 0.0727543 1.1294 21
 0.0267875 0.139236 1.06799 121 0.0580539 0.0756021 1.03448 34 -0.126446 0.0604539 1.12815 19
 -0.0455732 0.0516717 1.04671 37 0.0170439 0.130128 1.07337 37 -0.0114833 0.105123 1.0647 33
 0.00831127 0.122708 1.07651 56 -0.0176551 0.113382 1.06205 36 -0.0370508 0.0452967 1.05208 35
 0.00388064 0.11438 1.06451 152 -0.0221887 0.101011 1.06746 32 -0.103409 0.0474945 1.08659 6
 -0.00719886 0.104438 1.06815 159 -0.0460889 0.0337729 1.06545 17 -0.062644 0.0679847 1.07213 7
 0.0335434 0.141874 1.06589 34 -0.0140119 0.0190073 1.02149 31 0.063714 0.110079 1.0494 26
 -0.0848725 0.0704205 1.09248 69 0.0607869 0.104296 1.05224 67 0.0190359 0.131172 1.07269 19
 0.0518914 0.101469 1.05596 90 -0.0534036 0.0474083 1.06229 76 -0.00753146 0.107522 1.06185 14
 0.0405142 0.0986502 1.05947 141 -0.0110211 0.096364 1.06505 18 -0.0288796 0.0710004 1.05937 16
 0.0278099 0.0641038 1.05846 54 0.0375475 0.100614 1.06723 38 -0.0372071 0.0686433 1.05285 32
 0.0135369 0.0901233 1.07032 167 0.055024 0.0882153 1.04076 22 -0.0240575 0.0499319 1.06326 5
 0.0354858 0.146866 1.06336 82 0.088161 0.0708402 1.0161 53 0.0724566 0.116433 1.04179 29
 0.0266631 0.131996 1.07006 148 0.0720088 0.0723183 1.02443 42 -0.00307796 0.0872928 1.05942 5
 0.018703 0.110258 1.07251 179 -0.00627203 0.0563061 1.07065 9 0.0611808 0.10793 1.04964 6
 0.0103519 0.0817058 1.06735 86 0.0139114 0.121367 1.07237 47 -0.00623514 0.110542 1.06476 36
 0.00255333 0.0818315 1.06798 110 0.0327038 0.0722411 1.06377 77 0.0176074 0.124528 1.07623 9
 0.00768814 0.0693901 1.06933 134 0.0660497 0.0956094 1.05944 22 0.0444742 0.089722 1.05778 15
 0.0833162 0.0732695 1.01611 67 0.0707391 0.11753 1.04381 47 0.0344641 0.14926 1.06311 45
 0.0290932 0.139695 1.07053 82 0.0766451 0.0720635 1.01691 67 0.0321862 0.0668261 1.07034 20
 0.0581551 0.0873515 1.03295 115 0.0162396 0.130342 1.07404 33 0.0210825 0.0327153 1.01751 16
 0.014444 0.124467 1.07228 66 0.0525472 0.0768442 1.04027 51 0.0767951 0.126049 1.03744 16
 0.0114777 0.0344621 1.0561 75 0.0413336 0.0724889 1.05948 61 -0.0391051 0.0834969 1.06211 24
 -0.0128104 0.0924214 1.06848 63 0.0059623 0.0428206 1.04884 46 0.0205573 0.0600829 1.06512 30
 0.0804707 0.0757658 1.01809 150 0.00422482 0.0179304 0.987704 36 0.0819701 0.122833 1.04353 9
 0.0710563 0.103935 1.0337 95 0.000590632 0.0236111 1.01069 57 0.0568404 0.0734197 1.04445 36
 0.0578009 0.0851413 1.0334 103 0.0430698 0.0646062 1.05622 38 -0.00923975 0.0284519 1.03479 16
 0.00814657 0.0341533 1.00683 61 -0.0252222 0.0204379 1.05182 53 0.0536314 0.079805 1.03542 52
 -0.0228328 0.029064 1.04883 58 0.00720545 0.0418044 1.0005 37 -0.0265222 0.0290858 1.05191 37
 -0.0570181 0.0405508 1.0719 153 0.0145375 0.0585248 1.06617 47
 -0.0720067 0.066149 1.08951 154 -0.0372257 0.0785152 1.07262 18 -0.0382864 0.0390437 1.05581 13
 -0.0533444 0.0767003 1.0757 21 -0.0732672 0.0288593 1.10774 15 -0.0437965 0.0348638 1.06913 1
 -0.00266545 0.0731098 1.07526 126 -0.0547869 0.0646266 1.07359 6 0.0344508 0.115691 1.06813 3
 -0.0404639 0.0835743 1.06193 147 -0.00793822 0.0523692 1.06573 43 -0.0524606 0.0452329 1.06832 4
 -0.0236497 0.043285 1.05516 3 -0.119995 0.0564924 1.10914 3 -0.0347564 0.07163 1.07179 2
 -0.0918776 0.0590313 1.10632 14 -0.096061 0.0639703 1.11034 12 -0.0887668 0.0556857 1.10331 7
