 0.00102582 -0.0824617 0.979268 86 0.0713664 -0.0528304 0.949321 79 0.0955571 -0.0959552 0.949947 27
 0.0584856 -0.0513066 0.94543 97 -0.00395736 -0.0818043 0.980438 75 0.0900415 -0.101002 0.95395 7
 0.0432067 -0.0528566 0.943762 101 0.000443129 -0.0777999 0.979428 59 0.00636562 -0.0495968 0.971576 34
 0.000636299 -0.066022 0.979587 73 0.0393691 -0.0713113 0.948734 69 0.0230795 -0.0403411 0.972118 49
 0.0210581 -0.081816 0.960232 69 0.0628475 -0.110962 0.966667 51 -0.00611111 -0.0770856 0.974174 43
 0.0481409 -0.116131 0.976459 61 0.00932377 -0.0615412 0.973558 57 -0.00870246 -0.0758401 0.990611 33
 0.0273967 -0.0870617 0.968763 104 0.0711725 -0.0522791 0.945502 31 0.0730011 -0.04111 0.955054 21
 0.0585738 -0.0387287 0.956147 102 0.0206777 -0.0588165 0.970751 98
 0.0519704 -0.0621044 0.948551 123 0.021792 -0.0653701 0.975477 47 0.0411211 -0.0453486 0.974482 28
 0.0539896 -0.0668019 0.952843 75 0.0319041 -0.0436382 0.979581 50 0.0593265 -0.0623803 0.948734 34
 0.0323296 -0.0560034 0.971161 45 0.0482712 -0.0673035 0.95291 37 0.0357481 -0.081117 0.965174 37
 0.0436559 -0.0815991 0.96175 137 0.00971759 -0.071755 0.978259 18 0.0191597 -0.0565475 0.978078 15
 0.0774034 -0.052831 0.95015 104 0.0527324 -0.0375322 0.97958 57 0.0721217 -0.0267754 0.957678 31
 0.0798002 -0.0532211 0.942669 71 0.0519711 -0.0410691 0.943386 31 0.0544376 -0.0643644 0.952266 29
 0.0461883 -0.0455908 0.980549 136 0.0479355 -0.0592781 0.950905 27 0.0587334 -0.0781813 0.951723 19
 0.0473854 -0.0360389 0.991887 104 0.0385499 -0.0495629 0.95085 36 0.069833 -0.0726857 0.949218 29
 0.0333404 -0.0605751 0.962011 189 0.0755976 -0.0634593 0.957648 9 0.0462598 -0.0379094 0.994664 2
 0.0218399 -0.0614727 0.975619 104 0.0358168 -0.0670929 0.965352 89 0.0410296 -0.0327814 0.991627 4
 0.0779933 -0.0228195 0.950302 83 0.095533 -0.0998713 0.953589 60 0.0912327 -0.0405883 0.942569 26
 0.0736745 -0.031852 0.950006 93 0.0826712 -0.101721 0.95947 40 0.0799509 -0.0432089 0.94632 31
 0.0708478 -0.0461815 0.951437 130 0.0686756 -0.104983 0.964444 30 0.0559349 -0.0377693 0.976985 16
 0.0712443 -0.0333578 0.956485 97 0.0552688 -0.0750078 0.95646 41 0.053585 -0.104516 0.971153 28
 0.0293238 -0.0518379 0.971819 102 0.0425611 -0.060116 0.961234 28 0.0393187 -0.124633 0.988162 23
 0.025269 -0.0535782 0.982593 94 0.045303 -0.0684214 0.960359 15 -0.00469436 -0.129506 1.02829 3
 0.100496 -0.100944 0.95118 111 0.087845 -0.0490606 0.945858 69 0.0756597 -0.0262931 0.961184 14
 0.0816345 -0.0974091 0.964434 121 0.070522 -0.0366837 0.956999 58 0.0327939 -0.0420792 0.98444 13
 0.0747127 -0.104949 0.968385 155 0.0565724 -0.0749479 0.9548 30 0.0154154 -0.201588 1.06625 6
 0.0501729 -0.10491 0.976926 154 0.0726357 -0.105849 0.971909 16 0.0585185 -0.0777944 0.958009 9
 0.0379112 -0.114779 0.987419 178 0.0788957 -0.0410138 0.95936 12 0.0554932 -0.0592375 0.946248 10
 0.0128148 -0.149127 1.02741 81 0.0292023 -0.111878 0.98315 65 0.021031 -0.1107 0.987271 54
 -0.00938867 -0.146612 1.03544 159 -0.00690325 -0.117605 1.01932 40 -0.00991776 -0.123276 1.02529 1
 0.00463059 -0.143711 1.03227 46 -0.0180575 -0.179857 1.06149 1 -0.0184418 -0.140679 1.04665 1
 0.0200575 -0.0916561 0.98089 25 0.0348053 -0.0729867 0.970219 25 0.0265437 -0.0818191 0.975013 4
 0.0282417 -0.109927 0.985506 66 0.0273755 -0.0743301 0.97532 44 0.0282801 -0.127735 1.00128 34
 0.00645357 -0.105574 1.00198 143 0.0264032 -0.0759684 0.972896 42 0.0226341 -0.0790567 0.975792 6
 -0.01779 -0.148866 1.04785 72 -0.00793506 -0.142134 1.02713 64 0.0187778 -0.0753525 0.975261 33
