 -0.128979 -0.0562024 0.875058 87 -0.15433 -0.0700793 0.913558 43 -0.169607 -0.0644583 0.925961 41
 -0.136591 -0.0554519 0.883077 85 -0.166414 -0.071804 0.924698 54 -0.154552 -0.0627151 0.915771 49
 -0.157428 -0.0670039 0.921426 145 -0.133771 -0.120373 0.948184 23 -0.157225 -0.103935 0.941256 20
 -0.163223 -0.0731766 0.926645 179 -0.125907 -0.118229 0.9287 20 -0.15673 -0.111302 0.923624 1
 -0.163694 -0.0756901 0.929729 146 -0.13483 -0.112042 0.936993 23 -0.137502 -0.104811 0.940312 15
 -0.160184 -0.0764075 0.930785 147 -0.15616 -0.100842 0.93311 25 -0.177387 -0.114636 0.938898 24
 -0.122613 -0.0497459 0.877862 167 -0.136932 -0.112277 0.943373 16 -0.136956 -0.0573157 0.916264 15
 -0.124636 -0.0464776 0.884143 133 -0.138128 -0.0624067 0.927107 40 -0.14273 -0.0978961 0.93932 15
 -0.139192 -0.0781553 0.935722 159 -0.100044 -0.0861079 0.929523 16 -0.112273 -0.0563754 0.876039 13
 -0.123222 -0.0782136 0.943065 78 -0.147014 -0.0638047 0.923639 68 -0.138904 -0.0772413 0.934745 13
 -0.145594 -0.108926 0.942566 174 -0.15705 -0.0547371 0.906216 13 -0.155165 -0.0573649 0.91041 8
 -0.164157 -0.0955031 0.937383 91 -0.121127 -0.118585 0.924782 54 -0.153907 -0.0706048 0.927562 27
 -0.118316 -0.0371168 0.883035 160 -0.116807 -0.0387727 0.877658 39 -0.120099 -0.0795532 0.927123 1
 -0.115084 -0.0499163 0.873066 140 -0.124395 -0.0581911 0.925844 36 -0.133339 -0.104331 0.924504 19
 -0.131948 -0.0732021 0.936716 114 -0.119485 -0.0635812 0.879513 72 -0.114059 -0.0373028 0.911116 13
 -0.138133 -0.0695638 0.931061 163 -0.13363 -0.0878557 0.944476 10 -0.122053 -0.042189 0.899444 7
 -0.1317 -0.0782587 0.943889 196 -0.121201 -0.0612603 0.878405 4
 -0.135559 -0.0815733 0.949919 183 -0.118494 -0.0485985 0.8921 9 -0.137506 -0.100413 0.918912 5
 -0.0957605 -0.0425412 0.882645 188 -0.0989672 -0.0587303 0.937971 9 -0.0885783 -0.119858 0.877514 1
 -0.101142 -0.0512655 0.886775 109 -0.101756 -0.0605912 0.937608 91
 -0.109568 -0.0755445 0.943068 160 -0.125621 -0.0395343 0.886077 21 -0.109634 -0.0577852 0.878256 13
 -0.112458 -0.0629883 0.941192 87 -0.103456 -0.0827909 0.950458 43 -0.123917 -0.0292479 0.899231 23
 -0.113925 -0.0756511 0.947756 192 -0.119 -0.110728 0.933572 4 -0.11129 -0.0587788 0.880709 4
 -0.112574 -0.0855059 0.956242 40 -0.113491 -0.097129 0.938539 4 -0.144279 -0.0760342 0.92644 3
 -0.106813 -0.0395693 0.885559 171 -0.0825488 -0.111437 0.876094 20 -0.111466 -0.133247 0.927911 4
 -0.111264 -0.0845316 0.949765 90 -0.10904 -0.0581302 0.877199 41 -0.0966907 -0.0969375 0.877819 20
 -0.112624 -0.0931794 0.93077 136 -0.109721 -0.0925899 0.925722 48 -0.0984027 -0.0944817 0.87995 8
 -0.109781 -0.102861 0.935913 157 -0.115638 -0.0927213 0.94598 26 -0.0928218 -0.09768 0.886967 10
 -0.122788 -0.0977337 0.941388 61 -0.12004 -0.117096 0.932616 50 -0.175375 -0.110141 0.948285 33
 -0.139946 -0.114971 0.947812 62 -0.120217 -0.0902345 0.925721 4
 -0.158124 -0.111596 0.946725 184 -0.157732 -0.148254 0.988054 6 -0.143214 -0.0885 0.941687 5
 -0.152814 -0.119093 0.951696 11
 -0.163085 -0.0968393 0.937481 24 -0.139782 -0.0715439 0.933788 1
 -0.173319 -0.090471 0.940534 99 -0.156616 -0.102417 0.945027 69 -0.168242 -0.0944693 0.942215 18

 -0.144155 -0.125222 0.943316 101 -0.155018 -0.111652 0.94542 8 -0.145949 -0.0903935 0.929253 1
