 -0.21904 0.00193939 0.938773 138 -0.220002 -0.0325139 0.917109 18 -0.148865 -0.112528 0.984802 16
 -0.220066 -0.00953042 0.942933 155 -0.21791 -0.0445275 0.923872 24 -0.174823 -0.0807724 0.964098 9
 -0.215936 -0.0314975 0.914164 79 -0.222827 -0.034697 0.957566 38 -0.21716 -0.047502 0.929852 25
 -0.211583 -0.0440682 0.938229 55 -0.153991 -0.0903554 0.976566 39 -0.212369 -0.0385762 0.919164 33
 -0.207317 -0.0504532 0.944646 83 -0.205418 -0.0741614 0.962124 40 -0.21547 -0.03887 0.920287 25
 -0.204995 -0.0708357 0.954148 142 -0.168327 -0.1125 0.973178 32 -0.213357 -0.0496286 0.925949 13
 -0.227796 -0.0204245 0.893476 76 -0.21193 0.000877317 0.939915 27 -0.177666 -0.00847236 0.928254 21
 -0.226436 -0.0317264 0.905387 87 -0.182008 -0.0236758 0.934709 28 -0.216197 -0.0369174 0.949631 18
 -0.172468 -0.0710371 0.963298 55 -0.182929 -0.0366015 0.938745 29 -0.205245 -0.057494 0.948726 29
 -0.166038 -0.0673526 0.96675 65 -0.220311 -0.0239318 0.957333 29 -0.193295 -0.0411499 0.938903 25
 -0.210759 -0.0592274 0.949871 39 -0.177975 -0.0602953 0.958699 38 -0.178435 -0.0471553 0.946547 30
 -0.187511 -0.0514656 0.948946 47 -0.188258 -0.0626064 0.954181 46 -0.183158 -0.0700413 0.961504 44
 -0.172858 -0.00418414 0.924929 139 -0.214394 0.000808633 0.940559 40 -0.235208 -0.0193699 0.892903 15
 -0.178196 -0.0151123 0.929208 106 -0.144617 -0.0286997 0.966706 58 -0.229867 -0.023243 0.898067 19
 -0.183954 -0.0301023 0.936223 93 -0.219869 -0.0267215 0.955967 82 -0.156124 -0.0449323 0.968433 11
 -0.21774 -0.0358679 0.964417 94 -0.183826 -0.0460437 0.941299 47 -0.167443 -0.0410271 1.00944 22
 -0.184643 -0.037529 0.945427 54 -0.181252 -0.0288271 0.938312 48 -0.198596 -0.0418929 0.98298 27
 -0.190436 -0.0481945 0.952075 61 -0.175211 -0.0607955 0.972417 51 -0.179008 -0.0853539 0.964111 43
 -0.144836 -0.0173899 0.961603 199 -0.236384 -0.0171956 0.941914 1
 -0.149416 -0.029246 0.966853 199 -0.230789 -0.0263686 0.950812 1
 -0.151574 -0.041536 0.965456 119 -0.219498 -0.0350496 0.955625 44 -0.220665 -0.0475623 0.924465 8
 -0.152578 -0.0532173 0.966121 46 -0.15482 -0.03137 0.968669 31 -0.14089 -0.091478 0.992906 28
 -0.158751 -0.0389855 0.9678 79 -0.209598 -0.0371639 0.976029 36 -0.212767 -0.0531871 0.944036 30
 -0.152108 -0.0702665 0.976289 43 -0.188867 -0.0799864 0.944812 38 -0.176422 -0.0416223 0.945813 25
 -0.143532 -0.0227145 0.964717 117 -0.165984 -0.18446 1.06945 42 -0.213487 -0.0422572 0.921702 21
 -0.158019 -0.0392574 0.971357 74 -0.159383 -0.156404 1.01892 35 -0.141416 -0.171658 1.04662 35
 -0.164964 -0.0796532 0.968731 112 -0.154372 -0.131523 1.02938 43 -0.166654 -0.151022 1.03797 17
 -0.170659 -0.0812806 0.966869 24 -0.124873 -0.12572 1.00451 22 -0.151359 -0.082028 0.981413 19
 -0.15373 -0.0893749 0.985784 157 -0.146455 -0.138282 1.03173 20 -0.175327 -0.0478306 0.962131 18
 -0.161421 -0.0870115 0.973173 168 -0.15667 -0.112841 0.996403 21 -0.155885 -0.110104 0.991119 5
 -0.158276 -0.127354 1.02267 131 -0.164533 -0.100258 0.980105 22 -0.164521 -0.104144 0.984319 22
 -0.138974 -0.126968 1.03 41 -0.169573 -0.0841742 0.967895 3 -0.162175 -0.0798537 0.987601 1
 -0.174056 -0.109071 1.00173 34 -0.174967 -0.0949967 0.980957 17 -0.19633 -0.0448117 0.943909 10
 -0.21055 -0.0602769 0.956102 76 -0.186919 -0.105426 0.976495 66 -0.189941 -0.0809239 0.962871 35
 -0.167976 -0.103815 0.98967 48
 -0.182253 -0.125135 1.02265 13 -0.207345 -0.0474021 0.946817 10 -0.214541 -0.0368771 0.969555 3
