 -0.184514 0.0414896 1.03321 189 -0.112593 0.0841019 1.00086 7 -0.109379 -0.0557662 1.03075 4
 -0.181248 0.0307708 1.03388 196 -0.119782 -0.0521977 1.02386 4
 -0.17631 0.0154094 1.03584 199 -0.141419 0.0592598 1.02587 1
 -0.171493 0.00667147 1.03733 198 -0.129204 0.0671469 1.02526 2
 -0.165261 0.00278516 1.03526 198 -0.124304 -0.00362806 1.03235 1 -0.136498 0.0678642 1.0341 1
 -0.157463 -0.0106262 1.03474 191 -0.16412 -0.0486693 1.02771 8 -0.120903 -0.0189049 1.03046 1
 -0.143117 0.0719019 1.02587 164 -0.108751 0.0621657 1.01341 34 -0.113204 -0.0268229 1.02937 1
 -0.146596 0.0582768 1.03056 192 -0.112924 0.0653453 1.01495 5 -0.140782 -0.0265138 1.02947 3
 -0.145288 0.0416932 1.03678 179 -0.143895 -0.00761975 1.02758 17 -0.0982526 0.0190565 0.975659 4
 -0.144685 0.0301778 1.03913 195 -0.0895071 0.0264613 0.979158 4 -0.11275 0.0428555 1.02662 1
 -0.136668 0.0190361 1.04318 197 -0.154639 -0.0213746 1.02881 2 -0.0994869 -0.0216968 1.03138 1
 -0.128598 0.000945485 1.04199 193 -0.138411 0.0393519 1.04004 6 -0.129626 -0.0652456 1.02697 1
 -0.111107 0.0733002 1.008 158 -0.143786 0.0744829 1.02656 42
 -0.115333 0.0610157 1.02079 199 -0.0911925 0.0313361 0.979074 1
 -0.120018 0.0452706 1.03031 188 -0.0997551 -0.0146162 1.04293 7 -0.10546 -0.103712 1.04329 3
 -0.117672 0.0464141 1.0303 133 -0.130101 0.0145059 1.04105 28 -0.138287 -0.0152829 1.02454 22
 -0.117032 0.0289144 1.04196 184 -0.112623 0.00142781 1.03728 14 -0.0946357 -0.0316824 1.02287 2
 -0.11503 0.00425716 1.04633 200
 -0.109651 0.0729534 1.00767 111 -0.0642226 0.00803434 0.975537 60 -0.141079 0.0683335 1.02756 14
 -0.112027 0.0623332 1.01469 124 -0.0740851 0.0104273 0.980564 68 -0.156466 0.0645309 1.02509 5
 -0.071591 -0.0167562 0.99415 66 -0.117825 0.0554048 1.02617 51 -0.133795 0.0637527 1.03028 40
 -0.0663921 -0.0339617 1.01108 101 -0.116091 0.0633724 1.02606 24 -0.139546 0.0492556 1.03197 24
 -0.0930351 0.0193719 1.03496 159 -0.118818 0.0419412 1.03885 34 -0.087843 -0.0235256 1.01581 3
 -0.105243 -0.00295796 1.0416 164 -0.132074 0.0372007 1.03113 25 -0.0877681 0.0278809 0.995701 5
 -0.0657017 0.00725642 0.972343 159 -0.105049 0.0680425 1.01542 24 -0.0689921 -0.00913625 1.01957 17
 -0.0725252 -0.00886707 0.991256 194 -0.113213 -0.104894 1.04515 4 -0.120309 0.055386 1.03157 1
 -0.0736511 -0.0274695 1.00948 198 -0.0859744 -0.0803302 1.05166 2
 -0.0761906 -0.0388546 1.01582 161 -0.0953529 -0.00422849 1.04511 31 -0.125347 -0.107599 1.06389 3
 -0.0824222 -0.0566872 1.02303 190 -0.124037 -0.0734868 1.03088 10
 -0.0943322 -0.077785 1.03452 83 -0.0970359 -0.0632078 1.02591 56 -0.0962414 -0.0681526 1.02857 31
 -0.112388 -0.0907164 1.03998 99 -0.11711 -0.0932917 1.04356 41 -0.136106 -0.0523799 1.02393 38
 -0.0973144 -0.0840983 1.04615 50 -0.130232 -0.125246 1.06947 3 -0.138566 -0.0900333 1.03475 3
 -0.116799 -0.00940559 1.04515 183 -0.117797 0.0412282 1.04579 11 -0.149181 0.0249491 1.05217 5
 -0.133422 -0.0366025 1.03014 180 -0.141873 -0.00266541 1.04004 12 -0.139832 -0.00947494 1.03775 8

 -0.117304 -0.0932187 1.04361 85 -0.139206 0.0798668 1.0311 4 -0.110316 -0.0377351 1.03595 2
