 -0.010663 -0.0116264 0.881913 85 -0.140925 -0.0311402 1.00848 38 -0.0537881 -0.04318 0.886503 35
 -0.137834 -0.0364671 1.01366 48 -0.0580256 -0.0330741 0.887904 38 -0.0190289 -0.0136359 0.894891 27
 -0.0997332 -0.0372571 0.928683 69 -0.135527 -0.0352608 1.01636 62 -0.0459474 -0.0510212 0.88528 16
 -0.0981999 -0.0310949 0.939338 88 -0.13366 -0.0356038 1.02425 49 -0.0480593 -0.0473851 0.896772 14
 -0.099107 -0.0255828 0.949376 84 -0.0956498 -0.0267684 0.943149 39 -0.0782354 -0.00805346 0.911781 25
 -0.100871 -0.0187882 0.952424 78 -0.0815858 -0.00544185 0.929895 47 -0.101253 -0.0557761 1.03999 15
 -0.0687309 -0.0327672 0.932492 68 -0.0556097 -0.0705178 0.907205 33 -0.0466169 0.00858901 0.943127 22
 -0.075572 -0.0138464 0.925899 20 -0.0347306 -0.000364491 0.913846 20 -0.0305543 0.000731541 0.891582 19
 -0.0741978 -0.00885293 0.928786 107 -0.0744532 -0.0409191 0.929634 25 -0.0611859 -0.0198183 0.902556 17
 -0.0747878 -0.0284128 0.929291 53 -0.0788996 -0.00845977 0.935413 30 -0.105521 -0.0111945 0.971425 28
 -0.0784352 -0.0189262 0.935585 137 -0.0683992 -0.0249378 0.909464 46 -0.0521846 -0.021243 0.959031 7
 -0.071578 -0.0101873 0.926154 42 -0.0483103 -0.018237 0.900243 28 -0.0582001 -0.0244455 0.94929 19
 -0.0398655 0.00849544 0.932645 66 -0.00902078 -0.0178255 0.881707 41 -0.0517474 -0.0694459 0.912086 28
 -0.0251923 -0.0155109 0.888173 50 -0.0424214 0.00660317 0.927144 47 -0.0444359 -0.0312752 0.95381 24
 -0.0456792 -0.0195846 0.956885 67 -0.0506381 -0.00462473 0.930418 61 -0.0487326 -0.00349621 0.936372 36
 -0.0475186 0.00696214 0.943832 69 -0.0621345 0.00139258 0.91885 25 -0.0401623 -0.016334 0.946338 14
 -0.040078 -0.0127741 0.954342 67 -0.044824 -0.0163129 0.896982 39 -0.0663247 -0.00833942 0.925238 37
 -0.0770331 -0.0219071 0.932867 88 -0.0970448 -0.0145613 0.958983 33 -0.0480897 -0.0147549 0.952129 25
 -0.0154242 0.00494561 0.894469 51 -0.00463514 -0.013387 0.879373 39 -0.0401733 0.0111364 0.936348 23
 -0.010302 -0.0159691 0.884093 32 -0.027773 -0.00193574 0.846066 25 -0.0420688 -0.0012081 0.941291 23
 -0.0236969 -0.0105981 0.893287 64 -0.0318783 -0.0211972 0.963156 38 -0.0295562 -0.0097531 0.941031 28
 -0.0396761 -0.0194601 0.956012 113 -0.0360979 -0.00795737 0.857124 15 -0.0769729 0.0180521 0.925831 12
 -0.0299863 -0.0233647 0.958498 106 -0.0711186 -0.00151982 0.930625 33 -0.0960037 -0.0177851 0.9395 22
 -0.0580862 -0.0316788 0.895419 51 -0.0753952 -0.00455136 0.942277 12 -0.0732915 -0.0298059 0.932096 10
 -0.00449616 -0.0191585 0.880072 117 -0.0293547 -0.0660647 0.884398 54 -0.0519854 -0.00221233 0.943061 11
 -0.0441776 -0.0619261 0.891207 97 -0.0208497 -0.0152961 0.889579 67 -0.0281522 -0.0205067 0.958538 21
 -0.0367301 -0.0193451 0.961721 45 -0.129814 -0.0602009 1.03977 40 -0.0586387 -0.05347 0.918237 32
 -0.067451 -0.049514 0.920618 40 -0.063932 -0.0516699 0.918625 28 -0.0227034 -0.0063957 0.88279 14
 -0.0765023 -0.0379002 0.925739 19 -0.0459346 -0.0292704 0.888532 13 -0.0566339 -0.0587222 0.923483 11
 -0.0734253 -0.0497234 0.926217 19 -0.0429608 -0.0281382 0.963232 13 -0.09257 -0.0501508 1.02785 11
 -0.0955214 -0.0224732 0.957156 64 -0.0917141 -0.013735 0.961334 60 -0.112678 -0.0272171 1.01352 37
 -0.0828706 -0.0324847 0.942618 7 -0.0871015 -0.019126 0.952144 1
 -0.0274582 -0.0263912 0.88978 1.55232
 -0.0756762 -0.0108546 0.923983 54 -0.0569516 -0.00325711 0.914503 45 -0.0700602 -0.0394536 0.930555 22
 -0.0271135 -0.00728616 0.918569 8 -0.0496665 0.001538 0.938098 2
 -0.0755679 -0.0391472 0.93147 30 -0.0823586 -0.013388 0.942619 20 -0.0653211 -0.00478194 0.930196 16
