 -0.0910916 0.0437436 0.954247 94 -0.109743 0.0221153 0.988865 39 0.0134227 0.0668463 0.988101 15
 -0.0988481 0.0417254 0.965029 145 -0.103034 0.0481618 0.932921 31 -0.109639 0.0289667 0.985965 9
 -0.0811294 0.0322806 0.973574 116 -0.109112 0.0411869 0.937492 33 -0.104618 0.0424425 0.962833 30
 -0.0894764 0.0378068 0.971148 54 -0.0795877 0.0387672 0.973704 40 -0.0746591 0.0400414 0.975129 38
 -0.0946865 0.0357241 0.977577 61 -0.115503 0.0401183 0.965944 46 -0.113176 0.0299748 0.982999 31
 -0.111908 0.0367573 0.980762 181 -0.109962 0.012218 1.01617 8 -0.0443788 0.037681 0.993907 3
 -0.0809879 0.0474669 0.958194 147 -0.0428461 0.0586105 0.938817 26 -0.0228286 0.0231074 1.01583 12
 -0.0841144 0.0497641 0.961258 100 -0.0735637 0.0294759 0.982121 36 -0.0608491 0.0426399 0.979646 29
 -0.0691095 0.0390397 0.980513 154 -0.0303154 0.0467642 1.00551 22 -0.10147 0.0208362 1.01808 16
 -0.0754514 0.0417907 0.983798 170 -0.0466486 0.0442659 0.983494 30
 -0.0866436 0.0376776 0.981407 107 -0.100298 0.0515052 0.94849 45 -0.0955368 0.0522472 0.946515 21
 -0.092658 0.0299226 0.996238 134 -0.0685954 0.0551397 0.962497 41 -0.0861877 0.0570552 0.958285 16
 -0.0630251 0.0528664 0.95575 134 -0.039404 0.0664122 0.939657 25 -0.108241 0.0434892 0.962713 16
 -0.0728277 0.0543336 0.956385 98 0.00687153 0.0517622 1.00237 36 -0.0458656 0.0599846 0.943221 19
 -0.0820308 0.0374317 0.972818 68 -0.0749168 0.0432702 0.961069 43 -0.0924063 0.0360228 0.968489 37
 -0.0717094 0.0388818 0.981816 85 -0.101639 0.045045 0.962374 49 -0.0352727 0.0433438 0.985151 35
 -0.0707622 0.0373115 0.991459 119 -0.0641383 0.0628614 0.951533 73 -0.0328032 0.048956 0.990462 6
 -0.0416844 0.0465357 0.99652 77 -0.0818228 0.0470781 0.984776 76 -0.107176 0.0306606 0.998403 10
 0.0196639 0.0525698 0.996657 76 -0.0214585 0.0233162 0.997418 63 -0.0506482 0.0576905 0.944897 61
 0.00453264 0.0453051 0.998906 133 -0.0302007 0.0269517 1.00006 31 -0.0369905 0.0143857 1.01599 16
 -0.0138184 0.0392555 1.00533 183 -0.0697723 0.0402313 0.955929 17
 -0.0640296 0.0532722 0.959355 155 -0.023947 0.0369552 1.00975 41 -0.0568353 0.001224 1.01335 3
 -0.0175813 0.0439222 1.00509 45 -0.0443231 0.0232737 1.01798 44 -0.0433827 0.054754 0.964995 41
 -0.0485177 0.0512873 0.994142 42 -0.0558822 0.00626552 1.02766 1 -0.03847 0.066754 0.95253 1
 0.0126764 0.0498788 0.998626 200
 -0.00561847 0.0431556 1.0036 200
 -0.0306351 0.031577 1.01341 200
 -0.0396592 0.0248573 1.01849 198 -0.0850718 0.0016906 1.03658 1 -0.0874549 -0.02818 1.0775 1
 -0.065981 0.0129374 1.02937 118 -0.0264069 0.0361532 1.01008 2 -0.0048839 0.0415807 1.01001 1
 -0.0693651 0.0130762 1.02356 58 -0.0719034 0.0108827 1.02723 48 -0.0494306 0.0304508 1.00789 28
 -0.109947 0.0138306 1.04505 144 -0.0909447 0.0358594 0.978636 14 -0.105604 0.0167957 1.01708 11
 -0.0804556 0.0143272 1.02315 2 -0.0881636 -0.0194104 1.08907 1
 -0.0715498 0.0338842 1.00946 25 -0.0922 0.0477283 0.983087 7 -0.0450504 0.0619803 0.99452 2
 -0.0974881 0.0309783 0.994006 187 -0.0464742 0.0392519 0.984105 10 -0.0340382 0.0519431 0.950158 1
 -0.0994478 0.0552566 0.94355 0.881721
 -0.087706 0.0274029 0.975131 9.37024
