 0.0499045 -0.132866 0.90466 112 0.126848 -0.141755 0.930153 25 0.0635299 -0.136275 0.92725 23
 0.0529575 -0.103438 0.902338 55 0.128703 -0.0908906 0.908289 34 0.0380547 -0.125981 0.919722 30
 -0.011269 -0.177693 0.969088 65 0.050876 -0.101614 0.908134 43 0.112078 -0.0853422 0.910941 25
 0.0537343 -0.103837 0.903873 43 0.0260149 -0.140332 0.915509 43 0.00975054 -0.176988 0.955513 36
 0.022806 -0.143378 0.917604 44 0.0438335 -0.126547 0.917459 36 0.00665742 -0.173134 0.956761 29
 0.0388481 -0.138081 0.917699 165 0.0731043 -0.138491 0.951607 12 0.049852 -0.159533 0.948318 6
 0.0653889 -0.0946118 0.897872 55 0.109109 -0.0818906 0.897465 50 0.0414771 -0.110916 0.920995 33
 0.0391799 -0.127734 0.920056 108 0.099251 -0.0900468 0.899938 28 0.0978686 -0.113711 0.936665 21
 0.0613249 -0.101991 0.900332 68 0.0370485 -0.133762 0.924637 39 0.0789509 -0.146565 0.961774 38
 0.0437125 -0.126993 0.918173 44 0.0754398 -0.156834 0.964292 43 0.0507984 -0.118335 0.910818 42
 0.0544625 -0.12105 0.924053 42 -0.0131209 -0.159036 0.97226 36 0.0419658 -0.140706 0.931509 31
 0.0556666 -0.143857 0.910156 79 0.0244354 -0.140203 0.925214 67 0.062054 -0.10354 0.908653 27
 0.132629 -0.0885497 0.903571 54 0.113113 -0.115218 0.941635 50 0.121481 -0.0823157 0.899637 35
 0.0909175 -0.0923315 0.885961 50 0.101272 -0.117195 0.941929 48 0.0484485 -0.178881 0.946836 43
 0.0687271 -0.117083 0.921038 83 0.0979621 -0.114211 0.947597 31 0.0784872 -0.10225 0.892529 26
 0.0522682 -0.120285 0.917603 49 0.0676156 -0.120364 0.927103 35 0.0976211 -0.106458 0.949607 32
 0.0653113 -0.140547 0.960094 68 0.0856994 -0.115167 0.9475 22 0.0844217 -0.124581 0.953932 21
 0.0378011 -0.136985 0.928765 73 0.0884418 -0.123181 0.968825 56 0.0687969 -0.125377 0.929705 37
 0.126438 -0.0843961 0.900482 115 0.131103 -0.142444 0.929815 82 0.126441 -0.112032 0.928279 3
 0.124125 -0.094768 0.908073 120 0.12208 -0.140789 0.940174 41 0.110072 -0.106795 0.941264 36
 0.101065 -0.157127 0.950318 59 0.0935074 -0.104758 0.948907 43 0.117388 -0.114976 0.943966 32
 0.118022 -0.124706 0.946813 53 0.103635 -0.0889452 0.906984 34 0.0814796 -0.0933182 0.892659 28
 0.0900903 -0.158177 0.96738 65 0.100205 -0.107993 0.950172 52 0.0442539 -0.131325 0.917869 18
 0.0708459 -0.136436 0.956611 10 0.0221316 -0.164888 0.943 8 0.0865599 -0.145049 0.972574 4
 0.129874 -0.149948 0.935398 98 0.12162 -0.0835322 0.900641 55 0.129778 -0.144838 0.933764 36
 0.111255 -0.154886 0.949693 137 0.11745 -0.090085 0.905215 43 0.089013 -0.103421 0.952162 8
 0.0963529 -0.158972 0.958912 171 0.122726 -0.134692 0.932743 19 0.110924 -0.114091 0.918478 7
 0.0793539 -0.166902 0.961907 182 0.104778 -0.125637 0.93775 11 0.108472 -0.14855 0.954241 4
 0.100533 -0.14569 0.95394 69 0.0505756 -0.16756 0.936763 41 0.0705859 -0.16919 0.958548 11
 0.0594018 -0.176112 0.955266 65 0.0643613 -0.151393 0.944713 56 0.0192722 -0.178013 0.9385 36
 0.00696435 -0.171919 0.965556 112 -0.000338717 -0.176956 0.971445 78 0.00336026 -0.174408 0.968421 9
 0.0710275 -0.144875 0.960815 5
 0.0519443 -0.139302 0.946302 14 0.0404564 -0.137917 0.924668 10 0.0803522 -0.136156 0.974064 2
 0.0345641 -0.149209 0.927753 55 0.0470733 -0.129197 0.918439 43 0.0714622 -0.102577 0.902276 26
 0.0271631 -0.136649 0.91934 24 0.128843 -0.106385 0.892702 13 0.0223561 -0.14748 0.941299 8
 0.00682265 -0.174453 0.966302 31 0.0527253 -0.150173 0.91567 4 0.0910381 -0.132859 0.95085 3
