 0.122626 -0.115069 0.901516 141 0.152651 -0.0666225 0.888346 25 0.184961 -0.101845 0.887137 11
 0.126668 -0.109471 0.897048 120 0.140903 -0.0711963 0.891331 59 0.179811 -0.0782688 0.900497 7
 0.134143 -0.101518 0.892059 81 0.113792 -0.0961936 0.904201 65 0.124734 -0.137295 0.908329 13
 0.108809 -0.0865845 0.91025 97 0.127213 -0.0890538 0.891399 48 0.0962108 -0.150641 0.950806 30
 0.112026 -0.0883394 0.907867 90 0.151775 -0.139132 0.908257 64 0.0878099 -0.151698 0.952664 30
 0.123965 -0.0832172 0.894277 86 0.111086 -0.0955361 0.907407 56 0.114872 -0.0933519 0.903269 28
 0.13835 -0.11335 0.905813 131 0.119544 -0.154059 0.919833 24 0.1813 -0.0907624 0.899401 23
 0.135096 -0.0994444 0.888802 164 0.113788 -0.139887 0.919243 22 0.105481 -0.0976295 0.906038 9
 0.129999 -0.0853642 0.91237 200
 0.124328 -0.0803355 0.918933 185 0.167315 -0.100229 0.888069 7 0.119937 -0.115821 0.898173 4
 0.132862 -0.0871449 0.899722 143 0.157379 -0.10584 0.901628 45 0.116674 -0.112673 0.894653 9
 0.124883 -0.0871334 0.91517 170 0.086268 -0.15287 0.973656 12 0.111502 -0.117196 0.909248 7
 0.183444 -0.102503 0.887025 198 0.133609 -0.116571 0.911838 2
 0.148377 -0.0817297 0.887066 148 0.171256 -0.100937 0.891263 41 0.142659 -0.102069 0.894208 11
 0.147312 -0.0888951 0.890899 178 0.148165 -0.0793573 0.913584 22
 0.144665 -0.0742944 0.886363 144 0.145604 -0.0727533 0.926066 54 0.149858 -0.0726562 0.906399 2
 0.141014 -0.0935064 0.897854 147 0.147904 -0.11527 0.919451 38 0.149384 -0.0761692 0.923608 10
 0.14203 -0.104989 0.903404 57 0.147865 -0.0742128 0.926862 50 0.159489 -0.084153 0.897367 34
 0.180551 -0.0874417 0.889105 200
 0.174878 -0.0888085 0.893316 192 0.177206 -0.110352 0.90491 8
 0.169719 -0.0780433 0.897163 193 0.17151 -0.113005 0.901039 7
 0.170175 -0.0689783 0.900045 197 0.180897 -0.117226 0.91093 3
 0.167403 -0.081673 0.896453 176 0.111769 -0.0885967 0.913387 23 0.117728 -0.122315 0.910874 1
 0.164938 -0.132151 0.913187 8 0.154279 -0.0829031 0.890043 3 0.095021 -0.116446 0.930733 1
 0.184488 -0.102703 0.893934 193 0.171978 -0.137631 0.906762 5 0.17226 -0.0771956 0.874493 2
 0.168579 -0.116192 0.908613 65 0.163124 -0.0841716 0.899044 37 0.172451 -0.0965843 0.898325 32
 0.175051 -0.0998508 0.892401 193 0.16012 -0.0737953 0.893133 6 0.164912 -0.0772934 0.892066 1
 0.167122 -0.113184 0.908668 158 0.167279 -0.0842761 0.902713 31 0.124362 -0.143342 0.916101 8
 0.128563 -0.146379 0.924868 89 0.149813 -0.136154 0.917665 52 0.145108 -0.13806 0.918764 25
 0.132695 -0.132094 0.913162 166 0.0998426 -0.15735 0.941257 32 0.109577 -0.153508 0.93438 1
 0.0870588 -0.161333 0.959636 152 0.130634 -0.129179 0.912762 43 0.136306 -0.0882645 0.906453 3
 0.0886382 -0.143081 0.967818 8 0.134663 -0.138479 0.921598 7
 0.122303 -0.112416 0.908655 57 0.145987 -0.109286 0.916468 16 0.0845046 -0.149514 0.96916 2
 0.121337 -0.101208 0.906807 112 0.148287 -0.123626 0.918776 45 0.152427 -0.0916062 0.891838 17
 0.120676 -0.110586 0.910241 33 0.0905403 -0.156378 0.96001 17 0.103422 -0.129178 0.937355 9
 0.0803333 -0.153004 0.967771 101 0.143572 -0.0753198 0.921025 16 0.104831 -0.131457 0.917057 9
