 0.00380279 -0.038725 0.861522 135 0.000457199 -0.0746069 0.901723 40 0.014927 -0.0886433 0.909389 10
 0.00433774 -0.0472949 0.864088 137 0.00245605 -0.0659667 0.893982 44 0.00201127 -0.0637806 0.890247 9
 -0.00185621 -0.0626154 0.893357 94 0.00419634 -0.0456243 0.867517 59 -0.00109885 -0.0602061 0.889458 41
 -0.00903924 -0.0552331 0.898464 145 -0.0190568 -0.131451 0.947349 28 0.0293915 -0.122588 0.922896 21
 -0.0106549 -0.0624258 0.906422 72 -0.0115025 -0.0548445 0.884524 70 -0.0117336 -0.0601215 0.901429 22
 -0.00218203 -0.0588519 0.901032 184 0.0030183 -0.0984166 0.918844 12 -0.0256981 -0.138619 0.948591 2
 0.0140175 -0.0388548 0.858065 75 0.0313615 -0.0219758 0.852007 72 0.019649 -0.045816 0.895412 28
 0.0289967 -0.0316414 0.854979 42 0.0177547 -0.066062 0.906565 38 0.0233872 -0.0346241 0.857086 34
 0.0154685 -0.0563378 0.902417 147 0.0130218 -0.0402138 0.868576 42 0.0123645 -0.0486246 0.881383 6
 0.00725297 -0.0480413 0.894844 121 0.0120706 -0.0328485 0.864254 21 0.0364753 -0.0411716 0.891941 16
 0.0224201 -0.0696681 0.912088 99 0.0151107 -0.0536843 0.903491 34 0.0256831 -0.102742 0.925302 27
 0.0133226 -0.0817276 0.921291 114 0.00594778 -0.0500991 0.900865 53 0.0257013 -0.111167 0.915501 9
 0.0370029 -0.0195338 0.84799 175 0.0357981 -0.0380728 0.89443 14 0.0762993 -0.0440714 0.872327 4
 0.0300562 -0.0318283 0.860207 103 0.0345498 -0.0353547 0.888099 71 0.0308174 -0.0332147 0.874014 9
 0.0337903 -0.0512466 0.902574 197 0.0345266 -0.0249332 0.84868 3
 0.0318453 -0.0412746 0.899296 137 0.0355998 -0.0848377 0.916551 16 0.0319881 -0.0706908 0.915554 16
 0.028798 -0.0645006 0.916379 113 0.0279214 -0.0579366 0.912496 87
 0.0303617 -0.0789178 0.927116 191 0.0255024 -0.010727 0.861211 5 0.0108494 -0.0543771 0.863408 3
 0.0663779 -0.028534 0.871994 102 0.0639938 -0.0231543 0.850318 52 0.0651995 -0.0252803 0.858639 24
 0.062523 -0.0395659 0.880093 82 0.0618375 -0.0342073 0.85476 52 0.0636903 -0.0390733 0.875217 25
 0.0567435 -0.0510719 0.900775 196 0.0609093 -0.0329362 0.85644 2 0.0682045 -0.114888 0.903779 1
 0.0523509 -0.0621278 0.912749 173 0.0553132 -0.107651 0.916847 19 0.0213401 -0.0663428 0.908888 5
 0.052591 -0.0693144 0.920923 112 0.0520803 -0.0649906 0.919035 82 0.0561759 -0.118634 0.913051 6
 0.0482947 -0.0834543 0.928959 89 0.0491894 -0.0744501 0.926393 34 0.0294795 -0.00968235 0.862548 5
 0.0816493 -0.124942 0.867667 197 0.0701368 -0.030783 0.855583 3
 0.0654107 -0.120144 0.892 185 0.0623537 -0.0331561 0.890307 12 0.0421492 -0.0161281 0.840817 3
 0.0621377 -0.125062 0.906949 139 0.0413077 -0.0935612 0.914221 52 0.0564192 -0.0458953 0.890447 9
 0.0450088 -0.0974169 0.923531 108 0.0404968 -0.118701 0.920537 48 0.0526603 -0.0533364 0.908182 28
 0.0300475 -0.130801 0.930678 178 0.0536173 -0.0730986 0.921576 15 0.0244084 -0.143394 0.965837 7
 0.0127902 -0.12207 0.9343 190 0.0371259 -0.0700702 0.920838 6 -0.0274765 -0.138016 0.986583 2
 -0.0111552 -0.125726 0.958513 168 0.00416856 -0.0893295 0.91895 28 -0.0216591 -0.157831 0.980344 4
 -0.0133551 -0.11899 0.956058 32 0.016873 -0.0995875 0.934302 2 0.0432081 -0.0916568 0.918823 1
 0.0294633 -0.0878992 0.928979 16 0.0250985 -0.0586834 0.917037 8 0.0159436 -0.118391 0.939293 7
 0.00624899 -0.0810888 0.92192 190 0.0220309 -0.123037 0.932067 10
 0.0208309 -0.105978 0.93856 5 0.0370567 -0.115216 0.927229 2 0.0478452 -0.0821324 0.92546 1
 -0.00780496 -0.130507 0.957088 67 -0.00121805 -0.149734 0.975175 7 0.00919258 -0.121737 0.923065 7
