 0.180192 0.0336086 0.904006 125 0.00763005 -0.00135482 0.948721 60 0.193776 -0.0131938 0.907181 8
 0.170512 0.028779 0.906032 126 0.00316552 -0.00791722 0.960334 49 0.0107438 -0.0271254 0.929923 12
 0.155831 0.0209134 0.90894 112 0.12245 -0.00113831 0.896521 29 0.0239153 -0.0319945 0.938004 24
 0.14544 0.0147983 0.910296 159 0.0353912 -0.0356646 0.934408 27 0.092717 -0.00143736 0.911305 7
 0.130317 0.00588443 0.906023 133 0.0465327 -0.0387234 0.928462 19 0.150685 -0.0119791 0.906468 15
 0.152358 0.00796654 0.908938 58 0.103563 0.00471727 0.904004 55 0.130231 -0.00766886 0.906199 40
 0.120336 -0.0350849 0.913297 49 0.202059 -0.0160592 0.89734 35 0.111964 -0.0813463 0.873149 26
 0.188024 -0.0155323 0.901959 59 0.118126 -0.0742085 0.867717 58 0.186586 -0.0483779 0.88669 17
 0.109825 -0.0108732 0.90052 69 0.129589 -0.0690396 0.852135 57 0.146356 0.0128996 0.906083 25
 0.103977 -0.000290073 0.902102 79 0.154289 -0.0176844 0.912259 38 0.168705 -0.0144517 0.910716 24
 0.136144 -0.00689262 0.910141 55 0.167996 -0.0494669 0.914403 52 0.158927 -0.020606 0.917187 49
 0.0959513 -0.0299445 0.906618 59 0.119776 -0.0111202 0.909723 52 0.14188 -0.023061 0.915591 48
 0.173732 0.030367 0.902349 125 0.212654 -0.0160888 0.892231 60 0.123523 -0.0811645 0.875912 6
 0.166192 0.0231387 0.908706 96 0.187931 -0.0464487 0.893049 48 0.134894 -0.00324334 0.899903 13
 0.13062 -0.00931649 0.903954 67 0.173292 -0.00777099 0.90821 52 0.154096 0.00797833 0.90956 19
 0.137059 0.00714187 0.907586 63 0.161539 -0.0126794 0.911107 58 0.173974 -0.0383542 0.908739 37
 0.135567 -0.0184815 0.916574 134 0.154931 -0.0443262 0.916602 54 0.0482 -0.0108311 0.929243 9
 0.137467 -0.0222193 0.915994 51 0.122224 -0.0280347 0.919364 38 0.141439 -0.0151422 0.91514 38
 0.179406 0.0337137 0.900072 106 0.199897 -0.0592478 0.883603 58 0.211851 -0.0184921 0.8904 24
 0.170574 0.0251157 0.908035 135 0.149105 -0.00705834 0.906499 17 0.192738 -0.0504023 0.893014 17
 0.150403 0.00421052 0.907679 54 0.152194 0.00839603 0.907567 53 0.179733 -0.0317531 0.902395 27
 0.14458 0.0182137 0.913349 53 0.116796 -0.0858295 0.883412 30 0.179302 -0.0534641 0.908603 25
 0.173488 -0.0391345 0.913076 53 0.155041 -0.0268724 0.910081 46 0.15564 0.012521 0.913097 29
 0.0806923 -0.0245738 0.909209 123 0.140952 -0.0325119 0.91896 46 0.122869 -0.0577955 0.919272 8
 0.206368 -0.053796 0.879239 150 0.175396 0.0321394 0.906633 22 0.158942 -0.0695557 0.88664 15
 0.131517 -0.0853599 0.864712 82 0.192602 -0.0481893 0.898378 58 0.167727 0.0259709 0.906294 23
 0.172246 -0.0418809 0.912622 88 0.12853 -0.0740358 0.877572 61 0.136759 -0.0774435 0.920537 25
 0.0729198 -0.0564354 0.920804 134 0.106707 -0.0792373 0.892994 40 0.121911 -0.0751429 0.930009 10
 0.072355 -0.0546277 0.920301 163 0.149748 -0.0362141 0.921599 25 0.121448 -0.0803474 0.875829 6
 0.0723961 -0.0464449 0.918115 195 0.160836 -0.00786556 0.918744 5
 0.0512489 -0.0114311 0.934904 200
 0.0650523 -0.0387907 0.930291 44 0.0697498 -0.0400059 0.926272 21
 0.10936 -0.0401164 0.920012 62 0.180411 -0.0604176 0.90225 29 0.123853 -0.0259958 0.922745 22
 0.104132 -0.0537155 0.909587 39 0.0951447 -0.0470239 0.90699 38 0.0614392 -0.0435956 0.933188 29
 0.109327 -0.025549 0.904126 15 0.18408 -0.0236453 0.906956 9 0.174538 0.00967189 0.90266 1
 0.0613796 -0.012852 0.928193 75 0.0394387 -0.032987 0.94395 16
