 -0.128281 -0.0490425 0.881183 72 -0.150858 -0.0542844 0.912615 61 -0.110575 -0.0794282 0.94403 16
 -0.152832 -0.0557195 0.917921 79 -0.135841 -0.0482538 0.889081 70 -0.160905 -0.0681763 0.92324 31
 -0.157148 -0.0551376 0.921461 53 -0.159736 -0.0605917 0.922452 41 -0.162901 -0.0733115 0.925346 37
 -0.168717 -0.0655686 0.927639 152 -0.137103 -0.110325 0.933493 28 -0.106605 -0.0299065 0.903404 7
 -0.170161 -0.0698917 0.932052 134 -0.13444 -0.0975009 0.94344 25 -0.161785 -0.134666 0.94498 17
 -0.179411 -0.113714 0.947647 64 -0.164692 -0.0717708 0.933975 53 -0.161459 -0.0671732 0.933697 39
 -0.122248 -0.0457478 0.882079 170 -0.137916 -0.0488655 0.910534 16 -0.115438 -0.0239005 0.914977 6
 -0.123612 -0.0399893 0.889127 137 -0.138467 -0.0512373 0.925638 54 -0.125218 -0.0643059 0.953215 5
 -0.143362 -0.0688943 0.935669 131 -0.12163 -0.0404524 0.898828 42 -0.14301 -0.103788 0.932906 11
 -0.15057 -0.0621048 0.92892 146 -0.122885 -0.0994567 0.940943 17 -0.130944 -0.122109 0.928075 14
 -0.14853 -0.10071 0.943652 148 -0.141998 -0.0562121 0.925814 27 -0.131673 -0.036481 0.871627 14
 -0.165093 -0.0885299 0.941659 119 -0.141694 -0.0564952 0.938324 32 -0.124781 -0.113102 0.928901 26
 -0.117257 -0.0360605 0.875083 103 -0.110584 -0.0238741 0.911425 88 -0.0999765 -0.0672046 0.946625 4
 -0.121519 -0.0469772 0.877866 113 -0.139135 -0.0708051 0.938847 35 -0.123926 -0.0430275 0.923764 28
 -0.136326 -0.0664454 0.937314 143 -0.126709 -0.0538106 0.881852 37 -0.112902 -0.0325348 0.916526 13
 -0.133788 -0.0578708 0.929213 141 -0.120575 -0.0310889 0.920073 31 -0.114759 -0.102712 0.924451 11
 -0.13674 -0.0763595 0.946284 196 -0.125653 -0.0404414 0.865149 4
 -0.144086 -0.0792154 0.95249 69 -0.137535 -0.0627489 0.940556 49 -0.139518 -0.075592 0.952599 42
 -0.0956357 -0.038668 0.882675 192 -0.114824 -0.0638423 0.94081 8
 -0.0992203 -0.0586766 0.943919 117 -0.0999609 -0.0461827 0.887718 83
 -0.105727 -0.0689661 0.946993 131 -0.123845 -0.0360005 0.88943 33 -0.103471 -0.0566578 0.885565 13
 -0.104122 -0.0814427 0.952292 153 -0.122205 -0.0256639 0.903634 36 -0.128257 -0.0584963 0.877856 6
 -0.113008 -0.0719919 0.950646 164 -0.153241 -0.075057 0.935538 16 -0.123105 -0.103443 0.937124 8
 -0.123245 -0.0753794 0.953334 24 -0.112201 -0.0747207 0.952107 17 -0.138825 -0.14782 0.965676 1
 -0.106664 -0.0343095 0.890513 107 -0.0976895 -0.0547353 0.880047 54 -0.0991255 -0.0552415 0.93434 21
 -0.103977 -0.049272 0.880035 72 -0.113086 -0.0723974 0.948429 71 -0.126452 -0.119875 0.933755 23
 -0.111519 -0.0857291 0.929821 134 -0.118448 -0.0734069 0.945872 60 -0.116387 -0.0782041 0.941254 3
 -0.121692 -0.10118 0.933498 93 -0.114484 -0.0851315 0.948835 44 -0.117425 -0.0945674 0.938659 33
 -0.117546 -0.0806699 0.949695 120 -0.119429 -0.0937525 0.937314 66 -0.175883 -0.105198 0.949293 12
 -0.123355 -0.0851401 0.936991 115 -0.147357 -0.111244 0.950233 7 -0.141327 -0.107884 0.945628 1
 -0.158563 -0.100926 0.947136 171 -0.157494 -0.140682 0.982907 20 -0.119987 -0.0432665 0.889101 8
 -0.159915 -0.110696 0.94806 24 -0.132265 -0.0964902 0.938583 7 -0.168795 -0.135296 0.992345 6
 -0.156825 -0.0767379 0.942548 49
 -0.176298 -0.0845096 0.942426 135 -0.157286 -0.0970481 0.946352 62 -0.161298 -0.0907735 0.943866 2
 -0.14761 -0.0851451 0.937168 2
 -0.15676 -0.111311 0.94892 137 -0.138446 -0.0564048 0.927057 2 -0.132276 -0.0793424 0.950462 1
