 -0.156676 -0.0274355 0.967435 120 -0.16037 -0.0232966 0.96537 50 -0.0689297 0.0123457 0.961617 13
 -0.155477 -0.0361212 0.970243 197 -0.096136 -0.103637 0.9756 3
 -0.148489 -0.0483774 0.974343 184 -0.108564 -0.109073 0.972331 8 -0.114076 -0.045694 0.972656 7
 -0.140496 -0.051152 0.976406 193 -0.0840987 -0.115378 0.967466 3 -0.0576611 -0.0847841 0.955858 2
 -0.134594 -0.0544902 0.978237 144 -0.107363 -0.0561322 0.982112 30 -0.11486 -0.0133176 0.949532 10
 -0.125468 -0.0697578 0.977668 170 -0.101371 -0.076761 0.982191 20 -0.12403 -0.0258397 0.962521 7
 -0.101956 -0.00140807 0.941509 190 -0.0748425 -0.00119009 0.981589 6 -0.0757008 -0.0369027 0.954759 2
 -0.106732 -0.0136382 0.953517 185 -0.0778246 -0.0226221 0.953874 7 -0.0866651 -0.116069 0.975355 5
 -0.106995 -0.0300125 0.969179 176 -0.105995 -0.0149339 0.955219 7 -0.0811176 -0.0304104 0.963282 7
 -0.109042 -0.0392028 0.977432 115 -0.0964142 -0.119593 0.97478 42 -0.107417 -0.0153612 0.95849 25
 -0.105878 -0.0465389 0.982414 83 -0.105633 -0.026163 0.969971 48 -0.105817 -0.0338285 0.975309 19
 -0.106529 -0.0487969 0.985273 131 -0.106609 -0.0425555 0.982689 68 -0.109586 -0.104246 0.975966 1
 -0.0721219 0.000707938 0.976683 87 -0.102341 0.00263639 0.939109 58 -0.160164 -0.0223819 0.965825 25
 -0.0765331 -0.00726471 0.982553 89 -0.0757277 -0.027315 0.956541 59 -0.106613 -0.013053 0.953774 19
 -0.0775845 -0.0219649 0.992361 46 -0.074758 -0.0225123 0.953533 46 -0.0857621 -0.116046 0.983212 40
 -0.0871677 -0.0158062 0.991741 90 -0.079033 -0.033119 0.963331 36 -0.0554334 -0.0612537 0.94869 35
 -0.0863057 -0.0509303 0.997319 74 -0.0762504 -0.0629675 1.00062 38 -0.0821329 -0.056861 0.999316 26
 -0.092391 -0.0429164 0.989854 186 -0.111068 -0.073529 0.987758 9 -0.11419 -0.090078 0.978836 4
 -0.0696478 0.00565215 0.965377 131 -0.0525666 -0.0258899 0.931882 62 -0.172916 -0.0225311 0.959876 4
 -0.074153 0.00156714 0.968766 103 -0.0663889 -0.0261423 0.927602 55 -0.0608113 -0.0287488 0.931667 17
 -0.0732369 -0.0126536 0.9857 104 -0.0719168 -0.0861201 0.969043 31 -0.0574241 -0.0665286 0.973056 25
 -0.0797714 -0.00651012 0.993146 98 -0.0992856 -0.0999778 0.977254 33 -0.0591065 -0.123764 0.9947 21
 -0.0754898 -0.0477887 1.00378 51 -0.109441 -0.07765 0.980084 33 -0.0760947 -0.0215178 0.956621 27
 -0.0845348 -0.0590157 1.00182 161 -0.102756 -0.0260257 0.970268 12 -0.0751861 -0.0265584 1.00314 5
 -0.0501727 -0.0432592 0.938576 134 -0.0650656 0.0154561 0.961214 32 -0.0673214 -0.00100606 0.987144 13
 -0.0489048 -0.0607775 0.959521 68 -0.0656508 -0.0369655 0.927984 52 -0.102205 -0.177913 1.01678 43
 -0.0553072 -0.0665362 0.969839 195 -0.0731986 -0.0155404 0.997928 2 -0.0997689 -0.148007 1.00547 2
 -0.0562733 -0.0818768 0.978722 199 -0.100788 -0.0733236 0.984557 1
 -0.0684547 -0.110365 0.987015 112 -0.0662556 -0.103557 0.983865 82 -0.106777 -0.118921 0.990223 6
 -0.0735979 -0.123207 0.990974 177 -0.0724256 -0.0788082 0.973339 17 -0.103507 -0.100622 0.982738 6
 -0.0993951 -0.137182 0.999527 139 -0.107298 -0.152579 1.02484 21 -0.0830478 -0.117603 0.982906 12
 -0.0766581 -0.133672 1.00737 58 -0.111935 -0.136392 0.994473 10 -0.104587 -0.113318 0.980384 2
 -0.0900073 -0.0776886 0.99611 136 -0.0921998 -0.0700365 0.996818 58 -0.128592 -0.047985 0.985001 4
 -0.108575 -0.0791636 0.98811 199 -0.0985425 -0.114864 0.972894 1
 -0.10045 -0.085028 0.987001 2 -0.0851014 -0.0832067 0.997216 2 -0.0829591 -0.0227964 0.97243 1
 -0.0894881 -0.118534 0.983488 40 -0.0894734 -0.15286 1.01839 25 -0.0897089 -0.0301145 0.955972 6
