 -0.158853 0.125713 0.922766 200
 -0.157656 0.114573 0.927153 200
 -0.153531 0.0998855 0.936804 194 -0.0805748 0.143782 0.944255 6
 -0.151663 0.0895545 0.941235 192 -0.0656871 0.0374888 0.946152 8
 -0.144635 0.0816585 0.944078 200
 -0.140013 0.0639381 0.945949 200
 -0.111745 0.146799 0.937417 195 -0.132946 0.0995295 0.941039 3 -0.144401 0.12576 0.920953 2
 -0.116406 0.137131 0.94409 171 -0.0845992 0.139736 0.946545 12 -0.12674 0.0283955 0.947279 9
 -0.119124 0.123149 0.949631 188 -0.0683063 0.0949388 0.950776 10 -0.146436 0.0895429 0.943196 1
 -0.121674 0.116182 0.94844 174 -0.111411 0.0767628 0.964251 25 -0.0774218 0.133287 0.941983 1
 -0.120576 0.0994425 0.955781 199 -0.0924406 0.0998699 0.97336 1
 -0.123847 0.0836767 0.96037 200
 -0.076416 0.154268 0.934201 119 -0.153606 0.127203 0.924179 36 -0.108179 0.152009 0.940019 33
 -0.0834792 0.1436 0.942111 170 -0.115589 0.138755 0.943773 19 -0.108341 0.0951507 0.952544 4
 -0.0922695 0.130261 0.949894 98 -0.116259 0.11716 0.950696 73 -0.0890909 0.0899103 0.966385 28
 -0.117423 0.101547 0.95694 45 -0.10461 0.124292 0.952991 31 -0.113918 0.104896 0.957169 25
 -0.100388 0.102833 0.965663 68 -0.102771 0.0827303 0.968461 67 -0.115711 0.102777 0.965611 38
 -0.100916 0.0853316 0.971943 107 -0.118116 0.0593983 0.969822 81 -0.109713 0.0735567 0.971182 7
 -0.0765719 0.154477 0.933026 111 -0.0494312 0.107466 0.927021 72 -0.0437194 0.0660124 0.9303 8
 -0.0800453 0.143395 0.939471 117 -0.0560293 0.101587 0.934698 71 -0.0505976 0.0559673 0.934123 5
 -0.0829354 0.125027 0.949714 101 -0.0796488 0.0794605 0.968033 39 -0.114893 0.122868 0.949899 17
 -0.0812451 0.111606 0.951647 142 -0.154404 0.0897973 0.94614 11 -0.0695442 0.0608243 0.940801 10
 -0.0908481 0.100582 0.964196 84 -0.0807262 0.105769 0.960844 33 -0.0831248 0.041035 0.958146 27
 -0.10392 0.0636634 0.977138 111 -0.099507 0.0882475 0.970844 84 -0.101093 0.0812755 0.973168 4
 -0.0476805 0.106679 0.928389 113 -0.0444936 0.0634955 0.932824 57 -0.0758387 0.152794 0.94047 26
 -0.0557263 0.054642 0.939593 89 -0.0575524 0.0760585 0.930001 45 -0.0869487 0.141781 0.943521 44
 -0.0674343 0.0441892 0.949993 197 -0.0529888 0.103492 0.933968 3
 -0.0786904 0.0345083 0.957214 200
 -0.0934575 0.0151198 0.962699 200
 -0.119682 0.00194189 0.966772 184 -0.112701 0.0440237 0.949786 16
 -0.14994 -0.0089652 0.974326 199 -0.114357 0.100012 0.949956 1
 -0.135443 -0.0163342 0.985614 11 -0.115416 -0.00746332 0.965952 4 -0.121048 -0.0157356 0.992583 3
 -0.121991 0.0506913 0.963837 75 -0.123707 0.0482862 0.960954 52 -0.102516 0.154224 0.954988 1
 -0.13813 0.0539402 0.954208 200
 -0.111336 0.0207573 0.96243 10
 -0.141748 -0.017634 0.9829 105 -0.146271 -0.0182358 0.984438 11 -0.170287 -0.0412852 0.99493 1
