 -0.100401 0.0964239 0.933989 95 -0.113133 0.0843112 0.997138 40 -0.0630448 0.0940073 0.993475 26
 -0.10779 0.097545 0.941912 113 -0.12117 0.0858422 0.986144 46 -0.0643476 0.095907 0.991345 38
 -0.124655 0.0931868 0.992674 97 -0.0736283 0.104461 0.9948 49 -0.115237 0.0965895 0.941877 19
 -0.128568 0.0987412 0.997916 99 -0.0989975 0.0634426 0.98297 18 -0.0938778 0.0878922 1.00295 17
 -0.126486 0.0988624 1.00343 100 -0.096906 0.08312 1.00451 19 -0.105719 0.0982947 0.94127 16
 -0.0860295 0.0871668 0.919073 29 -0.09573 0.0587236 0.93318 28 -0.112636 0.0971069 1.00348 28
 -0.0716563 0.0740497 0.982035 76 -0.0910251 0.106248 0.937497 67 -0.0959637 0.121917 0.944796 32
 -0.0998772 0.109963 0.945984 197 -0.0821514 0.0709208 0.934335 2 -0.124526 0.077007 0.996333 1
 -0.102532 0.101245 0.938782 191 -0.117737 0.106129 1.00097 9
 -0.105992 0.114695 0.954613 144 -0.110589 0.0772634 1.00682 21 -0.0659177 0.109063 0.94042 20
 -0.108477 0.0679364 0.991213 47 -0.092412 0.097848 0.937332 43 -0.0870408 0.0940097 0.932104 36
 -0.101091 0.106676 0.943947 79 -0.117728 0.0898647 1.01297 67 -0.0833392 0.0859594 0.936906 40
 -0.0633364 0.0794896 0.9954 70 -0.0861635 0.137636 0.949596 68 -0.0835004 0.128313 0.93304 40
 -0.0878571 0.10771 0.937005 88 -0.068549 0.0943915 0.989519 68 -0.0885746 0.131 0.952538 43
 -0.0857034 0.103545 0.937402 157 -0.0821684 0.122697 0.951226 39 -0.0910161 0.0899155 0.997186 4
 -0.0803892 0.124943 0.951757 93 -0.0667646 0.106118 0.992152 38 -0.0972777 0.105584 0.925418 37
 -0.0797785 0.119799 0.934897 60 -0.101814 0.0925624 1.00558 44 -0.098342 0.0916586 0.93556 12
 -0.0985614 0.121049 0.947611 22 -0.090671 0.0997732 0.944424 7 -0.0635358 0.098403 0.999827 4
 -0.0659654 0.123547 0.945199 197 -0.106842 0.133377 0.95336 2 -0.0846814 0.0905855 0.987909 1
 -0.0671952 0.113089 0.941069 151 -0.0601151 0.113805 0.986155 48 -0.101943 0.128933 0.962589 1
 -0.0736513 0.101235 0.942408 108 -0.0731813 0.0913377 0.992296 83 -0.104007 0.104068 0.94491 9
 -0.0945352 0.105198 0.942199 63 -0.0709846 0.123851 0.954615 49 -0.0681028 0.115287 0.948872 42
 -0.0744047 0.107297 0.938391 63 -0.072764 0.105012 0.991024 38 -0.0843268 0.0795816 0.940384 20
 -0.0710825 0.0639415 0.928394 3 -0.127401 0.0370771 1.04347 1
 -0.094004 0.094299 0.933339 58 -0.0549855 0.0977768 0.945335 43 -0.0585913 0.10084 0.986502 34
 -0.0787025 0.111074 0.9442 84 -0.0737198 0.0947383 0.990614 73 -0.0776746 0.0776776 0.938342 24
 -0.07055 0.103484 0.990929 108 -0.0740588 0.127632 0.935127 33 -0.0710205 0.110396 0.983835 26
 -0.0751947 0.0973608 0.995233 105 -0.0792503 0.076189 0.936842 37 -0.0756066 0.111768 0.946404 30
 -0.0926319 0.0579111 1.00392 76 -0.0792176 0.0706858 0.949362 58 -0.0754176 0.0851738 0.993672 25
 -0.112944 0.0566842 1.02034 145 -0.102734 0.0611172 0.995882 51 -0.0956287 0.0856859 1.00341 2
 -0.134481 0.0515893 1.0439 200
 -0.110126 0.0466844 1.03748 19
 -0.125062 0.0631657 1.02687 8 -0.102815 0.0768081 1.01289 2 -0.115303 0.0895989 1.01397 1
 -0.126953 0.0922731 1.00876 74 -0.120141 0.071056 0.995509 26 -0.101837 0.0692286 1.0059 14
 -0.123509 0.068918 1.02038 21 -0.0917177 0.132515 0.96066 3 -0.103823 0.0966655 1.01617 1
 -0.13126 0.0570193 1.03153 67 -0.127068 0.032544 1.05142 34 -0.1088 0.0564723 0.987817 5
