 -0.0622985 -0.0150703 0.960147 199 -0.064755 -0.0462622 0.964726 1
 -0.0620963 -0.0273971 0.9641 199 -0.0587896 -0.0582147 0.969969 1
 -0.0584625 -0.0461226 0.971898 181 -0.0641984 -0.0877426 0.974511 14 -0.0107376 -0.0780902 0.940311 3
 -0.0553692 -0.0580657 0.975817 193 -0.0249476 -0.0472262 0.944121 5 -0.0536344 -0.0963741 0.98036 1
 -0.0557126 -0.0673653 0.976806 175 -0.079962 -0.148942 1.01045 13 -0.0266078 -0.0498217 0.950755 10
 -0.0594574 -0.0822564 0.976466 195 -0.100613 -0.148111 1.03137 3 -0.0872847 -0.154991 1.00009 2
 -0.0101857 -0.04527 0.930254 56 -0.0140124 -0.0457453 0.934657 29 -0.0533708 -0.0272335 0.965109 21
 -0.03823 -0.0816454 0.975489 92 -0.0242106 -0.0528916 0.950035 37 -0.0244632 -0.0555936 0.958281 23
 -0.0331551 -0.0624265 0.964141 69 -0.0277817 -0.0577608 0.955177 49 -0.0523162 -0.0714762 0.972979 25
 -0.0290445 -0.0565754 0.962515 103 -0.0610076 -0.0914756 0.97413 67 -0.0136523 -0.0422023 0.927965 11
 -0.0273422 -0.0695655 0.974662 93 -0.0584887 -0.0875368 0.974352 80 -0.038081 -0.101006 0.987133 11
 -0.0320766 -0.0771141 0.983188 166 -0.0377447 -0.131533 0.974992 16 -0.072737 -0.111739 0.986063 10
 -0.0137859 -0.0420505 0.936538 54 0.0283515 -0.0565301 0.965908 43 0.0313237 -0.0527766 0.960022 33
 -0.021011 -0.0519335 0.947823 63 0.0132876 -0.0501801 0.962331 55 -0.0173617 -0.0544436 0.94372 37
 -0.0238241 -0.0571142 0.960566 129 -0.0590631 -0.0597746 0.97278 26 -0.0423251 -0.152319 0.973498 17
 0.00433193 -0.0717798 0.946975 55 -0.024657 -0.0604067 0.963908 41 -0.0601515 -0.0740726 0.976592 39
 -0.0285844 -0.0810459 0.979369 185 -0.00727462 -0.0837026 0.977059 10 -0.047449 -0.121365 0.984448 4
 -0.0246372 -0.0863665 0.987504 183 -0.0513998 -0.100595 0.981575 15 -0.0708556 -0.0482293 0.971718 2
 0.0197712 -0.0509542 0.964282 69 0.0305218 -0.0445542 0.942579 52 -0.0617641 -0.0152068 0.961155 32
 0.0212762 -0.0558699 0.955536 115 0.0221597 -0.0551594 0.950666 58 -0.0620437 -0.0275676 0.966736 15
 -0.000978388 -0.0700458 0.952259 87 0.0176182 -0.0646715 0.976082 63 0.0113241 -0.117904 0.941029 22
 0.0159967 -0.0618635 0.976647 61 0.0072315 -0.0619463 0.937141 49 -0.000517672 -0.0925918 0.941072 18
 -0.00406733 -0.0743417 0.967997 64 -0.0578861 -0.105791 0.975605 38 -0.00390212 -0.0864718 0.98205 32
 -0.0171759 -0.10037 0.994619 20 -0.0184218 -0.0576656 0.958003 17 -0.0279865 -0.0912822 0.986945 14
 -0.00663491 -0.145653 0.971582 71 0.0341053 -0.0444949 0.940267 56 0.0215925 -0.0382626 0.970994 25
 0.0269637 -0.0486249 0.950736 63 0.0212606 -0.0539547 0.967599 45 -0.00780594 -0.133026 0.957376 26
 0.00358814 -0.0954587 0.935574 73 -0.000306297 -0.0634911 0.930986 61 -0.00142074 -0.100986 0.97705 42
 -0.0120682 -0.116652 0.983699 82 -0.00602213 -0.109907 0.941613 57 -0.000841626 -0.0755363 0.947126 51
 -0.0323737 -0.147275 0.9862 84 -0.00792978 -0.130969 0.973281 61 -0.018899 -0.108437 0.983438 22
 -0.0496582 -0.142197 0.992963 163 -0.021817 -0.105313 0.980988 19 -0.0516471 -0.0664646 0.976204 18
 -0.0740209 -0.141415 1.00996 97 -0.0767605 -0.138665 1.0138 61 -0.0603273 -0.103805 0.984091 29
 -0.0760529 -0.138584 1.01113 55 -0.0530463 -0.158259 1.01784 3 -0.0376717 -0.0861248 0.98531 3
 -0.0247717 -0.106713 0.991038 92 -0.0534569 -0.132391 0.988984 7 -0.0655197 -0.100399 0.98531 6
 -0.0580045 -0.101217 0.983886 185 -0.0839776 -0.119321 0.989994 13 -0.080797 -0.115571 0.988294 1
 -0.0362662 -0.107169 0.993098 22 -0.0599206 -0.112619 0.983603 11 -0.0454527 -0.110294 0.989218 2
 -0.0752298 -0.145669 1.01397 109 -0.0686005 -0.117437 0.985362 18 -0.0432949 -0.131587 0.972369 7
