 -0.185573 -0.0723062 0.914171 199 -0.178041 -0.127072 0.940687 1
 -0.184704 -0.0851161 0.920886 199 -0.17491 -0.137507 0.92795 1
 -0.181112 -0.100592 0.932225 195 -0.151176 -0.0983869 0.934401 4 -0.132435 -0.0713129 0.922872 1
 -0.178968 -0.106699 0.936108 199 -0.125154 -0.0622907 0.923656 1
 -0.175981 -0.109972 0.939795 193 -0.130619 -0.155908 0.964401 5 -0.127514 -0.0627085 0.931097 1
 -0.172792 -0.126559 0.944424 195 -0.148837 -0.166605 0.964718 5
 -0.136113 -0.0556501 0.912064 198 -0.141866 -0.136135 0.958924 1 -0.161536 -0.0993377 0.941039 1
 -0.14136 -0.0695907 0.926432 200
 -0.147 -0.0810051 0.935655 182 -0.174138 -0.10576 0.933617 12 -0.128825 -0.0861197 0.911584 3
 -0.149452 -0.0924333 0.941508 162 -0.148794 -0.110729 0.949579 18 -0.173495 -0.11867 0.939117 12
 -0.146563 -0.105044 0.951691 156 -0.145927 -0.109828 0.953937 38 -0.112746 -0.150088 0.968571 4
 -0.148832 -0.117072 0.957165 199 -0.181591 -0.147818 0.956994 1
 -0.133963 -0.0598694 0.915241 162 -0.181138 -0.0736279 0.91508 30 -0.135839 -0.127392 0.96596 8
 -0.136552 -0.0738275 0.926434 166 -0.139674 -0.111267 0.952145 32 -0.127898 -0.176397 0.96737 1
 -0.144807 -0.0930262 0.940612 57 -0.136794 -0.0987886 0.947836 57 -0.125064 -0.12826 0.971603 41
 -0.135746 -0.113085 0.958283 178 -0.120418 -0.0884173 0.938954 12 -0.182585 -0.099715 0.935251 5
 -0.133046 -0.128473 0.969251 87 -0.126479 -0.0935928 0.952749 59 -0.135218 -0.123176 0.966708 53
 -0.131184 -0.109959 0.966889 195 -0.168643 -0.138714 0.950532 3 -0.101756 -0.108692 0.943798 2
 -0.129738 -0.0499811 0.911582 100 -0.0807178 -0.13479 0.917263 42 -0.0800671 -0.139886 0.91578 29
 -0.133844 -0.0637666 0.91852 95 -0.0861245 -0.123923 0.922067 68 -0.0993426 -0.116678 0.940313 23
 -0.098859 -0.103121 0.941399 84 -0.138633 -0.0748233 0.9282 60 -0.0947802 -0.130199 0.928516 27
 -0.101216 -0.108389 0.947571 108 -0.145999 -0.0872174 0.938871 32 -0.116843 -0.0763733 0.927945 21
 -0.128408 -0.0958398 0.9567 57 -0.114077 -0.115573 0.963151 38 -0.111386 -0.113201 0.957508 27
 -0.136975 -0.17085 0.974672 81 -0.125705 -0.111203 0.960539 64 -0.171146 -0.168493 0.955688 7
 -0.0837772 -0.118701 0.921281 184 -0.132634 -0.0531474 0.917315 16
 -0.0912615 -0.126541 0.921278 147 -0.100096 -0.132597 0.981926 29 -0.123476 -0.177957 0.966664 9
 -0.100468 -0.139171 0.967976 156 -0.0964203 -0.129209 0.916258 23 -0.128667 -0.0967916 0.959817 21
 -0.110265 -0.150524 0.969799 76 -0.115794 -0.158195 0.96535 39 -0.113228 -0.154705 0.966886 32
 -0.128984 -0.167408 0.967637 141 -0.17017 -0.155627 0.959066 54 -0.0996425 -0.13466 0.919859 4
 -0.13673 -0.154062 0.964428 86 -0.15081 -0.182526 0.969939 5 -0.106831 -0.123737 0.93246 4
 -0.162324 -0.153006 0.953017 150 -0.141873 -0.169477 0.976114 41 -0.133941 -0.12121 0.948187 4
 -0.146333 -0.176758 0.979587 15 -0.129325 -0.152912 0.963246 10 -0.154663 -0.157131 0.959185 7
 -0.142426 -0.152643 0.97634 54 -0.157272 -0.139193 0.962155 43 -0.137326 -0.128328 0.964791 12
 -0.162113 -0.139772 0.96171 200
 -0.141507 -0.145241 0.973305 11
 -0.157668 -0.158745 0.964313 52 -0.148666 -0.189166 0.981567 22
