 0.155579 -0.0430992 0.885199 138 0.230635 -0.0278004 0.847091 41 0.202569 -0.0408079 0.845577 8
 0.154434 -0.0272213 0.882455 74 0.167455 -0.0460111 0.848864 54 0.220809 -0.0312265 0.849983 31
 0.158719 -0.016013 0.881353 57 0.0804167 -0.0578824 0.97901 27 0.207236 -0.0361505 0.853185 20
 0.16928 -0.00232678 0.880441 72 0.169814 -0.0723739 0.889744 39 0.0840361 -0.0532072 0.985828 25
 0.168185 -0.00574453 0.885846 49 0.172629 -0.0048511 0.88334 44 0.164407 -0.00613748 0.925231 28
 0.168326 -0.0120018 0.88424 155 0.180002 -0.00800275 0.936603 18 0.15509 -0.076693 0.916222 11
 0.214221 -0.0472211 0.852044 52 0.171952 -0.0425516 0.867401 51 0.159416 -0.0544182 0.882522 42
 0.185193 -0.0383832 0.859952 126 0.165661 -0.0071516 0.886975 23 0.181864 -0.0171838 0.842357 14
 0.158164 -0.0241369 0.878647 124 0.19589 -0.0387037 0.854262 32 0.187712 -0.0208694 0.857777 15
 0.181083 -0.0201277 0.87886 63 0.159675 -0.0120406 0.886361 47 0.205299 -0.0326312 0.853932 20
 0.187188 -0.0370891 0.867156 80 0.154868 -0.0092472 0.88922 33 0.142062 -0.0447058 0.899081 32
 0.17219 -0.0384544 0.883826 152 0.185085 -0.00748882 0.938672 22 0.164036 -0.0607997 0.903847 11
 0.218672 -0.0410256 0.849867 86 0.151794 -0.00172339 0.877633 34 0.189262 -0.0408724 0.854816 29
 0.209747 -0.0373463 0.854538 98 0.18995 -0.0386648 0.85875 38 0.160042 -0.0139211 0.88806 34
 0.194872 -0.0442797 0.857818 118 0.202466 -0.0141431 0.875819 29 0.187933 -0.0206861 0.873488 22
 0.193096 -0.00850488 0.882501 93 0.183044 -0.0431596 0.866517 38 0.205905 -0.0337157 0.857064 33
 0.181879 -0.0357096 0.869311 96 0.177855 -0.0329732 0.874831 83 0.177686 -0.0094047 0.927056 12
 0.183428 -0.0157772 0.883132 67 0.187018 -0.0179279 0.883079 66 0.214439 -0.0137586 0.897293 25
 0.226598 -0.0185409 0.849939 174 0.210202 -0.0802005 0.86745 17 0.16601 -0.0534939 0.859953 5
 0.220632 -0.0295112 0.855297 94 0.204257 -0.0623012 0.865884 47 0.187687 -0.0437067 0.859186 19
 0.190774 -0.0469113 0.858163 97 0.204733 -0.0103483 0.882755 34 0.194223 -0.00936071 0.878974 24
 0.202034 -0.00188945 0.885542 98 0.207959 -0.03598 0.855637 63 0.183928 0.00161009 0.935684 34
 0.219344 -0.00818045 0.894638 60 0.183159 -0.00387806 0.931892 34 0.155722 -0.0115981 0.895157 28
 0.160051 -0.0130501 0.894121 36 0.158293 -0.0455022 0.888521 28 0.198003 -0.0717581 0.87987 17
 0.225287 -0.0390498 0.851462 180 0.202614 -0.0839285 0.868507 19 0.179317 -0.0614833 0.855093 1
 0.216441 -0.0347593 0.851604 143 0.177791 -0.0817588 0.889415 48 0.205379 -0.0781368 0.867927 5
 0.209566 -0.0442358 0.857031 97 0.172073 -0.0812789 0.893231 75 0.197384 -0.0746523 0.863465 17
 0.164187 -0.078235 0.905987 90 0.179572 -0.0766196 0.881141 37 0.202986 -0.0447672 0.858326 33
 0.159478 -0.0700546 0.915284 60 0.152125 -0.0744483 0.931195 50 0.16216 -0.0674713 0.909175 48
 0.134281 -0.065881 0.93566 153 0.149609 -0.0565765 0.900764 34 0.177388 -0.0637681 0.888934 12
 0.116953 -0.0441223 0.961887 196 0.126837 -0.0310277 0.936015 3 0.180815 -0.0217799 0.879778 1
 0.186105 -0.00981268 0.935949 20 0.130902 -0.0806616 0.971093 12 0.104441 -0.0641469 0.962965 11
 0.154688 -0.0379323 0.890072 117 0.14403 -0.0449942 0.923838 56 0.194097 -0.0394586 0.86143 22
 0.141095 -0.0256723 0.914923 89 0.145379 -0.0265545 0.904344 81 0.163549 -0.0697224 0.900441 11
 0.178611 -0.0321396 0.881553 40 0.137687 -0.0396939 0.927012 23 0.174464 -0.0103694 0.934027 5
 0.10647 -0.0508807 0.971939 102 0.182443 -0.0164166 0.880021 79 0.196007 -0.0138159 0.928296 12
