 -0.185385 -0.0876775 0.921324 79 -0.143137 -0.0148776 0.903443 63 -0.176317 -0.0346215 0.911465 57
 -0.177818 -0.0920328 0.928768 72 -0.144788 -0.0258976 0.907881 69 -0.176198 -0.0472287 0.913643 58
 -0.162944 -0.0981097 0.937034 167 -0.117682 -0.102221 0.941032 22 -0.144672 -0.0360161 0.926156 10
 -0.154034 -0.101341 0.940405 195 -0.146571 -0.0402945 0.930514 4 -0.169179 -0.0569756 0.928556 1
 -0.146108 -0.101873 0.941973 200
 -0.134954 -0.108086 0.946267 196 -0.132057 -0.0446318 0.943072 4
 -0.172141 -0.0370726 0.915257 169 -0.0899046 -0.0387253 0.909905 25 -0.140879 -0.0483592 0.942333 4
 -0.169813 -0.0496039 0.925089 128 -0.098034 -0.0477362 0.917864 29 -0.140947 -0.0656029 0.945309 19
 -0.158337 -0.0586287 0.939012 131 -0.0778715 -0.0741139 0.936095 32 -0.0654344 -0.0534348 0.907007 8
 -0.146883 -0.0664404 0.942258 104 -0.0640993 -0.119777 0.957224 46 -0.117803 -0.0941158 0.925839 18
 -0.134321 -0.0679796 0.951669 133 -0.100468 -0.0856399 0.957963 47 -0.0849335 -0.142438 0.962106 13
 -0.127176 -0.0802301 0.955913 195 -0.0658281 -0.0883943 0.951459 4 -0.0888502 -0.144996 0.952914 1
 -0.140913 -0.0179415 0.908239 105 -0.0649834 -0.0420899 0.901661 49 -0.0917663 -0.0386578 0.912643 46
 -0.146702 -0.0362554 0.929675 42 -0.0697815 -0.0455487 0.906925 31 -0.14728 -0.0279087 0.913853 29
 -0.152559 -0.0651519 0.942654 59 -0.100707 -0.0579987 0.953461 58 -0.133557 -0.0496997 0.947418 42
 -0.135644 -0.0439446 0.95001 65 -0.105694 -0.0683654 0.956747 43 -0.0713735 -0.0668508 0.940825 42
 -0.112408 -0.0573602 0.963367 106 -0.085388 -0.0660572 0.954138 46 -0.0797625 -0.0826264 0.959792 22
 -0.0958846 -0.0773381 0.967922 119 -0.0925471 -0.0843514 0.965981 42 -0.124086 -0.0507189 0.958711 16
 -0.0581341 -0.0492976 0.912863 172 -0.14701 -0.0227642 0.910573 18 -0.101172 -0.0375928 0.929908 5
 -0.0529575 -0.0715642 0.934512 85 -0.0624068 -0.0485203 0.922851 76 -0.140084 -0.0287565 0.920367 19
 -0.0553392 -0.072864 0.93892 79 -0.0456772 -0.0929614 0.952947 33 -0.0499951 -0.161525 1.00619 15
 -0.0586101 -0.0808329 0.947084 95 -0.0453357 -0.114484 0.96303 30 -0.10264 -0.0362339 0.93251 17
 -0.072501 -0.0657427 0.957381 96 -0.105013 -0.0524535 0.956841 75 -0.134897 -0.0656644 0.952773 20
 -0.106572 -0.0690933 0.968252 112 -0.135817 -0.07484 0.957375 46 -0.0660061 -0.102956 0.957267 17
 -0.0496441 -0.0799488 0.939958 79 -0.0553084 -0.0549611 0.916403 47 -0.104232 -0.0381367 0.935099 37
 -0.0583083 -0.0714177 0.944284 49 -0.0993821 -0.0414647 0.958655 40 -0.0523032 -0.181501 0.99629 26
 -0.0624587 -0.0616438 0.934713 110 -0.0587023 -0.156867 0.976241 28 -0.111269 -0.0727046 0.94625 28
 -0.0601337 -0.0727691 0.948037 159 -0.0962104 -0.137128 0.954829 18 -0.127257 -0.0704031 0.955019 14
 -0.0563571 -0.0924133 0.958381 164 -0.107791 -0.11613 0.950146 36
 -0.0699053 -0.110457 0.953276 112 -0.0542867 -0.127684 0.9738 52 -0.0628789 -0.119837 0.961222 15
 -0.0738596 -0.147676 0.976195 84 -0.0736585 -0.152786 0.983813 53 -0.0739957 -0.143952 0.97093 51
 -0.0671542 -0.100631 0.95436 21 -0.0793026 -0.140631 0.954561 7 -0.0534628 -0.128267 0.994211 6
 -0.108733 -0.0900062 0.96793 97 -0.140616 -0.0741135 0.958542 17 -0.0978834 -0.0987924 0.961695 15
 -0.111578 -0.108584 0.950929 200
 -0.0876849 -0.0968616 0.962573 65 -0.0859954 -0.132374 0.957153 11 -0.112596 -0.0866841 0.96579 9
 -0.0892882 -0.155692 0.989632 23 -0.0900324 -0.124788 0.953614 11 -0.128048 -0.0786107 0.960614 9
