 -0.211284 -0.0657509 0.986681 98 -0.196597 0.00627211 0.975798 63 -0.238905 -0.0493817 0.982019 24
 -0.233935 -0.0549569 0.985144 76 -0.232267 -0.0600704 0.987859 55 -0.198342 -0.00239663 0.981071 44
 -0.218075 -0.0701198 1.00095 63 -0.223825 -0.0651836 0.997263 63 -0.204682 -0.0164227 0.996599 50
 -0.213539 -0.0700643 1.00401 103 -0.203932 -0.0230728 1.00715 79 -0.143467 -0.0193498 1.00326 6
 -0.203237 -0.0747399 1.0077 97 -0.202386 -0.044051 1.00683 38 -0.182175 -0.102586 1.0022 18
 -0.190815 -0.0831717 1.00605 51 -0.204075 -0.0705061 1.00544 47 -0.177366 -0.102479 1.00659 41
 -0.212949 -0.00710667 0.979957 82 -0.151331 -0.00522261 0.988909 60 -0.191856 -0.0128329 1.00435 34
 -0.216861 -0.0196699 0.986471 93 -0.189673 -0.0304042 1.01919 61 -0.198232 -0.0228028 1.00573 15
 -0.207049 -0.0387233 1.00454 118 -0.143501 -0.0389094 1.00332 62 -0.169134 -0.0306975 1.01705 11
 -0.202768 -0.0433016 1.00944 99 -0.210565 -0.0322136 1.00301 29 -0.11028 -0.079083 1.01508 17
 -0.195255 -0.0460419 1.01532 98 -0.165039 -0.0565324 1.02466 49 -0.165365 -0.103426 1.00394 32
 -0.169311 -0.0608921 1.03314 101 -0.190852 -0.0537104 1.02309 56 -0.167654 -0.0814301 1.01832 21
 -0.143959 -0.00665183 0.987936 171 -0.19201 0.00753896 0.977887 18 -0.236322 -0.0522992 0.98258 4
 -0.15159 -0.016987 0.991929 107 -0.176343 -0.0304803 1.02538 29 -0.2229 -0.0147681 0.984564 19
 -0.169832 -0.0224655 1.03195 50 -0.134083 -0.0574558 1.01728 44 -0.202941 -0.0407297 1.00465 27
 -0.171454 -0.0331316 1.03485 33 -0.129388 -0.0660055 1.01617 31 -0.175029 -0.0319324 1.03123 24
 -0.181783 -0.0318239 1.027 46 -0.199201 -0.0314851 1.01098 35 -0.141767 -0.0602464 1.02523 33
 -0.174107 -0.0290256 1.03559 102 -0.151544 -0.0597943 1.03163 39 -0.153992 -0.0670856 1.03063 33
 -0.133802 -0.0146422 0.990993 110 -0.126523 -0.0194004 0.995728 73 -0.222229 -0.0052109 0.97698 16
 -0.126504 -0.0241309 0.999279 157 -0.217195 -0.00906674 0.987641 16 -0.131399 -0.0719671 1.01283 13
 -0.126082 -0.0367358 1.00845 115 -0.211755 -0.0234883 0.991008 32 -0.109489 -0.103494 1.03224 13
 -0.125945 -0.056321 1.01699 105 -0.11559 -0.0829438 1.02329 28 -0.221501 -0.0149108 0.997232 21
 -0.130035 -0.0543497 1.02096 120 -0.149956 -0.0276476 1.03586 47 -0.189717 -0.0359384 1.02427 24
 -0.164981 -0.0437172 1.04738 101 -0.129529 -0.0720498 1.02397 84 -0.143303 -0.0350014 1.00228 10
 -0.124726 -0.0347423 1.00982 57 -0.146502 -0.0108159 0.989896 31 -0.109829 -0.0511631 1.01274 23
 -0.135345 -0.0340236 1.00924 69 -0.124616 -0.0593422 1.01147 40 -0.113183 -0.171389 1.05958 35
 -0.129454 -0.0551936 1.01493 110 -0.130117 -0.0505205 1.01555 58 -0.135825 -0.0526357 0.993023 12
 -0.115993 -0.0871267 1.02608 76 -0.206318 -0.0780734 1.01011 45 -0.178868 -0.101867 1.00887 28
 -0.123078 -0.0771413 1.02197 90 -0.134604 -0.108754 1.0206 25 -0.109511 -0.103488 1.0484 7
 -0.127708 -0.106448 1.02136 116 -0.118247 -0.113969 1.0364 37 -0.121945 -0.111739 1.03072 28
 -0.137711 -0.130926 1.03152 170 -0.165406 -0.0947735 1.0117 19 -0.118404 -0.0969276 1.03592 5
 -0.14101 -0.129697 1.02699 6
 -0.176655 -0.0613197 1.03681 164 -0.122619 -0.130917 1.05963 24 -0.149507 -0.0789105 1.0269 12
 -0.178876 -0.0805381 1.02473 200
 -0.150094 -0.119883 1.02186 34
 -0.123917 -0.130016 1.04258 11 -0.156055 -0.13064 1.03018 9 -0.207622 -0.0696668 1.00177 3
