 -0.100718 -0.00865179 0.979757 161 -0.0414158 -0.0214983 1.00063 13 -0.118695 -0.0517901 1.01915 12
 -0.102176 -0.0198982 0.979765 180 -0.106957 -0.0202448 1.02386 10 -0.116375 -0.0461727 1.02596 9
 -0.103065 -0.0337158 0.983119 149 -0.106799 -0.0423475 1.03191 48 -0.0817707 -0.116019 0.980476 2
 -0.106065 -0.0613725 0.990738 115 -0.105748 -0.0658415 0.98887 68 -0.104485 -0.0482155 1.03673 16
 -0.102373 -0.073327 0.992067 198 -0.0880063 -0.126871 0.993596 2
 -0.0977559 -0.0923205 0.989477 143 -0.0845034 -0.130013 0.98531 51 -0.0876932 -0.121068 0.984894 3
 -0.112516 -0.0260009 0.987657 180 -0.0525169 -0.0180267 1.00177 9 -0.11273 -0.0381367 1.02741 5
 -0.116209 -0.0382622 0.993155 178 -0.112377 -0.0569414 1.03142 13 -0.100487 -0.0247438 1.03731 4
 -0.112263 -0.0550007 0.99464 96 -0.101775 -0.049553 1.03322 28 -0.0726671 -0.103033 1.00061 26
 -0.0957592 -0.0654527 1.00717 62 -0.0845847 -0.0980278 0.998856 43 -0.0587475 -0.0707081 0.999756 36
 -0.0781369 -0.0935399 0.986717 105 -0.0867439 -0.0714209 1.02098 76 -0.112909 -0.0529392 1.00345 18
 -0.0837265 -0.0723266 1.02228 127 -0.0773972 -0.117186 0.992622 66 -0.068208 -0.0857549 0.988595 7
 -0.0946736 -0.00875732 0.983848 137 -0.052256 -0.0224767 1.00071 42 -0.0928515 -0.0246139 1.03226 21
 -0.100991 -0.0213068 0.984359 89 -0.066457 -0.029581 1.00155 79 -0.10583 -0.0210055 1.03079 26
 -0.0985655 -0.0495384 1.02972 100 -0.0880216 -0.0724884 1.02047 42 -0.0510446 -0.110637 0.992822 20
 -0.0987387 -0.0616444 1.03568 97 -0.0491519 -0.0948408 0.999756 48 -0.0686327 -0.100994 0.993918 33
 -0.0722589 -0.0931962 1.00695 133 -0.0479919 -0.0828353 1.02253 41 -0.0917676 -0.0643257 1.03726 20
 -0.102184 -0.0850119 0.996857 86 -0.0880462 -0.0734507 1.02948 35 -0.0772986 -0.0748337 1.01001 32
 -0.0496325 -0.0178186 0.997594 160 -0.0446832 -0.104997 1.00207 29 -0.110376 -0.0118159 0.98964 7
 -0.053941 -0.0303167 1.00273 190 -0.110142 -0.0240672 0.996668 7 -0.107412 -0.0228048 1.04442 2
 -0.0552965 -0.0504474 1.00973 150 -0.0449852 -0.13241 1.01113 28 -0.112059 -0.0282964 0.989664 9
 -0.0546867 -0.0604756 1.0114 142 -0.0475424 -0.139784 1.01765 44 -0.0469188 -0.118011 1.0162 6
 -0.0599379 -0.0666578 1.01306 80 -0.0599416 -0.0738935 1.01166 78 -0.0514857 -0.117936 1.00153 15
 -0.0604909 -0.101144 1.00943 153 -0.0964611 -0.0637591 1.03839 29 -0.0529838 -0.1367 1.01355 5
 -0.0482653 -0.0309024 1.00603 182 -0.105946 -0.0137327 0.991096 18
 -0.0520159 -0.0517079 1.01121 144 -0.0514725 -0.183368 1.02437 42 -0.101625 -0.0288585 0.983154 11
 -0.0555446 -0.0707155 1.00872 117 -0.0516567 -0.139418 1.01707 46 -0.0502566 -0.0880787 1.00902 16
 -0.0503484 -0.107238 1.0161 114 -0.0560702 -0.0762401 1.00128 30 -0.104669 -0.0741582 0.999686 13
 -0.0504016 -0.0968577 1.01013 110 -0.03883 -0.0820656 1.0185 23 -0.0436616 -0.0877774 1.01489 6
 -0.0632992 -0.117895 0.988129 56 -0.0526305 -0.129763 1.0115 52 -0.0642918 -0.093752 1.01188 45
 -0.069592 -0.146018 1.00618 193 -0.0633704 -0.0822859 0.997618 2 -0.0890765 -0.193146 1.06421 2
 -0.0579153 -0.125416 1.01611 8 -0.0795709 -0.0492666 1.01955 3 -0.0994009 -0.0602811 1.03647 1
 -0.0621215 -0.142813 1.01776 34 -0.0919082 -0.0767499 1.0265 31 -0.0798615 -0.107895 0.991248 26
 -0.0915186 -0.0896647 1.00601 161 -0.108686 -0.0673862 1.02463 24 -0.0790058 -0.158375 1.00184 11
 -0.0824425 -0.0910425 1.0179 1 -0.114688 -0.0218809 0.99296 1
 -0.0618864 -0.141909 1.01067 11 -0.0847954 -0.154003 1.01441 7 -0.0768934 -0.150955 1.01184 1
