 -0.0343729 -0.00420227 0.869527 75 -0.0804345 -0.017508 0.91295 20 -0.0271938 -0.00364905 0.837026 18
 -0.0760026 -0.00185633 0.916189 41 -0.0997297 -0.0520501 0.946778 26 -0.0298185 -0.0114726 0.846199 24
 -0.111045 -0.0370634 0.935261 109 -0.066946 0.00260539 0.915681 37 -0.141326 -0.0404686 1.00103 14
 -0.111911 -0.0281777 0.940671 132 -0.0626456 0.00715114 0.922872 23 -0.138239 -0.0388847 1.004 19
 -0.111723 -0.0205052 0.949918 83 -0.0663751 0.00540142 0.929465 24 -0.0887726 -0.0422711 0.931292 24
 -0.0684876 0.0120859 0.922765 39 -0.112515 -0.0217381 0.943425 38 -0.111807 -0.026285 0.941476 35
 -0.0191763 -0.0134489 0.878134 82 -0.03324 -0.00677244 0.832527 25 -0.0755112 -0.0307136 0.912878 22
 -0.111948 -0.0317261 0.951492 74 -0.0754754 -0.0255773 0.901895 30 -0.0615261 0.00633786 0.920225 18
 -0.117123 -0.0135523 0.955729 47 -0.0713255 -0.0166866 0.907966 36 -0.0655977 -0.0377093 0.903658 35
 -0.084145 -0.0330569 0.931331 57 -0.0810639 0.0101447 0.926891 32 -0.0725386 -0.0216175 0.911075 25
 -0.0643104 -0.0333078 0.902204 81 -0.0761796 -0.0133675 0.923907 28 -0.109166 -0.034887 0.921328 24
 -0.0973971 -0.00999368 0.938991 26 -0.0610048 -0.0308665 0.948319 26 -0.0752429 -0.00814655 0.911532 24
 -0.0167178 -0.0125812 0.881243 110 -0.0435791 0.00670318 0.857966 19 -0.0536388 0.0113094 0.915803 19
 -0.0289642 -0.0134144 0.88726 123 -0.0497337 -0.0292973 0.953546 30 -0.0325163 -0.0250904 0.839585 20
 -0.0523578 0.00707792 0.919361 137 -0.0384747 -0.00925341 0.850906 28 -0.0522999 -0.0195619 0.958176 18
 -0.0535864 0.0110945 0.923571 161 -0.0611131 -0.0245991 0.898509 16 -0.0612261 0.00480429 0.885846 13
 -0.0757104 -0.00739351 0.912094 122 -0.0524351 -0.0169477 0.955579 21 -0.050885 -0.0319649 0.897918 20
 -0.0796708 -0.0256719 0.923343 116 -0.0555618 -0.0299462 0.90404 38 -0.0617469 0.00843598 0.929435 23
 -0.0220786 0.00503618 0.8855 126 -0.032189 -0.056335 0.891805 29 -0.0435871 0.00669208 0.85676 20
 -0.0376093 -0.0522484 0.894876 67 -0.0206531 -0.0115498 0.883486 51 -0.0321664 -0.000570525 0.89386 37
 -0.044541 -0.0440106 0.89752 50 -0.0281714 -0.000430613 0.893406 42 -0.0364674 -0.00726753 0.846751 35
 -0.0388834 0.0115728 0.909702 140 -0.0468671 0.00760277 0.86713 13 -0.0523112 -0.0439646 0.896289 11
 -0.0670282 0.00440458 0.912502 49 -0.036806 0.00747605 0.901401 38 -0.109155 -0.0317304 0.939594 36
 -0.07615 -0.0174518 0.925797 28 -0.040202 -0.0245224 0.967549 12 -0.0482608 -0.0180342 0.835972 7
 -0.0287442 -0.0582079 0.890525 129 -0.0151433 -0.0107541 0.883164 58 -0.054809 -0.0321367 0.890846 4
 -0.0403769 -0.058293 0.895704 156 -0.0520508 -0.0581605 0.92211 38 -0.0308467 -0.00791579 0.89302 5
 -0.0546126 -0.059575 0.92312 152 -0.0200653 -0.0113168 0.884449 25 -0.143365 -0.0481036 1.02691 6
 -0.0644107 -0.0550869 0.927795 103 -0.0591281 -0.0601936 0.927063 85 -0.0447878 -0.0453244 0.887063 6
 -0.0654574 -0.0538942 0.930603 7 -0.0672197 -0.0426465 0.929305 4 -0.0638161 -0.0593437 0.931091 1
 -0.0752156 -0.053884 0.930561 43 -0.0968792 -0.041409 0.938608 14 -0.0510388 -0.0397839 0.907667 3
 -0.0969112 -0.00828875 0.952923 86 -0.127068 -0.0272053 1.00217 42 -0.117134 -0.0209608 0.977447 14
 -0.0695127 -0.00182212 0.922494 7 -0.0670629 -0.0390023 0.929127 2 -0.0940042 -0.00443083 0.95 1
 -0.0650178 -0.0134455 0.886719 11 -0.0916594 -0.0140627 0.926012 9 -0.0633608 -0.0169635 0.917485 1
 -0.102847 -0.0167861 0.933284 108 -0.0467275 -0.000151083 0.873953 28 -0.0705151 0.0125534 0.939342 14
 -0.0259269 -0.00130234 0.901532 21 -0.0797337 -0.00521419 0.929981 7 -0.0620603 -0.00389796 0.92226 6
 -0.0668305 -0.00406487 0.914159 53 -0.0795334 -0.0378915 0.932969 15 -0.10906 -0.0134699 0.966402 14
