 -0.187534 0.118953 0.9266 194 -0.178925 -0.00370586 0.920289 6
 -0.188329 0.10719 0.928123 199 -0.180429 0.0144613 0.928634 1
 -0.18947 0.0931569 0.933703 123 -0.157096 0.0465998 0.948478 64 -0.203035 0.0390861 0.928519 6
 -0.145846 0.0507517 0.953198 120 -0.190977 0.0817334 0.935214 52 -0.208909 0.0442612 0.935981 10
 -0.143373 0.0556545 0.960251 120 -0.191488 0.0717781 0.935508 38 -0.212863 0.000729544 0.933677 15
 -0.202712 0.0381075 0.934433 105 -0.194273 0.0751579 0.935146 35 -0.20757 -0.000804493 0.938441 17
 -0.141776 0.125325 0.898978 86 -0.180385 0.1171 0.92727 69 -0.1712 0.00399131 0.927235 29
 -0.148637 0.113373 0.908069 68 -0.176429 0.0997861 0.927015 36 -0.175662 0.0607616 0.928199 28
 -0.181945 0.0758801 0.932551 151 -0.150141 0.0497418 0.887274 29 -0.159352 0.101137 0.92735 10
 -0.184082 0.0614401 0.932422 159 -0.179794 0.110244 0.93244 18 -0.157161 0.0895746 0.931299 12
 -0.183269 0.0340772 0.935313 74 -0.168638 0.0182938 0.916636 37 -0.169677 0.0962325 0.927551 30
 -0.192566 0.0376766 0.944 52 -0.181571 0.0752602 0.93494 33 -0.178217 0.0824158 0.937288 28
 -0.14202 0.12479 0.902109 181 -0.179857 0.121426 0.930971 10 -0.15889 0.0902407 0.934928 4
 -0.147208 0.109919 0.91454 195 -0.143651 0.0521902 0.891808 4 -0.133308 0.0578619 0.95668 1
 -0.157734 0.0946484 0.930361 188 -0.155549 0.0718691 0.88094 7 -0.185951 0.0892321 0.931261 4
 -0.154252 0.112532 0.914319 105 -0.155154 0.0666575 0.879878 39 -0.161284 0.0819335 0.935783 29
 -0.161451 0.0929979 0.934492 89 -0.18117 0.0293489 0.937886 32 -0.183449 0.0199035 0.931561 24
 -0.169947 0.0469273 0.94719 102 -0.151715 0.0877234 0.940678 53 -0.154582 0.0565984 0.891801 28
 -0.124728 0.113959 0.908678 199 -0.144391 0.0507711 0.885026 1
 -0.129113 0.103734 0.918091 197 -0.145585 0.0429586 0.896046 3
 -0.142138 0.0905135 0.935225 194 -0.149995 0.0333046 0.907571 6
 -0.147253 0.0830045 0.94194 88 -0.14403 0.0789165 0.945093 81 -0.143909 0.0381005 0.903257 15
 -0.152752 0.0706061 0.951009 171 -0.18576 0.065413 0.935403 15 -0.174104 0.0857226 0.871111 6
 -0.15185 0.0649743 0.958254 52 -0.185811 0.0524043 0.938475 20 -0.148985 0.0517146 0.898848 20
 -0.134759 0.11891 0.902979 130 -0.156313 0.0547823 0.877774 30 -0.112572 0.0889479 0.909135 16
 -0.136762 0.0961297 0.935647 96 -0.158124 0.0294976 0.909011 30 -0.154043 0.0677972 0.876662 14
 -0.150297 0.0286956 0.916243 100 -0.14106 0.0760097 0.951738 94 -0.191164 0.0798805 0.937592 3
 -0.153445 0.0152421 0.92778 127 -0.148175 0.0542927 0.958997 72 -0.129565 0.0507751 0.896046 1
 -0.158847 0.00132393 0.940639 200
 -0.172845 -0.00637469 0.936942 134 -0.158749 0.0675192 0.946073 47 -0.153641 0.037387 0.896009 19
 -0.190997 -0.0185566 0.952668 119 -0.187856 0.0641015 0.942007 36 -0.185369 0.042171 0.938067 19
 -0.176632 -0.0197624 0.961393 91 -0.199263 0.0121577 0.941649 59 -0.206291 -0.022918 0.961376 32
 -0.185399 -0.000781189 0.936612 28 -0.185753 0.0530639 0.932605 18 -0.170317 0.0512981 0.887531 14
 -0.198326 0.0339121 0.939298 90 -0.19631 0.0388471 0.939519 46 -0.168942 0.00109013 0.932046 31
 -0.177715 0.0389962 0.935566 60 -0.184756 0.00118597 0.936317 23 -0.149041 0.0573992 0.888466 13
 -0.197453 -0.0261606 0.960567 138 -0.191005 0.0337942 0.942772 23 -0.177268 0.0739697 0.937301 10
