 0.0783319 -0.199566 0.991089 81 0.0770418 -0.183331 0.807994 23 0.0869323 -0.183991 0.844586 20
 0.0820003 -0.203493 0.995225 77 0.0969606 -0.180928 0.856386 32 0.0807729 -0.149073 0.777139 29
 0.0921023 -0.174734 0.859892 116 0.0860426 -0.126484 0.866537 18 0.0819429 -0.189824 0.989109 18
 0.102713 -0.181967 0.869209 30 0.146754 -0.144764 0.895313 29 0.0789749 -0.202427 0.999806 27
 0.108978 -0.170199 0.881939 26 0.105824 -0.154556 0.872364 24 0.111272 -0.164286 0.884581 21
 0.128354 -0.11053 0.814856 58 0.119962 -0.139073 0.891115 45 0.0812834 -0.197995 0.983406 32
 0.109599 -0.109962 0.840303 94 0.0918662 -0.120211 0.875355 34 0.132603 -0.102752 0.816181 19
 0.103243 -0.120235 0.849081 68 0.0944559 -0.118282 0.877414 49 0.109608 -0.133381 0.86866 30
 0.102204 -0.125216 0.835636 59 0.0979519 -0.121094 0.86917 50 0.132017 -0.142448 0.897586 36
 0.0994879 -0.122257 0.846126 56 0.0917616 -0.118343 0.876652 48 0.12335 -0.127751 0.891818 33
 0.119538 -0.140173 0.896992 74 0.0773399 -0.14438 0.77933 44 0.0935875 -0.144734 0.86041 33
 0.111326 -0.148049 0.880464 69 0.0845651 -0.150325 0.793949 41 0.127128 -0.0845636 0.811515 29
 0.132298 -0.102915 0.815788 44 0.0938828 -0.112193 0.87492 38 0.1153 -0.10687 0.831582 33
 0.153908 -0.11113 0.87617 41 0.145313 -0.107199 0.809225 38 0.133169 -0.124474 0.890292 33
 0.122356 -0.133593 0.892437 82 0.14992 -0.130299 0.893038 40 0.124007 -0.113542 0.824723 34
 0.127357 -0.139786 0.893944 104 0.115986 -0.118573 0.833962 46 0.116293 -0.111939 0.813216 22
 0.123857 -0.1475 0.897908 106 0.106436 -0.144636 0.870434 22 0.078393 -0.121982 0.781712 21
 0.121481 -0.149865 0.892241 89 0.128353 -0.11552 0.823277 34 0.106213 -0.147821 0.878085 29
 0.171726 -0.104319 0.861795 112 0.152383 -0.12916 0.895975 42 0.137931 -0.100444 0.811464 42
 0.163272 -0.112967 0.86354 111 0.146724 -0.140656 0.899719 53 0.134215 -0.110414 0.815913 32
 0.149403 -0.13257 0.898002 130 0.124333 -0.109807 0.820656 34 0.142742 -0.121063 0.882904 32
 0.134393 -0.13792 0.900516 118 0.13533 -0.134148 0.898426 45 0.120486 -0.111948 0.82761 31
 0.139521 -0.146751 0.904989 67 0.13761 -0.153372 0.908699 46 0.153711 -0.132343 0.901141 26
 0.147918 -0.174738 0.902007 25 0.129886 -0.148001 0.900885 12 0.118622 -0.102532 0.828346 3
 0.172324 -0.111048 0.857914 146 0.146864 -0.140942 0.896855 19 0.124133 -0.108845 0.814881 16
 0.165014 -0.11678 0.875471 117 0.143772 -0.13582 0.899822 20 0.0989727 -0.168384 0.862902 18
 0.152879 -0.134646 0.903512 79 0.135497 -0.155856 0.912647 52 0.100928 -0.175426 0.872341 36
 0.120136 -0.112174 0.811293 70 0.12861 -0.166566 0.90837 59 0.150876 -0.134676 0.903886 29
 0.130581 -0.169753 0.91461 22 0.121639 -0.178141 0.879975 1 0.0978176 -0.153195 0.88229 1
 0.116867 -0.162297 0.901735 41
 0.109744 -0.153968 0.868811 70 0.134243 -0.11807 0.819537 31 0.128444 -0.149584 0.901315 24
 0.112397 -0.132722 0.88043 0.760384
 0.115205 -0.0991752 0.824927 5 0.129756 -0.129843 0.813442 5 0.126261 -0.112236 0.89352 4
 0.117142 -0.153292 0.888135 29 0.0772147 -0.206004 0.99567 7 0.127487 -0.149301 0.892516 7
 0.113086 -0.154525 0.895703 2
 0.117934 -0.169056 0.902533 5 0.0907417 -0.193121 1.0041 2
