 0.0453788 -0.0441378 0.900703 96 0.0170848 -0.112859 0.932734 37 0.0317292 -0.0627492 0.914456 18
 0.0448402 -0.0542693 0.907032 95 0.0812935 -0.0177687 0.924916 45 0.0618432 -0.0258091 0.917549 21
 0.0653584 -0.0222703 0.920101 76 0.0406558 -0.068664 0.919938 75 0.0338221 -0.115498 0.927994 23
 0.0653492 -0.018735 0.927197 72 0.0396428 -0.0714293 0.918472 52 0.0492199 -0.0322072 0.891346 35
 0.0579983 -0.0219998 0.927288 75 0.0312098 -0.108111 0.930552 44 0.0447812 -0.0407758 0.897047 40
 0.0175115 -0.110957 0.933245 100 0.039309 -0.0676003 0.918362 64 0.0669825 -0.00476398 0.981325 14
 0.0387468 -0.0377318 0.890719 41 0.0818717 0.0154642 0.980451 40 0.0218764 -0.0974085 0.934044 38
 0.036711 -0.0512209 0.899529 56 0.0744141 0.0110253 0.985677 38 0.0225965 -0.1008 0.927167 33
 0.0296001 -0.0923182 0.928494 62 0.0643914 -0.0129661 0.930716 43 0.0416447 -0.0296921 0.88356 30
 0.0289209 -0.0955038 0.931685 76 0.0532762 -0.024518 0.935352 32 0.0363146 -0.0457179 0.896505 20
 0.0456175 -0.0660754 0.922417 48 0.0350283 -0.0588579 0.898611 40 0.0341801 -0.0898946 0.911523 36
 0.0355467 -0.0819174 0.926372 67 0.0316929 -0.0869929 0.927232 62 0.0267976 -0.0473015 0.898679 16
 0.0841423 0.0242164 0.981865 143 0.10569 -0.00929783 0.949555 21 0.083297 0.0102768 0.920296 18
 0.0825606 -0.00601592 0.924226 89 0.0788454 0.011338 0.98326 47 0.0610251 -0.00592979 0.984974 14
 0.0777427 0.00782559 0.982861 83 0.0319282 -0.0776077 0.915747 41 0.0672812 -0.0176126 0.926613 23
 0.0274008 -0.086628 0.9164 51 0.0352672 -0.0713303 0.912113 48 0.0749926 0.00980079 0.986034 30
 0.0537593 -0.08422 0.973489 82 0.0379533 -0.0614786 0.922611 54 0.0563336 -0.0929702 0.915486 27
 0.0483504 -0.098466 0.971599 64 0.0282701 -0.0873058 0.938374 49 0.0835295 -0.00559058 0.953816 19
 0.0833665 0.021389 0.979301 69 0.106903 -0.00336145 0.947059 61 0.0831761 0.0127716 0.915497 48
 0.102249 -0.00352893 0.948442 106 0.0762166 -0.00130215 0.919378 38 0.076998 0.005525 0.982388 23
 0.0765691 -0.102321 0.967503 70 0.0768502 -0.0209971 0.951172 45 0.0651187 0.000776734 0.979891 33
 0.0728756 -0.117782 0.972223 80 0.0722618 -0.0226229 0.95442 21 0.0529884 -0.0254211 0.877372 19
 0.04841 -0.0998407 0.970853 111 0.0564648 -0.0623612 0.984093 23 0.0208212 -0.0749238 0.947954 9
 0.0488902 -0.0672168 0.983901 89 0.0749518 -0.0112512 0.927536 7 0.073824 -0.124427 0.974905 2
 0.116721 -0.0753058 0.978067 154 0.1091 -0.00356661 0.949092 41 0.0981237 0.000677487 0.917877 5
 0.0983826 -0.0848516 0.985351 194 0.0837142 -0.00928353 0.954144 5 0.0871984 -0.00752351 0.927117 1
 0.0859873 -0.0959125 0.986297 197 0.0650269 8.47302e-05 0.923191 2 0.103313 -0.0866957 0.966227 1
 0.0690017 -0.103087 0.979147 149 0.0721664 -0.0148247 0.957457 32 0.106735 -0.000882645 0.953735 12
 0.0610251 -0.102254 0.977817 61 -0.00797738 -0.158589 0.966923 29 0.0696445 -0.0280322 0.955284 1
 0.04792 -0.114056 0.936779 24 0.0379111 -0.124316 0.94918 8 0.0478375 -0.0911186 0.923993 5
 0.00714928 -0.141383 0.963579 200
 -7.63684e-05 -0.14533 0.962133 11
 0.0610875 0.0180924 0.98776 17 0.0262231 -0.08721 0.957977 3 0.030583 -0.104502 0.936043 1
 0.0242989 -0.118892 0.947376 52 0.0432825 -0.0777969 0.922033 39 0.0270686 -0.118039 0.944229 18
 0.0130205 -0.114129 0.961971 6 0.0281748 -0.0793039 0.935495 4
 0.00466112 -0.140326 0.967761 115 0.0728723 0.0144305 0.925737 5 0.0347434 -0.100045 0.9272 3
