 -0.103999 -0.125594 0.856061 115 -0.122909 -0.153712 0.880185 66 -0.105918 -0.147798 0.837553 11
 -0.0984136 -0.133248 0.860728 94 -0.10595 -0.149002 0.8455 42 -0.115853 -0.158599 0.883281 37
 -0.102948 -0.14272 0.861215 68 -0.0930387 -0.147727 0.865119 55 -0.122666 -0.147444 0.897846 29
 -0.100301 -0.139332 0.86344 66 -0.0794022 -0.162851 0.856308 31 -0.115867 -0.160135 0.883396 24
 -0.0865339 -0.164823 0.884614 160 -0.103732 -0.159753 0.943572 20 -0.115772 -0.175249 0.900985 14
 -0.0486248 -0.170927 0.937819 93 -0.0308138 -0.162116 0.955382 55 -0.112309 -0.147367 0.956021 20
 -0.107689 -0.131939 0.862433 99 -0.0918322 -0.120608 0.950971 48 -0.0907939 -0.151375 0.942671 25
 -0.0938691 -0.136743 0.942788 66 -0.0658471 -0.162534 0.937142 63 -0.111372 -0.150744 0.871084 36
 -0.0949225 -0.155406 0.944978 113 -0.053231 -0.148174 0.868515 28 -0.048968 -0.158177 0.918931 26
 -0.100138 -0.152258 0.951249 143 -0.0438802 -0.162429 0.915315 43 -0.0506339 -0.157584 0.880351 8
 -0.0954547 -0.146931 0.941676 158 -0.0477961 -0.163852 0.948335 41 -0.0931272 -0.171431 0.919279 1
 -0.0935235 -0.13966 0.958436 144 -0.068911 -0.158552 0.894968 15 -0.0768055 -0.170049 0.930927 10
 -0.0877698 -0.122671 0.956355 136 -0.0222365 -0.20212 1.03162 25 -0.0534733 -0.146121 0.956969 7
 -0.0982846 -0.148314 0.94324 70 -0.0784196 -0.171279 0.945429 61 -0.0887152 -0.136188 0.959869 27
 -0.0811767 -0.152691 0.953653 170 -0.0658396 -0.168504 0.881178 22 -0.0667024 -0.181011 0.907218 5
 -0.0645408 -0.160798 0.944427 103 -0.0733366 -0.164339 0.882773 33 -0.0631477 -0.140785 0.961846 32
 -0.06886 -0.154744 0.955696 159 -0.0950997 -0.165148 0.880644 28 -0.0693469 -0.167992 0.925489 7
 -0.0878528 -0.137438 0.960669 109 -0.0663249 -0.156123 0.951724 87 -0.0740663 -0.150291 0.955677 2
 -0.0325035 -0.199255 1.02636 81 -0.0449843 -0.142653 0.961829 53 -0.0953986 -0.114418 0.958271 38
 -0.0381754 -0.193689 1.01706 66 -0.06505 -0.12224 0.951055 58 -0.0406434 -0.172233 0.945243 22
 -0.0629416 -0.134614 0.965275 119 -0.0439497 -0.190202 1.00119 41 -0.0294119 -0.1503 0.963284 28
 -0.0631639 -0.149412 0.96757 84 -0.0797325 -0.126062 0.972683 70 -0.0356652 -0.162417 0.970648 27
 -0.0501581 -0.151272 0.9634 58 -0.0746468 -0.130872 0.965169 56 -0.0683245 -0.137348 0.964545 23
 -0.0589472 -0.147348 0.972911 70 -0.087181 -0.15145 0.940344 25 -0.0546063 -0.159726 0.955105 15
 -0.02607 -0.197514 1.02555 142 -0.0274663 -0.176916 0.948119 29 -0.044218 -0.171082 0.914844 12
 -0.024462 -0.143626 0.951496 63 -0.0408186 -0.210675 1.04858 51 -0.0423171 -0.171181 0.950597 50
 -0.0419255 -0.16189 0.947329 98 -0.046813 -0.191002 1.02619 35 -0.0583944 -0.213153 1.04813 28
 -0.0451083 -0.168504 0.946161 56 -0.0491257 -0.146927 0.975811 26 -0.0395507 -0.180981 1.0197 26
 -0.0625431 -0.157541 0.879788 8 -0.0853946 -0.170138 0.903246 3 -0.0562534 -0.14639 0.966862 3

 -0.101452 -0.150248 0.955187 95 -0.103542 -0.138215 0.862694 47 -0.0626133 -0.147639 0.964539 18
 -0.0432292 -0.156324 0.960383 16
 -0.0840319 -0.168448 0.950697 7
 -0.0386799 -0.171268 0.956856 75 -0.0777275 -0.171914 0.93868 22 -0.103073 -0.150249 0.952693 5

 -0.0879858 -0.13841 0.960117 4
