 -0.131047 -0.0350272 0.867809 69 -0.186499 0.00192966 0.771329 45 -0.174088 -0.0270893 0.829091 33
 -0.182937 -0.00823364 0.773541 73 -0.177226 -0.0325791 0.827214 43 -0.137431 -0.0393348 0.859068 43
 -0.167949 -0.0322841 0.839234 107 -0.18119 -0.000815794 0.774447 44 -0.123296 -0.0198259 0.863805 16
 -0.162557 -0.0349322 0.844833 127 -0.189763 -0.0304948 0.814002 30 -0.184147 0.0064848 0.776512 21
 -0.157786 -0.040766 0.848882 124 -0.184861 -0.0264664 0.824264 44 -0.181706 0.000279765 0.779821 21
 -0.145508 -0.0449571 0.858021 67 -0.170107 -0.0291532 0.843846 49 -0.0952163 -0.0148368 0.909651 32
 -0.154173 -0.0189711 0.856119 100 -0.167656 0.0167349 0.773149 46 -0.171871 0.0272354 0.824824 44
 -0.151942 -0.0277704 0.84718 111 -0.171624 0.0218692 0.841802 43 -0.169533 0.00713007 0.777602 18
 -0.165693 -0.0311498 0.84214 67 -0.171742 0.00775584 0.837224 48 -0.122413 -0.00757127 0.847651 41
 -0.1714 0.00767072 0.840073 132 -0.131629 -0.00504763 0.840199 35 -0.15888 -0.0409822 0.849506 15
 -0.1703 0.0219068 0.83981 38 -0.165117 -0.0244878 0.846437 29 -0.16749 0.00511101 0.841825 29
 -0.118748 -0.0351167 0.870785 128 -0.138463 -0.00344358 0.841686 23 -0.153894 -0.0174915 0.856157 21
 -0.182833 0.0101337 0.770679 95 -0.172386 0.0307258 0.826645 87 -0.133091 -0.0207211 0.849503 10
 -0.168595 0.0160518 0.838865 111 -0.175831 0.0114763 0.83311 61 -0.172207 0.0132 0.835777 13
 -0.168802 -0.00210379 0.843404 192 -0.0994433 -0.0284369 0.914086 8
 -0.163331 0.0242362 0.846326 79 -0.15672 -0.0103584 0.852169 57 -0.167138 -0.00468603 0.840958 53
 -0.153467 -0.00650118 0.843732 94 -0.139475 -0.0278808 0.859895 45 -0.176042 0.0011804 0.840277 44
 -0.141837 -0.00698402 0.862555 88 -0.159378 0.0190374 0.849607 28 -0.138004 -0.0435633 0.867864 26
 -0.0904332 -0.0797377 0.940664 85 -0.163367 0.034525 0.839471 42 -0.179348 0.0295469 0.820954 29
 -0.158585 0.0261278 0.835278 99 -0.0921052 -0.0642424 0.941253 52 -0.0918635 -0.0274423 0.902615 32
 -0.151535 0.0179961 0.845205 191 -0.170331 0.0231886 0.837529 8 -0.0957147 0.00417846 0.855781 1
 -0.163451 0.0236892 0.842218 167 -0.0944477 -0.0224677 0.906427 18 -0.146735 0.0120914 0.853249 10
 -0.154359 0.0104845 0.854738 177 -0.134122 -0.00264728 0.856663 20 -0.106543 -0.010207 0.875228 3
 -0.124246 -0.012553 0.856676 53 -0.104745 -0.0328277 0.916264 11 -0.157963 -0.0200391 0.846043 9
 -0.0951455 -0.0971283 0.945468 130 -0.173116 0.0293634 0.840492 31 -0.167623 0.0159312 0.827984 15
 -0.11015 -0.0874954 0.948401 140 -0.120134 0.011134 0.827755 21 -0.156536 0.00996708 0.848069 20
 -0.121881 0.014433 0.831053 115 -0.139144 -0.00408591 0.857437 69 -0.124414 -0.0754457 0.941379 15
 -0.119834 0.00909971 0.844764 183 -0.106979 -0.0125585 0.897793 11 -0.149444 0.0207186 0.844543 6
 -0.11429 -0.00728623 0.860113 179 -0.109106 -0.00719152 0.900337 16 -0.141618 -0.0531438 0.86645 5
 -0.115576 -0.0217473 0.870099 98 -0.111323 -0.0272047 0.889656 66 -0.138631 -0.0324566 0.867355 36
 -0.129993 -0.0494517 0.90896 145 -0.132917 -0.0408002 0.872685 35 -0.141632 -0.0410329 0.853115 13
 -0.12658 -0.0093525 0.858229 58 -0.102187 -0.0405805 0.945108 6 -0.113715 -0.0322461 0.907289 5
 -0.155096 -0.0387609 0.857097 48 -0.123124 -0.0342447 0.877111 17
 -0.13936 -0.0387253 0.858631 122 -0.150845 -0.0309506 0.856645 63 -0.145853 -0.0345467 0.857235 15
 -0.14647 -0.0409328 0.861407 47
 -0.149626 0.00759861 0.847234 32 -0.158988 0.0196238 0.816641 7 -0.15756 -0.0254851 0.840773 2
