 0.105617 -0.157563 0.871123 114 0.147721 -0.169625 0.821609 48 0.138038 -0.151962 0.813956 23
 0.114861 -0.156358 0.862559 114 0.140713 -0.144966 0.819407 34 0.0507023 -0.147162 0.89846 34
 0.139607 -0.210947 0.839855 85 0.0642579 -0.152261 0.907387 46 0.145036 -0.139654 0.821627 34
 0.137916 -0.203134 0.838193 57 0.0745315 -0.155457 0.913019 45 0.151762 -0.130958 0.822939 34
 0.147913 -0.199489 0.834941 115 0.111122 -0.191578 0.841039 64 0.0852858 -0.177135 0.894768 9
 0.138444 -0.206049 0.842601 114 0.114968 -0.172727 0.840057 44 0.120014 -0.176886 0.837456 18
 0.183692 -0.181167 0.819627 95 0.148057 -0.219702 0.839171 81 0.0536646 -0.135695 0.890207 17
 0.1873 -0.171957 0.8298 47 0.107334 -0.18607 0.858899 35 0.149642 -0.221063 0.842613 24
 0.161115 -0.148357 0.828041 117 0.0973496 -0.172395 0.871704 35 0.139759 -0.194097 0.828114 34
 0.164499 -0.150698 0.8308 101 0.135129 -0.185349 0.831911 37 0.0848118 -0.171131 0.869159 35
 0.143149 -0.18062 0.827133 82 0.158981 -0.163659 0.828283 45 0.0816835 -0.157997 0.885753 42
 0.145169 -0.17852 0.829685 88 0.105482 -0.157901 0.879366 67 0.126071 -0.165238 0.853148 35
 0.174765 -0.246117 0.837954 83 0.186611 -0.219157 0.831684 42 0.0964471 -0.12423 0.914681 38
 0.189942 -0.209134 0.833781 79 0.1672 -0.157681 0.822534 66 0.190883 -0.199696 0.831201 44
 0.16839 -0.204844 0.824379 129 0.155663 -0.153006 0.827594 71
 0.164282 -0.189577 0.824845 159 0.184712 -0.181165 0.819438 26 0.147468 -0.151568 0.822135 15
 0.154034 -0.166296 0.828625 200
 0.149774 -0.151824 0.851437 137 0.153612 -0.16676 0.831813 36 0.136744 -0.16799 0.836819 21
 0.186535 -0.230555 0.825688 80 0.187194 -0.238701 0.830112 41 0.179931 -0.137607 0.8193 35
 0.177661 -0.20536 0.827787 130 0.181388 -0.160796 0.819967 41 0.0658422 -0.107904 0.921704 13
 0.184396 -0.192833 0.825002 129 0.155417 -0.161668 0.82383 56 0.181497 -0.152799 0.830883 15
 0.185359 -0.175848 0.826989 102 0.162267 -0.146829 0.825076 79 0.0736244 -0.173598 0.907294 14
 0.174686 -0.161008 0.832648 109 0.126929 -0.140479 0.869734 56 0.108422 -0.135423 0.897076 18
 0.151037 -0.152826 0.843322 88 0.150808 -0.155849 0.840259 63 0.0845595 -0.158481 0.909035 28
 0.183747 -0.23134 0.827291 73 0.172301 -0.138774 0.821445 36 0.167655 -0.204061 0.813326 34
 0.176098 -0.1568 0.830939 103 0.170716 -0.236364 0.838694 91 0.18826 -0.190765 0.838007 3
 0.165667 -0.152365 0.824861 52 0.176407 -0.182512 0.829569 38 0.108377 -0.163236 0.850155 34
 0.172786 -0.165684 0.829654 71 0.123859 -0.177048 0.847868 37 0.174121 -0.172274 0.828155 37
 0.138312 -0.193939 0.845235 110 0.171351 -0.177635 0.825495 15 0.0873622 -0.170888 0.905276 2
 0.104899 -0.165772 0.867478 106 0.137561 -0.18292 0.830033 94
 0.0866179 -0.133802 0.910818 100 0.107405 -0.140203 0.899882 55 0.102277 -0.137903 0.903679 28
 0.178566 -0.189644 0.821126 20 0.159513 -0.22489 0.830657 12 0.153431 -0.204316 0.844945 4
 0.13995 -0.149773 0.865071 190 0.146286 -0.166888 0.839097 9 0.124796 -0.169593 0.820708 1
 0.118565 -0.180467 0.855554 46 0.117782 -0.185435 0.853539 43 0.140258 -0.185963 0.831622 31
 0.130179 -0.151263 0.869543 173 0.150252 -0.156167 0.844681 25 0.146617 -0.154964 0.850458 2
 0.0933786 -0.126666 0.918269 123 0.160591 -0.197776 0.832051 76 0.148385 -0.164743 0.832593 1
