 -0.205956 0.00717104 0.972327 184 -0.198424 -0.0892481 0.982284 16
 -0.205811 -0.0045208 0.977526 200
 -0.20406 -0.0249007 0.991504 133 -0.129037 -0.0669532 0.920244 22 -0.192437 -0.0777621 0.993797 13
 -0.20194 -0.0354999 0.993427 174 -0.206457 -0.10319 1.00128 25 -0.192549 -0.0735619 0.999922 1
 -0.199914 -0.0464462 0.994449 123 -0.195168 -0.0655719 0.997603 42 -0.207287 -0.103588 1.00981 26
 -0.200224 -0.0691409 1.00101 195 -0.184149 -0.13 0.997546 3 -0.181941 -0.0406255 0.967118 1
 -0.155701 -0.049126 0.952327 45 -0.198459 -0.000308643 0.97704 43 -0.13208 -0.0555982 0.952917 22
 -0.1446 -0.0732626 0.93016 80 -0.179614 -0.0800185 1.00024 45 -0.177032 -0.0611075 0.970107 14
 -0.153455 -0.0581565 0.941114 60 -0.178294 -0.0513961 0.979922 50 -0.206502 -0.0762545 0.999317 43
 -0.181528 -0.0504925 0.98487 68 -0.217953 -0.044131 0.994298 49 -0.201113 -0.0862264 1.00143 35
 -0.173955 -0.0491474 0.98856 52 -0.195576 -0.0663764 0.991313 42 -0.17515 -0.0557649 0.993204 38
 -0.183724 -0.0611732 0.996862 92 -0.177594 -0.0908625 0.997984 52 -0.149085 -0.0741708 0.929988 29
 -0.202519 0.00161943 0.977305 74 -0.163325 -0.0351652 0.955753 52 -0.193432 -0.0308741 0.989709 26
 -0.204478 -0.0164855 0.98755 51 -0.145796 -0.0743773 0.922371 35 -0.165743 -0.0434694 0.969883 34
 -0.167721 -0.0509707 0.971985 71 -0.182107 -0.0696113 0.998555 50 -0.199426 -0.0246905 0.989035 39
 -0.172016 -0.0427163 0.979299 87 -0.200399 -0.0379572 0.99494 61 -0.183052 -0.0825171 1.00271 16
 -0.179083 -0.0739931 1.00081 95 -0.180393 -0.0524758 0.98671 89 -0.157362 -0.0536279 0.950461 7
 -0.181017 -0.0751416 1.00247 170 -0.149418 -0.0392803 0.947845 11 -0.161918 -0.0615502 0.935257 9
 -0.134142 -0.047443 0.956555 102 -0.2058 0.00535032 0.976131 63 -0.168789 -0.0428845 0.976925 25
 -0.136692 -0.0538056 0.959369 107 -0.205337 -0.00389974 0.981344 70 -0.168784 -0.0489386 0.979421 15
 -0.136805 -0.0575693 0.95529 144 -0.201963 -0.0154358 0.990246 43 -0.148171 -0.122511 1.00009 5
 -0.152072 -0.0461668 0.960734 88 -0.199117 -0.0344505 0.991024 33 -0.144882 -0.0453601 0.964868 24
 -0.190129 -0.061404 0.997733 41 -0.192133 -0.0675439 0.998372 38 -0.18299 -0.0532951 0.995803 34
 -0.163434 -0.065581 0.987869 66 -0.147463 -0.0721391 0.93485 6 -0.202647 -0.0609147 1.00724 2
 -0.205732 0.00422902 0.978938 112 -0.131773 -0.0468257 0.959976 57 -0.144898 -0.0565553 0.915473 12
 -0.202666 -0.0163258 0.993657 99 -0.146145 -0.0680613 0.929678 77 -0.138044 -0.0558523 0.960399 24
 -0.201847 -0.0552766 0.997687 60 -0.199253 -0.0903659 1.00085 53 -0.144365 -0.0834994 0.95238 27
 -0.144711 -0.0896471 0.979488 177 -0.197493 -0.055342 1.00088 11 -0.158961 -0.0421739 0.965366 6
 -0.156708 -0.100079 0.99192 173 -0.154035 -0.0847839 0.947557 12 -0.161739 -0.125157 1.06109 8
 -0.172394 -0.106071 0.991812 79 -0.174441 -0.111495 0.994342 40 -0.169161 -0.0931444 0.972565 38
 -0.18308 -0.105211 1.00549 182 -0.168088 -0.0439288 0.97541 7 -0.15191 -0.0786284 0.925592 6
 -0.156912 -0.107945 1.00127 36 -0.196105 -0.101741 1.00984 18 -0.159146 -0.111731 1.00892 11
 -0.183953 -0.0800768 1.00136 58 -0.171636 -0.0560655 0.950687 9 -0.1927 -0.0402323 0.997579 6
 -0.185629 -0.0913669 1.00451 150 -0.199995 -0.0674885 1.00239 22 -0.162686 -0.0393788 0.934387 12
 -0.174729 -0.0819825 1.00505 17 -0.150727 -0.0650727 0.918863 2
 -0.18403 -0.128692 1.04849 18 -0.184431 -0.109485 1.0082 18 -0.167243 -0.0549557 0.970253 9
