 -0.132802 -0.00497144 0.984989 107 -0.166165 -0.0496882 1.01228 33 -0.172773 -0.108102 1.02708 26
 -0.1385 -0.00351355 0.994865 84 -0.160462 -0.0330343 1.01329 42 -0.150594 -0.0203274 1.01738 32
 -0.151983 -0.0188658 1.02262 109 -0.161751 -0.0992184 1.01711 57 -0.131392 -0.0865043 1.0119 10
 -0.158005 -0.0181666 1.01578 168 -0.133105 -0.0744374 1.0123 9 -0.0942945 -0.0624963 0.99563 7
 -0.159745 -0.0241693 1.02012 149 -0.16772 -0.0561586 1.02343 33 -0.103299 -0.0661308 0.993291 7
 -0.168984 -0.0430707 1.02558 104 -0.164257 -0.079154 1.0129 55 -0.148738 -0.0102749 1.02486 35
 -0.122165 0.00136406 0.984451 193 -0.133154 -0.0042183 1.02291 7
 -0.128147 0.000536628 0.994272 158 -0.141803 -0.0208528 1.03368 37 -0.144744 -0.0667291 1.01251 5
 -0.120937 -0.0234537 1.03134 67 -0.145377 -0.00868134 1.02577 54 -0.135563 -0.00137504 0.987007 41
 -0.109017 -0.0174264 1.03392 56 -0.144552 -0.0153795 1.02956 45 -0.157462 -0.0309029 1.02328 30
 -0.149212 -0.0444807 1.02553 101 -0.148321 -0.0243129 1.02608 40 -0.105359 -0.0358443 1.03765 24
 -0.118654 -0.0557693 1.03499 64 -0.159662 -0.0540488 1.02834 42 -0.145366 -0.0442715 1.03517 31
 -0.111002 0.00663646 0.987035 189 -0.125887 -0.00668671 1.0306 11
 -0.115815 0.00178555 0.993028 112 -0.127827 -0.0189919 1.02933 88
 -0.127486 -0.0268482 1.03196 177 -0.110481 -0.00377277 0.991069 14 -0.101504 -0.00787669 1.03056 6
 -0.129373 -0.0382712 1.02957 92 -0.108526 -0.0167835 1.03921 56 -0.119497 -0.0110957 1.032 36
 -0.127096 -0.0218225 1.03715 128 -0.128 -0.0288556 1.03835 56 -0.122344 -0.0521288 1.01921 11
 -0.122354 -0.0273447 1.04078 180 -0.118589 -0.0603526 1.02704 17 -0.11898 -0.0552489 1.03012 3
 -0.0940033 0.00397252 0.98831 121 -0.0756232 -0.0583658 0.974697 65 -0.0896499 -0.0151616 1.02223 12
 -0.0971902 -0.00256755 0.994929 146 -0.0813665 -0.0473438 0.982714 24 -0.0949377 -0.0276873 1.01618 19
 -0.104669 -0.0229539 1.03534 98 -0.109053 -0.0222085 1.0385 51 -0.0978926 -0.0106878 0.983012 32
 -0.101245 -0.0375911 1.03754 76 -0.0998201 0.00579367 0.995821 74 -0.100712 -0.00899489 1.0336 34
 -0.109967 -0.0209742 1.04343 122 -0.104465 -0.0639991 1.02198 42 -0.168087 -0.0473107 1.01735 22
 -0.115447 -0.0303917 1.04149 49 -0.11893 -0.0275621 1.03932 40 -0.103477 -0.0623252 1.00965 4
 -0.0937585 -0.0055079 0.985082 59 -0.0692121 -0.039382 0.962373 52 -0.111857 0.00391461 0.98925 28
 -0.0820349 -0.0462385 0.973231 115 -0.113783 -0.0690843 1.00884 34 -0.0969526 -0.00285301 0.999239 21
 -0.0927379 -0.053575 0.985867 162 -0.104635 -0.00458643 0.975329 21 -0.107968 -0.0113586 1.0226 14
 -0.101371 -0.0630951 1.00289 150 -0.100787 -0.0151294 0.992221 21 -0.110652 -0.0314619 1.04256 14
 -0.122056 -0.0940579 1.02168 178 -0.0900148 -0.0451197 1.04897 21 -0.175203 -0.0984965 1.03957 1
 -0.139911 -0.0955427 1.01969 174 -0.121333 -0.0533456 1.03718 15 -0.131805 -0.0597898 1.01894 11
 -0.154922 -0.113173 1.04135 195 -0.149458 -0.0568384 1.0285 4 -0.143605 -0.0370656 1.02152 1
 -0.14645 -0.111963 1.04679 9 -0.176876 -0.104434 1.04558 6 -0.117037 -0.0556548 1.00021 4
 -0.157652 -0.0724399 1.02331 98 -0.123094 -0.037156 1.04456 6
 -0.153932 -0.0493465 1.0259 159 -0.169646 -0.0739032 1.02462 41
 -0.129992 -0.0581707 1.02501 47 -0.154798 -0.0962912 1.02363 21 -0.0745205 -0.0236387 0.98299 1
 -0.163196 -0.0921627 1.02419 90 -0.163303 -0.118742 1.05112 47 -0.146338 -0.044983 1.02613 3
