 -0.100796 -0.0103922 0.959114 68 -0.108005 -0.00134811 0.957896 42 -0.0851539 0.00862946 0.932826 39
 -0.0931294 0.00890274 0.942473 76 -0.104814 -0.00759961 0.960418 55 -0.0991445 -0.0051672 0.956329 34
 -0.103452 0.000562623 0.9572 196 -0.111537 -0.0738279 0.974919 3 -0.0748752 0.0154846 0.938885 1
 -0.107113 0.00421357 0.961517 161 -0.114211 -0.0262569 0.972569 23 -0.0917651 -0.111296 0.992308 9
 -0.110698 -0.00917206 0.971537 174 -0.0656005 -0.0607746 0.969644 17 -0.101292 -0.105924 0.993838 9
 -0.106681 -0.033014 0.975319 71 -0.104012 8.227e-05 0.969329 48 -0.106678 -0.00937172 0.972093 24
 -0.0859175 0.0172089 0.93898 120 -0.0897498 0.0154164 0.943976 74 -0.072817 -0.0203282 0.981272 5
 -0.095807 0.00553297 0.955036 183 -0.0930598 0.00242166 0.986358 10 -0.0906174 -0.0745131 0.975355 3
 -0.0882266 0.00584948 0.948488 102 -0.0910728 -0.00717211 0.995143 74 -0.0634982 -0.0121128 0.958748 21
 -0.0929304 0.0142534 0.955682 41 -0.0938229 0.00156452 0.977204 39 -0.077236 -0.0181198 0.98681 39
 -0.0853728 -0.0294472 0.978399 143 -0.0858554 -0.0195817 0.979963 55 -0.0836169 0.0105363 0.929944 2
 -0.0879859 -0.0376239 0.981485 200
 -0.0676802 0.0257278 0.933346 200
 -0.075395 0.0143906 0.937051 191 -0.0768231 0.016646 0.99451 9
 -0.0860317 -0.00424059 0.988812 118 -0.0714161 0.00541143 0.935479 53 -0.0541545 -0.0298243 0.966175 21
 -0.0868259 -0.0153504 0.99015 158 -0.0581251 -0.00459298 0.955963 30 -0.0792953 0.0256644 0.956724 6
 -0.0852132 -0.0197533 0.997453 181 -0.076288 -0.0141526 0.964217 9 -0.0854795 -0.0475419 0.982609 8
 -0.096881 -0.0341301 0.985369 141 -0.0858729 -0.0910195 0.99213 55 -0.07828 -0.105079 1.00882 2
 -0.0554467 0.0196969 0.935416 197 -0.0939505 -0.012592 0.928365 2 -0.0582869 0.0135544 0.993948 1
 -0.0608199 0.0131423 0.940978 122 -0.0566188 -0.00994254 0.95037 65 -0.0571066 -0.00531259 0.94765 7
 -0.06356 0.00378123 0.945518 126 -0.0687429 -0.0504048 0.971219 43 -0.0720676 -0.101323 0.995774 10
 -0.0688291 -0.0184495 0.961547 54 -0.057456 0.0122339 0.945078 43 -0.0848239 -0.00162531 0.936493 35
 -0.0791626 0.00452489 0.998565 88 -0.0646899 -0.0362476 0.970053 86 -0.0906675 -0.0086651 0.972916 18
 -0.0628026 -0.0193891 0.967719 25 -0.0645752 -0.0431833 0.976919 13 -0.0945864 -0.0176477 0.986753 7
 -0.0527043 0.0030608 0.938004 165 -0.100814 -0.155759 1.03296 14 -0.0454111 -0.0214507 0.966132 11
 -0.0596295 -0.010156 0.958222 154 -0.0838527 -0.13005 1.02256 16 -0.0896434 -0.131664 1.02251 14
 -0.0632653 -0.0390342 0.967984 80 -0.0581309 -0.0213102 0.969819 60 -0.0637216 0.00664368 0.939821 37
 -0.0575709 -0.0303572 0.976969 96 -0.0608237 -0.0490505 0.977937 53 -0.0628278 -0.00720454 0.959146 35
 -0.065417 -0.0611576 0.982942 66 -0.0673751 -0.0650515 0.984736 49 -0.0726374 -0.0755938 0.99079 36
 -0.075075 -0.0746275 0.982908 198 -0.0706624 -0.0249227 0.955421 2
 -0.0982967 -0.10054 1.00196 161 -0.0904436 -0.0391616 0.97821 33 -0.0869628 -0.0177074 0.995073 6
 -0.078632 -0.0922599 1.00586 73 -0.107614 -0.131219 1.03457 11 -0.0680804 -0.0369755 0.973795 10
 -0.0929756 -0.0323014 0.991505 100 -0.0914274 -0.0752599 0.985995 44 -0.0695728 -0.038157 0.980082 7
 -0.103771 -0.0368466 0.981402 200
 -0.0930551 -0.0295223 0.989774 18 -0.0887511 -0.0838944 0.984723 5
 -0.100372 -0.059646 0.978326 194 -0.0994329 -0.09878 1.00169 6
