 0.112765 -0.117384 0.847079 192 0.220737 -0.103706 0.837693 7 0.111831 -0.0261788 0.896151 1
 0.113151 -0.109654 0.84841 197 0.0660487 -0.0262343 0.914025 2 0.122674 -0.0227418 0.890272 1
 0.114329 -0.095602 0.854649 164 0.0742593 -0.0177053 0.913737 25 0.218561 -0.0903886 0.845876 4
 0.116652 -0.0892687 0.857837 176 0.0779749 -0.0253501 0.913897 11 0.101928 -0.0626588 0.878846 9
 0.117665 -0.0804051 0.861192 172 0.132775 -0.0815476 0.838704 14 0.0810112 -0.0321113 0.907544 10
 0.121442 -0.070336 0.864299 172 0.0893886 -0.055559 0.888122 20 0.198557 -0.088192 0.830422 2
 0.162174 -0.121725 0.825726 92 0.11759 -0.109886 0.849234 52 0.125954 -0.0815016 0.860118 26
 0.110275 -0.0953751 0.850598 54 0.120051 -0.0701171 0.867143 47 0.151007 -0.0856579 0.841117 30
 0.154319 -0.0928185 0.837603 95 0.115171 -0.0615536 0.870664 76 0.12089 -0.0910314 0.856201 21
 0.147853 -0.0887593 0.847196 91 0.104964 -0.0541406 0.879612 66 0.117637 -0.0828859 0.863184 21
 0.14761 -0.0772925 0.85115 141 0.121153 -0.0509801 0.870805 53 0.0939005 -0.0468401 0.883505 5
 0.146797 -0.0685004 0.856773 180 0.114442 -0.0351175 0.880844 20
 0.200041 -0.123692 0.820235 96 0.215735 -0.102102 0.838014 38 0.114306 2.68908e-06 0.917384 28
 0.191711 -0.112175 0.82587 137 0.160961 -0.104633 0.830727 49 0.162624 -0.0769246 0.857673 5
 0.165394 -0.0922817 0.837304 108 0.182369 -0.0989555 0.830699 87 0.175744 -0.0950479 0.833406 5
 0.177739 -0.0870272 0.839797 124 0.20412 -0.081621 0.827911 40 0.156255 -0.0634449 0.859479 18
 0.167498 -0.0693792 0.852649 86 0.1553 -0.0616257 0.859157 68 0.163385 -0.0668076 0.854925 31
 0.155523 -0.0501381 0.875762 190 0.103626 -0.0589237 0.890657 7 0.198445 -0.0803371 0.853925 2
 0.220761 -0.104407 0.835331 101 0.198821 -0.12522 0.820916 57 0.221419 -0.034203 0.930172 21
 0.219983 -0.0415027 0.92838 69 0.213167 -0.100667 0.841043 65 0.194461 -0.111868 0.824615 61
 0.20401 -0.100667 0.83724 91 0.22192 -0.0491606 0.931008 48 0.203374 -0.0902936 0.841285 40
 0.191614 -0.0832507 0.840342 91 0.221407 -0.100328 0.84382 50 0.225401 -0.0330243 0.927545 26
 0.177171 -0.0537662 0.863131 132 0.171013 -0.0326467 0.88934 31 0.20885 -0.0450074 0.933482 30
 0.16339 -0.0464927 0.877123 103 0.162361 -0.0319947 0.897174 33 0.178919 -0.0570024 0.874268 31
 0.222171 -0.104254 0.836945 90 0.170996 -0.124395 0.823373 27 0.168875 -0.120181 0.824332 26
 0.220136 -0.0475395 0.937038 64 0.216759 -0.0988188 0.84354 47 0.15753 -0.11676 0.832969 41
 0.217818 -0.102258 0.843084 138 0.208332 -0.0596857 0.933565 41 0.0574813 -0.00920732 0.927577 5
 0.19892 -0.0495657 0.929534 163 0.197831 -0.0844878 0.847049 17 0.156287 -0.0910455 0.835678 16
 0.158972 -0.0271847 0.881801 83 0.100768 -0.0566378 0.896018 79 0.174212 -0.0680997 0.859647 26
 0.102401 -0.0373258 0.893306 64 0.143603 -0.070913 0.859596 43 0.166715 -0.0655868 0.833161 42
 0.0957278 -0.0117203 0.913894 194 0.147524 -0.0463909 0.874361 6
 0.139959 -0.0170753 0.90579 22 0.162105 -0.0436189 0.882919 5 0.204949 -0.0883899 0.83458 1
 0.143806 -0.0433793 0.880328 69 0.179616 -0.0667987 0.863074 42 0.160115 -0.0773587 0.851339 12
 0.128935 -0.0688537 0.869929 119 0.150544 -0.0704257 0.857859 28 0.113527 -0.0550731 0.882824 18
 0.136274 -0.0340025 0.889313 140 0.137588 -0.0606886 0.870911 48 0.183398 -0.0752013 0.85917 11
 0.113086 -0.00569201 0.917537 199 0.188171 -0.0862171 0.839136 1
