 -0.0503342 -0.0843554 0.892818 70 -0.114773 -0.113984 0.879201 63 -0.0568667 -0.0887664 0.860484 35
 -0.0597676 -0.101072 0.866617 84 -0.116026 -0.102733 0.886446 82 -0.0475195 -0.0782251 0.888168 17
 -0.117042 -0.08862 0.888331 181 -0.0548361 -0.0854761 0.903202 17 -0.0550293 -0.107323 0.859179 2
 -0.119085 -0.0816936 0.889696 192 -0.0935611 -0.104969 0.881418 5 -0.0599581 -0.105641 0.867317 3
 -0.119962 -0.0769834 0.896493 175 -0.102124 -0.0965565 0.880736 21 -0.104903 -0.09258 0.883189 3
 -0.114795 -0.0705198 0.890407 96 -0.117717 -0.0795469 0.888949 86 -0.0870304 -0.0844996 0.857893 17
 -0.0947323 -0.0585008 0.885068 76 -0.0849442 -0.0877653 0.859678 59 -0.0607016 -0.097903 0.882755 20
 -0.094668 -0.0745476 0.869879 113 -0.0726953 -0.0854676 0.845654 56 -0.0651141 -0.087096 0.885873 31
 -0.094987 -0.0704415 0.876792 188 -0.0929061 -0.0972392 0.857053 7 -0.0657258 -0.0763547 0.903463 3
 -0.0987294 -0.0638213 0.8875 174 -0.0939902 -0.0927524 0.873912 18 -0.0580318 -0.0722308 0.904463 8
 -0.0946362 -0.0741181 0.87663 176 -0.0627066 -0.07038 0.870169 13 -0.095142 -0.0921766 0.845748 6
 -0.108114 -0.0681932 0.89089 157 -0.070811 -0.07986 0.861822 32 -0.0968147 -0.0911542 0.862686 7
 -0.083591 -0.0446061 0.880729 169 -0.0695281 -0.0875273 0.858026 21 -0.0592394 -0.116034 0.862845 7
 -0.0861482 -0.0544223 0.884787 181 -0.0580411 -0.0783601 0.890562 19
 -0.0797877 -0.0540056 0.883959 191 -0.0611438 -0.0746588 0.900395 9
 -0.086606 -0.0507171 0.890308 189 -0.0624665 -0.0652508 0.9002 11
 -0.0809579 -0.0667882 0.875084 180 -0.12371 -0.157411 1.04268 20
 -0.0992624 -0.0945412 0.880054 56 -0.0730704 -0.0774579 0.869581 18 -0.10208 -0.0707714 0.883757 17
 -0.0608322 -0.0497947 0.871984 139 -0.0470739 -0.0718772 0.891203 24 -0.0888184 -0.0360725 0.881411 20
 -0.0649089 -0.0617201 0.871636 172 -0.0451006 -0.0605931 0.896822 21 -0.0529507 -0.0888711 0.901863 3
 -0.0663919 -0.0598869 0.876407 166 -0.0639563 -0.0909806 0.869207 14 -0.071635 -0.0873409 0.865525 9
 -0.0687609 -0.048105 0.881563 195 -0.0409331 -0.0853819 0.886328 3 -0.0520065 -0.0757241 0.904394 2
 -0.0680173 -0.0553969 0.881006 76 -0.0677102 -0.060225 0.870651 68 -0.097504 -0.0586806 0.888882 43
 -0.0752981 -0.106743 0.867877 15 -0.0872175 -0.128616 0.991568 10 -0.095997 -0.0626571 0.86443 1
 -0.0549056 -0.108553 0.860163 68 -0.0586404 -0.0579967 0.848966 67 -0.0451593 -0.0864468 0.897068 29
 -0.061089 -0.0745372 0.865293 81 -0.131111 -0.154551 1.02795 46 -0.128005 -0.144728 1.00171 32
 -0.0567696 -0.0822653 0.860525 114 -0.0650456 -0.0597843 0.883999 84 -0.057544 -0.0699622 0.875354 1
 -0.0631609 -0.0843459 0.870622 165 -0.0638543 -0.0722185 0.896762 17 -0.0663542 -0.0693816 0.900314 14
 -0.126234 -0.14199 1.03443 6
 -0.103984 -0.128184 1.01665 1.01606
 -0.0776679 -0.0732216 0.864642 169 -0.0928383 -0.0660817 0.877467 13 -0.102985 -0.133711 1.018 10


 -0.0505991 -0.0816052 0.900323 13 -0.0988083 -0.0918458 0.88575 7 -0.0712081 -0.0666066 0.842828 6

 -0.088273 -0.0805878 0.872802 20 -0.113383 -0.125729 1.02384 3 -0.104768 -0.0675692 0.892426 3
