 -0.180791 0.0765857 0.882328 196 -0.163671 0.117495 0.910768 4
 -0.178305 0.0660606 0.888363 195 -0.162335 0.10638 0.915299 4 -0.0676666 0.0451306 0.939234 1
 -0.172933 0.051908 0.89872 185 -0.153495 0.082372 0.912632 14 -0.0777087 0.0533784 0.946221 1
 -0.169371 0.0420464 0.905385 173 -0.175653 0.0652361 0.89255 24 -0.157526 0.0682719 0.918072 1
 -0.165858 0.0329827 0.911212 180 -0.167727 -0.0255894 0.939807 12 -0.16138 0.0744656 0.924683 8
 -0.169056 0.0285585 0.913149 184 -0.151973 -0.00406924 0.924743 12 -0.145166 -0.0119302 0.936725 4
 -0.153561 0.115942 0.912581 187 -0.151117 0.0872944 0.918867 7 -0.126133 0.0878574 0.931339 4
 -0.156484 0.100851 0.919876 192 -0.105712 0.0603592 0.956631 6 -0.169526 0.0640387 0.892249 2
 -0.154839 0.0810135 0.928429 131 -0.170342 0.0567732 0.896467 59 -0.123118 0.0522901 0.962032 5
 -0.154829 0.0709179 0.930276 139 -0.16676 0.0447287 0.902121 53 -0.147039 0.0253523 0.932256 4
 -0.151761 0.0542581 0.933396 104 -0.150972 0.063788 0.934858 58 -0.173728 0.0701228 0.914283 18
 -0.15118 0.0381262 0.934412 102 -0.150531 0.0604711 0.939324 57 -0.150826 0.0496626 0.9368 23
 -0.155031 0.117719 0.913372 83 -0.120908 0.128988 0.922879 66 -0.126852 0.107965 0.930957 27
 -0.125784 0.112846 0.930113 98 -0.155329 0.0972552 0.917108 97 -0.0769568 0.0411588 0.95162 5
 -0.157047 0.0794902 0.922728 119 -0.132157 0.0948124 0.935505 76 -0.123049 0.0616757 0.957084 4
 -0.13744 0.0868334 0.939201 77 -0.158819 0.0755135 0.923548 74 -0.124056 0.0532251 0.962445 28
 -0.139842 0.0643899 0.948486 124 -0.144694 0.0330024 0.94834 17 -0.122776 0.0366917 0.937494 16
 -0.141984 0.0412421 0.954697 185 -0.156324 0.0211641 0.928378 13 -0.140787 -0.0238 0.965329 1
 -0.0683961 0.0535151 0.939669 107 -0.121345 0.128202 0.922624 87 -0.149811 -0.0949702 1.01565 3
 -0.0755103 0.0449577 0.944269 92 -0.125426 0.118881 0.928119 91 -0.129093 0.0114916 0.946233 8
 -0.126283 0.104286 0.932528 99 -0.0949918 0.0603315 0.952788 32 -0.149763 0.112672 0.922979 13
 -0.112004 0.0666556 0.954244 76 -0.130769 0.095087 0.937159 53 -0.119899 0.0432575 0.959924 28
 -0.117408 0.0572415 0.957995 137 -0.130755 0.0231554 0.964795 41 -0.0980554 0.0264807 0.963452 13
 -0.133411 0.0369982 0.965458 140 -0.125221 0.0660577 0.960521 16 -0.131047 0.00382034 0.934676 14
 -0.074774 0.0489071 0.94393 142 -0.124396 0.128876 0.928932 50 -0.15117 -0.0960155 1.01724 4
 -0.0857081 0.0321618 0.951575 145 -0.135166 0.106936 0.93633 25 -0.0972189 0.0565083 0.947439 15
 -0.0979663 0.0168769 0.963349 158 -0.0802975 0.0425876 0.949039 29 -0.0846057 0.038048 0.951352 6
 -0.107139 0.00176309 0.971094 180 -0.0829311 0.0360047 0.956023 10 -0.124274 0.0656249 0.944359 10
 -0.118501 -0.0102292 0.972008 138 -0.0974891 0.0195151 0.969047 55 -0.136178 0.0468317 0.954789 6
 -0.137931 -0.0313957 0.967733 89 -0.13082 -0.0210123 0.959671 72 -0.134778 -0.0270431 0.964378 25
 -0.165017 -0.0466056 0.959647 194 -0.14604 -0.0568252 0.990679 4 -0.155907 -0.0148577 0.926663 2
 -0.134883 -0.0467879 0.986323 6 -0.156887 -0.0697481 0.999857 1 -0.149199 -0.0423229 0.96401 1
 -0.151559 0.00778574 0.944564 78 -0.146808 0.0481862 0.955939 35 -0.124656 0.0186316 0.971563 2
 -0.154293 0.0231431 0.936104 129 -0.154028 0.0272706 0.938148 68 -0.151909 -0.0151248 0.931558 2
 -0.12826 0.0642989 0.942186 3 -0.138181 -0.0147794 0.963146 1 -0.135112 0.0161388 0.955616 1
 -0.162026 -0.0568363 0.983087 53 -0.141778 -0.0516471 0.965936 13 -0.148715 -0.00673671 0.937531 4
