 -0.0462946 -0.0843338 0.953283 91 -0.0412673 -0.0894619 0.953827 52 0.0084149 -0.0739477 0.936573 22
 -0.0490752 -0.0766972 0.95462 100 -0.025987 -0.0570647 0.945729 64 -0.00595685 -0.0709167 0.934393 11
 -0.049866 -0.0746365 0.954615 94 -0.0182921 -0.0491264 0.942089 60 -0.0711253 -0.0746141 0.957387 20
 -0.0521801 -0.0627888 0.959337 126 -0.0728914 -0.0797761 0.969778 45 -0.049734 -0.0962008 0.965736 26
 -0.0523077 -0.0671214 0.965709 165 -0.0727586 -0.0866873 0.975129 28 -0.0628578 -0.0784108 0.968778 5
 -0.0573853 -0.0722339 0.96954 145 -0.0620093 -0.111679 0.966052 32 0.00474982 -0.0909348 0.957158 10
 -0.017415 -0.0564451 0.946577 135 -0.0344922 -0.0859029 0.958268 40 0.006807 -0.0716346 0.934887 12
 -0.035424 -0.0727962 0.952782 189 -0.0084039 -0.0615904 0.946574 11
 -0.0373549 -0.0615482 0.952037 142 -0.0146568 -0.0682393 0.946194 58
 -0.0429767 -0.0687627 0.954061 111 -0.000309642 -0.0602138 0.948354 50 -0.0461739 -0.0601921 0.976494 22
 -0.0379687 -0.0686906 0.956166 101 -0.0154416 -0.086533 0.956067 48 -0.0449679 -0.0970982 0.949997 20
 -0.0433994 -0.0725176 0.962525 121 -0.0615874 -0.0985859 0.977266 47 -0.0166523 -0.0958906 0.964779 30
 0.0056201 -0.0802515 0.946309 108 -0.012541 -0.0519293 0.947301 88 -0.000335861 -0.0636769 0.943881 4
 -0.0193524 -0.0602462 0.947775 169 -0.0328884 -0.0875007 0.963113 15 -0.0266089 -0.0885038 0.965966 14
 -0.0206536 -0.0674669 0.952522 200
 -0.0219644 -0.0558421 0.952396 196 -0.0403268 -0.0871302 0.961527 3 -0.0369825 -0.0830295 0.959781 1
 -0.0272846 -0.0782006 0.960598 200
 -0.0254562 -0.0867063 0.968139 81 -0.0272734 -0.0696927 0.962808 76 -0.026355 -0.0768818 0.965041 18
 0.00383015 -0.0608407 0.938308 200
 0.00505962 -0.0651215 0.943694 111 0.0060355 -0.0707317 0.941524 89
 0.00217349 -0.0901353 0.951846 125 -0.00407123 -0.0615433 0.955171 65 -0.00287778 -0.0667494 0.952422 7
 -0.00425508 -0.0552037 0.951288 179 -0.0044057 -0.094533 0.957518 18 0.00122557 -0.0881911 0.951928 2
 -0.00715542 -0.0816647 0.9551 125 -0.0700834 -0.0851274 0.967841 74 -0.0395797 -0.0637791 0.958104 1
 -0.0339518 -0.0487295 0.960756 29 -0.0542745 -0.0926881 0.966626 5 -0.0339665 -0.164572 1.02474 1
 0.0055642 -0.0769674 0.939536 175 0.0145849 -0.0402569 0.956019 23 -0.0842378 -0.230556 1.05633 2
 -0.000886332 -0.0792269 0.944861 158 0.00706121 -0.0560387 0.963667 33 -0.0217544 -0.0571189 0.95505 6
 -0.00208948 -0.0889788 0.949149 144 0.000367269 -0.0737871 0.933405 54 -0.027546 -0.0777526 0.945048 2
 -0.00226609 -0.0952792 0.956584 200
 -0.0191217 -0.116726 0.966195 200
 -0.0345374 -0.123729 0.975084 103 -0.0331598 -0.150879 0.996116 79 -0.0181607 -0.0996158 0.958768 12
 -0.068565 -0.148886 1.01189 109 -0.0656566 -0.148115 1.0072 86 -0.0322711 -0.0695457 0.949176 4
 -0.0373512 -0.135771 0.989319 17 -0.05139 -0.153143 1.01644 3 -0.0412833 -0.0880951 0.96561 3
 -0.0418362 -0.0955444 0.974 39
 -0.0225115 -0.0706303 0.961161 83 -0.0478221 -0.092988 0.974232 72 -0.0661322 -0.114714 0.974001 36
 -0.0413457 -0.113262 0.974041 67 -0.0598838 -0.0822402 0.967255 3
 -0.0731469 -0.153582 1.02101 50 -0.0526403 -0.126181 0.971483 23 -0.05783 -0.146002 0.990913 20
