 0.0576384 -0.0987011 0.8861 92 0.0329449 -0.103756 0.928682 55 0.0636013 -0.0394044 0.900114 29
 0.0559708 -0.109157 0.892411 77 0.062659 -0.0866578 0.881543 46 0.0318706 -0.114546 0.930773 43
 0.0640118 -0.097463 0.88461 54 0.0356749 -0.129286 0.934889 46 0.0473403 -0.120526 0.901693 40
 0.0615317 -0.105075 0.891404 102 0.0391326 -0.125147 0.93889 20 0.0798114 -0.152405 0.948391 18
 0.0446855 -0.16096 0.894943 64 0.060824 -0.111823 0.89745 56 0.0272262 -0.20855 0.926377 30
 0.0525876 -0.147223 0.901857 113 0.0550865 -0.119397 0.898012 32 0.0399818 -0.190045 0.918485 29
 0.0439692 -0.106533 0.921838 77 0.0466819 -0.097669 0.908101 56 0.0593965 -0.0603994 0.880398 34
 0.0412414 -0.118535 0.929301 136 0.0482656 -0.0929982 0.893825 16 0.0455485 -0.103233 0.900633 13
 0.0382944 -0.131413 0.939373 65 0.0503157 -0.149165 0.906953 50 0.0538424 -0.106142 0.891581 25
 0.0504098 -0.161636 0.91059 58 0.0744546 -0.16587 0.938315 41 0.0545792 -0.117207 0.897643 39
 0.0513109 -0.130026 0.916687 66 0.0497529 -0.125133 0.922875 65 0.0557435 -0.0970736 0.914027 31
 0.0432355 -0.136026 0.921011 108 0.0460604 -0.122902 0.914067 28 0.0407354 -0.172825 0.907616 26
 0.0640574 -0.0419821 0.895455 171 0.0809374 -0.0928565 0.973998 16 0.0526858 -0.084721 0.902973 12
 0.0608392 -0.0584952 0.893612 172 0.049172 -0.105489 0.916893 12 0.058469 -0.114889 0.895436 8
 0.058339 -0.115051 0.894218 106 0.0454475 -0.115093 0.93227 41 0.0567955 -0.0834585 0.891818 36
 0.0459437 -0.124683 0.935338 74 0.0549417 -0.115294 0.900925 54 0.0553931 -0.108429 0.899687 47
 0.049388 -0.147065 0.907301 41 0.0664409 -0.134881 0.95552 31 0.0167441 -0.26547 1.00035 24
 0.0586297 -0.121564 0.905563 77 0.0375541 -0.15871 0.928198 37 0.0463443 -0.15242 0.905364 11
 0.0638168 -0.0397334 0.897047 168 0.0800961 -0.0921167 0.970585 30 0.0663132 -0.0855911 0.884501 2
 0.0630788 -0.0525589 0.893314 99 0.0765821 -0.108847 0.96753 52 0.0702484 -0.118023 0.955753 21
 0.0757676 -0.126808 0.968274 86 0.0738513 -0.130475 0.965495 78 0.0465085 -0.122227 0.92003 15
 0.0768298 -0.133742 0.970464 104 0.0760535 -0.126215 0.972678 78 0.0515895 -0.106461 0.917235 15
 0.0709946 -0.153953 0.959399 94 0.0710588 -0.103401 0.975295 47 0.0734306 -0.132837 0.973832 39
 0.0582255 -0.18202 0.897474 29 0.0376383 -0.114807 0.88126 14 0.0371752 -0.125387 0.88473 12
 0.0618051 -0.0426338 0.902863 200
 0.058551 -0.0641909 0.899892 52 0.0412143 -0.141519 0.912059 33 0.0582153 -0.102367 0.911566 29
 0.021647 -0.232985 0.988591 71 0.0786124 -0.161019 0.947706 67 0.0745234 -0.144075 0.951812 33
 0.0742672 -0.166458 0.956023 157 0.0485787 -0.204472 0.93258 39 0.0443607 -0.134039 0.935205 3
 0.0799878 -0.165137 0.952204 104 0.0388989 -0.204464 0.938434 1 0.0653414 -0.196077 0.935646 1
 0.0401661 -0.197234 0.934485 15 0.0681914 -0.182471 0.947891 4 0.063901 -0.127731 0.951671 4
 0.0330244 -0.207117 0.959487 96 0.0326501 -0.19978 0.948749 72 0.0331989 -0.204262 0.95483 31
 0.0520679 -0.188202 0.926702 19.5519
 0.0577359 -0.10066 0.923122 20 0.0566794 -0.110139 0.926019 16
 0.0693981 -0.185397 0.925305 7 0.0572629 -0.165719 0.911951 6 0.0190282 -0.205544 1.01017 3
 0.0512275 -0.124918 0.933557 8 0.0422654 -0.176201 0.929689 6 0.0481335 -0.139533 0.921254 5
 0.034607 -0.212323 0.944135 33 0.0374208 -0.204008 0.985492 7 0.0426948 -0.162707 0.926289 5
