 -0.0641178 -0.0278465 0.922354 186 -0.05336 -0.062144 0.939942 9 -0.0100328 -0.0301917 0.940339 5
 -0.0643902 -0.0439043 0.934162 127 -0.0638528 -0.0390246 0.929254 66 -0.0200124 -0.0369242 0.943003 7
 -0.0645201 -0.0377855 0.929512 122 -0.0630089 -0.0522248 0.939512 58 -0.0646307 -0.0425879 0.933235 18
 -0.0638179 -0.041196 0.937647 180 -0.0590208 -0.0801395 0.945635 18 0.00685358 -0.0951343 0.953788 2
 -0.0617725 -0.0495129 0.942763 196 -0.0628805 -0.0883735 0.950447 4
 -0.0600803 -0.0665099 0.946567 159 -0.0609077 -0.0392191 0.935645 37 -0.0882656 -0.138403 1.00637 2
 -0.0321265 -0.0254747 0.926041 120 -0.0285382 -0.0232765 0.923092 80
 -0.0378659 -0.0365284 0.935851 71 -0.0339756 -0.0322971 0.932482 55 -0.0402401 -0.0397451 0.937948 54
 -0.0321779 -0.0334958 0.936906 98 -0.0543636 -0.0483036 0.946215 79 -0.00769315 -0.0541039 0.960817 18
 -0.0387604 -0.041827 0.94249 196 -0.00307378 -0.0298219 0.91722 3 0.000143053 -0.0481249 0.934417 1
 -0.0346766 -0.0485128 0.949761 198 -0.0301176 -0.101165 0.959183 2
 -0.0361454 -0.0516897 0.953449 165 -0.0562642 -0.102857 0.954586 33 -0.075926 -0.119282 1.00431 2
 -0.011977 -0.0148736 0.908427 186 0.0202319 -0.0579265 0.936856 12 -0.0634433 -0.0347155 0.921183 2
 -0.0197525 -0.0270974 0.925378 147 -0.0170358 -0.0399827 0.945956 27 -0.0164895 -0.0482709 0.952129 20
 -0.0271775 -0.0398774 0.939192 178 -0.0252981 -0.0634985 0.962016 8 -0.000201716 -0.0650443 0.961779 7
 -0.0307663 -0.0360306 0.943192 127 -0.0144122 -0.0545721 0.955827 62 -0.0421546 -0.0844271 0.954124 6
 -0.0173497 -0.0439276 0.952291 136 -0.0192565 -0.0405556 0.949018 62 0.015206 -0.0554991 0.934515 2
 -0.0208469 -0.0689986 0.967538 93 -0.0204134 -0.0502969 0.962958 42 -0.0202332 -0.0587883 0.965677 38
 -0.00671725 -0.0178887 0.912125 79 0.0200493 -0.0487658 0.925809 73 0.0301951 -0.0930766 0.917249 48
 0.0153454 -0.0591324 0.93387 79 0.01859 -0.064919 0.925414 39 0.00444473 -0.0283495 0.907137 38
 0.0149406 -0.0790007 0.920595 76 0.0122115 -0.0557569 0.93803 30 -0.0259573 -0.0238173 0.922135 20
 -0.0231425 -0.0332223 0.941691 61 0.0104349 -0.0491758 0.93532 50 -0.00687233 -0.0465413 0.958133 38
 -0.00254417 -0.0415656 0.956703 180 0.0134822 -0.0756847 0.96311 7 0.0174152 -0.083896 0.927871 6
 -0.0123626 -0.0719096 0.973907 128 -0.0334701 -0.0489664 0.946353 8 0.00340952 -0.0626522 0.93889 5
 0.0272498 -0.0611291 0.92321 77 0.0268188 -0.0651522 0.921078 72 -0.0134559 -0.0147016 0.91311 14
 0.0233649 -0.0727742 0.925019 186 0.0140587 -0.0803727 0.96695 11 -0.0717788 -0.169171 1.00029 3
 0.0156992 -0.0866191 0.958063 106 0.00438658 -0.103922 0.955283 46 0.0138003 -0.0768988 0.925714 34
 0.00989273 -0.0929468 0.962103 120 -0.00956693 -0.110083 0.961189 61 -0.00366065 -0.106132 0.96092 9
 -0.0167925 -0.121113 0.962175 197 -0.00163804 -0.0660306 0.974086 3
 -0.0325652 -0.114513 0.961148 194 -0.0161017 -0.0662723 0.969355 3 -0.00251834 -0.0914365 0.962039 1
 -0.0662749 -0.132993 0.989832 156 -0.0777886 -0.161349 1.0158 15 -0.0542334 -0.12261 0.96081 15
 -0.0678663 -0.131175 0.9933 27 -0.0232921 -0.107096 0.95698 6 -0.062595 -0.124165 0.96606 1
 -0.0283574 -0.0847136 0.973878 109 -0.0370013 -0.0426275 0.952791 5 -0.00939821 -0.0660272 0.962501 2
 -0.0506368 -0.0842635 0.957851 200
 -0.0507449 -0.108435 0.962737 11 -0.021462 -0.0848368 0.978403 1
 -0.0671586 -0.135021 0.991773 65 -0.0579837 -0.156935 1.00484 6
