 -0.188295 -0.0315793 0.914555 191 -0.158582 -0.117923 0.939315 5 -0.125259 -0.033041 0.901572 3
 -0.187967 -0.0421649 0.918034 191 -0.164392 -0.0284634 0.972591 5 -0.189661 -0.0745241 0.938447 4
 -0.185045 -0.054706 0.925979 171 -0.165549 -0.106422 0.949914 11 -0.191189 -0.0960094 0.93544 10
 -0.185515 -0.053762 0.929933 61 -0.184719 -0.0605591 0.9338 59 -0.181885 -0.095189 0.945688 54
 -0.181685 -0.0705521 0.937632 57 -0.182828 -0.0889087 0.952442 39 -0.185241 -0.0485139 0.930279 32
 -0.169722 -0.0939011 0.929279 83 -0.183653 -0.0453686 0.926772 55 -0.17826 -0.0768628 0.9379 27
 -0.148493 -0.0290495 0.904981 100 -0.156901 -0.0650237 0.915585 60 -0.109484 -0.149378 1.02003 23
 -0.153269 -0.0411119 0.911158 93 -0.166967 -0.054644 0.921404 51 -0.119204 -0.137128 1.02275 23
 -0.169768 -0.0445268 0.922618 72 -0.14782 -0.0489875 0.911435 68 -0.165617 -0.0710792 0.929754 32
 -0.173396 -0.0388958 0.921284 66 -0.149445 -0.0663647 0.918455 45 -0.12961 -0.030338 0.908333 17
 -0.134106 -0.0700212 0.911555 57 -0.131624 -0.111191 0.950969 43 -0.146002 -0.0568106 0.985508 35
 -0.154105 -0.0803189 0.932125 123 -0.136796 -0.0858272 0.905662 34 -0.152751 -0.0736206 0.989213 15
 -0.150873 -0.0176154 0.910347 137 -0.134227 -0.0187733 0.965721 56 -0.188273 -0.0267 0.915256 6
 -0.156743 -0.0296039 0.914217 173 -0.131052 -0.0340304 0.974762 16 -0.126783 -0.0301901 0.973547 10
 -0.157882 -0.0378889 0.919156 188 -0.147198 -0.0585041 0.987081 12
 -0.15555 -0.0404473 0.917631 125 -0.132462 -0.125371 0.94854 57 -0.146865 -0.0447581 0.98113 8
 -0.130796 -0.0980304 0.939586 70 -0.152732 -0.0655719 0.981091 65 -0.154097 -0.0384369 0.912536 27
 -0.156843 -0.0690039 0.988209 65 -0.149825 -0.0644868 0.925404 52 -0.168849 -0.0920638 0.946477 34
 -0.132186 -0.0191837 0.96422 166 -0.137323 -0.0718728 0.988436 18 -0.15635 -0.0155149 0.913009 5
 -0.135562 -0.0319433 0.969243 161 -0.144282 -0.072392 1.00073 16 -0.156837 -0.0661163 0.902729 12
 -0.137789 -0.0477262 0.977796 136 -0.112844 -0.156625 1.0342 33 -0.14798 -0.0617226 0.916492 25
 -0.136451 -0.0573276 0.991992 87 -0.140645 -0.0309907 0.976751 43 -0.09765 -0.153713 1.04108 33
 -0.139691 -0.0488002 0.984448 58 -0.143016 -0.0314223 0.971553 46 -0.130541 -0.0660836 0.995935 42
 -0.154403 -0.0508546 0.985784 54 -0.13711 -0.0790478 1.00152 43 -0.151738 -0.07267 0.932522 40
 -0.137311 -0.0239985 0.966285 65 -0.138345 -0.0840029 0.909019 43 -0.109237 -0.158708 1.03037 39
 -0.145674 -0.0831216 0.912277 55 -0.130394 -0.167474 1.01332 40 -0.152236 -0.0548637 0.903608 21
 -0.126871 -0.142474 1.02432 43 -0.125668 -0.085477 1.00545 35 -0.143539 -0.0691891 0.995239 27
 -0.121621 -0.100313 0.955861 79 -0.131311 -0.0864962 1.00157 32 -0.12419 -0.0715246 0.903959 31
 -0.135155 -0.118835 0.964579 36 -0.117828 -0.103643 0.958924 35 -0.126201 -0.078065 0.919727 33
 -0.135041 -0.110199 0.954864 74 -0.152447 -0.0616036 0.983984 35 -0.142771 -0.0853017 0.993917 22
 -0.125908 -0.140475 1.02002 136 -0.152639 -0.14501 1.04555 53 -0.141383 -0.0723941 0.992346 6
 -0.13414 -0.089825 1.00966 15 -0.114922 -0.140305 1.02163 13 -0.12379 -0.105732 0.982638 7
 -0.150647 -0.10671 0.947923 88 -0.157947 -0.0946711 0.935957 34 -0.149213 -0.0653126 0.994272 17
 -0.175573 -0.0727426 0.948256 98 -0.161538 -0.100509 0.943681 83 -0.117823 -0.115262 0.979257 13
 -0.153037 -0.0895288 0.94276 19
 -0.150678 -0.152572 1.03875 33 -0.130083 -0.172532 1.05059 1
