 -0.00707656 -0.0235781 0.968726 60 -0.0189855 0.00459203 0.956405 45 -0.00831208 0.0190759 0.925055 27
 -0.0107765 -0.0131393 0.958353 142 -0.00516022 0.0109176 0.933698 27 -0.00837691 0.00465027 0.944317 14
 -0.00770646 -0.0069727 0.956354 196 0.0160982 -0.0339169 0.95742 2 0.0392384 0.0376214 0.933885 1
 -0.0116144 0.00216842 0.957711 139 -0.00398111 0.0167407 0.933898 36 -0.00482827 0.0143706 0.94087 16
 -0.0150996 0.0101199 0.93535 77 -0.00529896 0.0109364 0.951399 45 -0.0125372 0.00276722 0.958278 37
 -0.0142121 -0.00865971 0.964407 198 0.0264574 -0.0674412 0.995746 2
 0.0275045 0.0275495 0.93207 50 0.028079 0.026499 0.917125 40 0.013263 -0.0420118 0.975393 25
 0.0148511 -0.018219 0.971665 74 0.0260196 0.0263143 0.931155 41 0.0200525 0.018595 0.952667 28
 0.012925 0.00317336 0.961897 167 0.0158727 0.031654 0.938272 16 0.015961 0.0266799 0.942351 13
 0.00994503 0.0217427 0.952686 183 0.0340538 -0.0325072 0.977491 13 -0.0193244 -0.0122603 0.963903 2
 0.0136431 0.0189889 0.95725 148 0.0433592 -0.00487531 0.980313 22 0.0116748 -0.0340512 0.985878 15
 0.00156988 0.0170298 0.955993 106 0.00577981 0.0186003 0.955682 46 0.00761755 -0.0186336 0.976671 45
 0.0430061 0.0341831 0.934467 99 0.0422901 0.0338747 0.921125 60 0.0637434 0.00896803 0.966121 20
 0.0318381 0.0261675 0.945278 109 0.0314137 0.0327296 0.917403 39 0.0244209 -0.0041004 0.970814 28
 0.0268355 0.0145935 0.958229 198 0.0808348 -0.0452363 0.933953 1 0.0318193 0.0215714 0.935711 1
 0.0239599 0.0138696 0.959704 125 0.0554813 0.0118253 0.963891 41 0.0636105 0.0267575 0.926027 25
 0.0172817 0.00184912 0.972094 200
 0.0229665 -0.0163385 0.98222 196 0.0260172 0.0289044 0.940746 3 0.0448207 0.028066 0.955473 1
 0.0579418 0.0400994 0.908188 137 0.0633453 0.0359201 0.940831 33 0.0578767 0.033738 0.928938 21
 0.0571766 0.0217821 0.95459 86 0.0560683 0.0275664 0.946263 62 0.0518291 0.0344831 0.907721 37
 0.0512002 0.0108943 0.960884 196 0.0436425 -0.044671 0.973694 4
 0.0504327 0.00145447 0.972342 101 0.0491607 0.00495465 0.970452 70 0.0478785 0.034795 0.920647 18
 0.0431202 -0.00850775 0.979167 200
 0.0383709 -0.0223612 0.986193 78 0.0410936 -0.012759 0.985025 22 0.00495145 0.00735086 0.971 4
 0.0823635 -0.059534 0.930461 122 0.0807956 -0.0613826 0.953464 36 0.0569964 0.0377477 0.91287 27
 0.0660004 -0.0556191 0.963011 142 0.0563307 0.0231912 0.947525 41 0.060907 0.02682 0.926667 10
 0.0414102 -0.0448267 0.966396 54 0.0613159 -0.0599318 0.96705 39 0.0508456 0.022409 0.948207 35
 0.0459595 -0.0536436 0.975772 50 0.049311 -0.056985 0.974572 44 0.050397 0.00928618 0.96563 42
 0.0292131 -0.0706988 0.988834 189 0.0408153 -0.0364529 0.979882 8 0.0380467 -0.0412012 0.979553 2
 0.0135337 -0.0659032 0.989883 197 0.0361876 -0.0288598 0.982305 2 0.0315391 -0.0324614 0.983175 1
 -0.0202108 -0.0786762 1.01829 200
 -0.0232852 -0.0891055 1.01857 7 0.0437752 -0.0230641 0.989539 7 0.0105227 -0.0845519 1.01842 4
 0.0173387 -0.0350802 0.991935 15 0.0284673 0.0110069 0.970955 8 -0.00108309 -0.0266055 0.980413 6
 -0.00372383 -0.0251016 0.976241 199 0.0145298 0.0152801 0.965459 1
 -0.0171736 -0.0515417 0.989464 8 -0.0313459 -0.0687331 1.03151 2 0.0320902 -0.0558848 0.992229 2
 -0.0220256 -0.0817155 1.01744 91 0.0185945 -0.011178 0.973678 16 -0.00910433 -0.107209 1.02827 10
