 0.171505 0.0288345 0.879911 156 -0.000792078 -0.00775093 0.93355 16 0.0949819 -0.0177155 0.875512 8
 0.161172 0.0235925 0.882425 185 0.0071581 -0.0355552 0.910423 12 0.0174339 -0.0535569 0.932291 3
 0.14881 0.0160912 0.887818 116 0.0171485 -0.0351235 0.915009 28 0.0937273 -0.077789 0.870567 20
 0.139902 0.00964655 0.887105 160 0.0252457 -0.0384278 0.921636 15 0.0310504 -0.0438894 0.925461 11
 0.127035 -0.000317069 0.884407 158 0.0235466 -0.0346192 0.923105 12 0.144608 -0.0134902 0.884308 12
 0.0992788 0.00111707 0.884826 65 0.126469 -0.00961274 0.885491 55 0.0829741 -0.0633018 0.887644 21
 0.198842 -0.0208902 0.871399 72 0.117645 -0.0400436 0.894575 52 0.182987 -0.0446404 0.8802 13
 0.183805 -0.0204006 0.87609 77 0.112081 -0.0775151 0.850133 52 0.154541 0.0169527 0.885094 30
 0.100792 -0.0180289 0.881227 80 0.125532 -0.0733615 0.831618 71 0.165693 -0.0213766 0.888136 35
 0.0929949 -0.00595115 0.881638 71 0.161258 -0.0222449 0.885312 48 0.156676 -0.0235063 0.886772 45
 0.150701 -0.0284857 0.890831 83 0.157431 -0.0556265 0.895158 56 0.0821214 -0.0304777 0.874198 38
 0.0921082 -0.0367283 0.885532 81 0.137838 -0.0258688 0.89146 72 0.118748 -0.0585412 0.887996 19
 0.168595 0.0247791 0.878211 81 0.209651 -0.0206205 0.866619 53 0.164571 0.0249026 0.879278 52
 0.156739 0.0184548 0.88533 68 0.186507 -0.052378 0.864557 52 0.1306 -0.00955929 0.877781 51
 0.131098 -0.00994039 0.885712 94 0.136742 -0.0043676 0.887664 56 0.185229 -0.0558516 0.874179 30
 0.175262 -0.0470269 0.882087 83 0.130228 0.00658661 0.885756 48 0.124682 -0.0355466 0.886144 29
 0.128837 -0.0222754 0.893466 139 0.155657 -0.0486702 0.892626 31 0.0436611 -0.0169683 0.91013 22
 0.119185 -0.0322987 0.898516 110 0.14281 -0.0146333 0.894094 43 0.149103 -0.036868 0.894405 32
 0.17124 0.0286658 0.876186 102 0.196808 -0.0599305 0.855084 81 0.211165 -0.0187204 0.868092 8
 0.16288 0.0206209 0.884853 152 0.132258 -0.0181156 0.887437 11 0.145554 -0.0768766 0.870939 10
 0.148156 0.0111285 0.885929 58 0.174607 -0.0223003 0.882909 41 0.151654 0.0143418 0.886205 40
 0.136498 0.0126976 0.887447 71 0.148117 -0.046307 0.893797 36 0.151319 -0.0223526 0.886768 26
 0.175106 -0.0439665 0.886792 73 0.116675 0.000548612 0.887623 42 0.152867 -0.0316837 0.886232 38
 0.0775284 -0.0281321 0.889805 101 0.123283 -0.0474877 0.901205 52 0.129529 -0.0111227 0.893284 16
 0.201812 -0.0582766 0.85115 147 0.153139 -0.0741147 0.865806 41 0.20363 -0.0114615 0.866849 11
 0.126604 -0.0899439 0.843366 87 0.187144 -0.0531929 0.872294 76 0.187196 -0.0240673 0.862782 22
 0.12392 -0.0789688 0.860667 100 0.166856 -0.0435261 0.887815 51 0.0633285 -0.0663432 0.913134 18
 0.073825 -0.0650092 0.896672 67 0.103551 -0.0855767 0.869843 58 0.0567725 -0.0655686 0.90996 50
 0.0609978 -0.0603316 0.909753 177 0.101542 -0.0720166 0.883828 15 0.141392 -0.0405609 0.897824 8
 0.0671536 -0.0529622 0.897483 200
 0.0491236 -0.0176691 0.917568 200
 0.055384 -0.0438171 0.913855 54 0.15575 -0.0427557 0.887085 1
 0.110076 -0.039902 0.902357 145 0.0934886 -0.0411733 0.891359 10 0.173137 -0.0611201 0.878334 8
 0.100299 -0.0603869 0.888436 137 0.0612752 -0.049843 0.907583 33 0.132007 -0.0077851 0.893609 23
 0.178781 -0.0271942 0.882831 23 0.101602 -0.0320078 0.885835 2 0.211405 -0.0281759 0.870799 1
 0.0874455 -0.0220302 0.885074 37 0.0572256 -0.0226182 0.903183 24 0.036803 -0.0411786 0.926655 23
