 -0.170932 -0.0813646 0.883355 86 -0.201667 -0.104804 0.867219 46 -0.209211 -0.0655397 0.838255 33
 -0.201904 -0.0707402 0.84836 77 -0.193127 -0.0753056 0.880608 46 -0.197686 -0.0761701 0.874021 19
 -0.181133 -0.080141 0.879439 63 -0.186865 -0.0825165 0.875172 51 -0.142928 -0.0380157 0.87061 18
 -0.190815 -0.0763698 0.88165 82 -0.162913 -0.11592 0.915631 35 -0.179984 -0.0568057 0.886703 25
 -0.183686 -0.0606818 0.89294 67 -0.160419 -0.114514 0.915194 23 -0.190585 -0.109839 0.880185 17
 -0.170431 -0.101144 0.910342 99 -0.182947 -0.062527 0.898319 84 -0.150043 -0.0490896 0.918046 5
 -0.143713 -0.0373662 0.869327 116 -0.152214 -0.0749846 0.916351 33 -0.181539 -0.0526896 0.884627 24
 -0.154336 -0.0415256 0.872856 76 -0.184762 -0.0645502 0.894981 25 -0.149612 -0.0629283 0.929253 25
 -0.167229 -0.0656111 0.909493 112 -0.180092 -0.0585061 0.886771 37 -0.18019 -0.0622379 0.89 25
 -0.175401 -0.0593134 0.90872 112 -0.152052 -0.0660622 0.931404 71 -0.171761 -0.0491594 0.877894 13
 -0.160336 -0.063167 0.921717 85 -0.170744 -0.0628472 0.912319 43 -0.175397 -0.059329 0.905441 31
 -0.179075 -0.0660264 0.905514 50 -0.159664 -0.0764405 0.927794 48 -0.126132 -0.0983097 0.933168 47
 -0.129036 -0.0354796 0.866479 171 -0.188313 -0.0570776 0.874517 25 -0.115506 -0.161646 0.995428 2
 -0.134287 -0.0662227 0.921241 70 -0.128464 -0.0346209 0.870547 54 -0.183799 -0.0533869 0.897621 42
 -0.170339 -0.0633455 0.911251 135 -0.141527 -0.0598463 0.927754 55 -0.149212 -0.060818 0.92375 4
 -0.168807 -0.0534411 0.910044 92 -0.125707 -0.0243075 0.861767 23 -0.150357 -0.0456251 0.914509 19
 -0.143195 -0.0606336 0.931194 177 -0.127382 -0.0405699 0.877269 23
 -0.140665 -0.0657617 0.935452 187 -0.16976 -0.0671706 0.912382 11 -0.138919 -0.10404 0.928724 2
 -0.108514 -0.0324545 0.890828 58 -0.0987698 -0.0394047 0.924319 54 -0.094518 -0.0462073 0.929348 38
 -0.0968023 -0.0470872 0.927988 88 -0.0946524 -0.0508692 0.931453 62 -0.200334 -0.0973777 0.874419 25
 -0.0981892 -0.051337 0.932564 133 -0.0962852 -0.0735066 0.94278 23 -0.156034 -0.031468 0.874811 20
 -0.101579 -0.0705419 0.940594 137 -0.102615 -0.0259208 0.918175 26 -0.112082 -0.0282795 0.897609 19
 -0.117305 -0.0474459 0.924324 137 -0.114641 -0.0613599 0.929946 48 -0.154193 -0.0335281 0.867405 7
 -0.12594 -0.0622247 0.93437 19 -0.168637 -0.0654558 0.919202 9 -0.143756 -0.107223 0.914184 7
 -0.102214 -0.159432 0.995848 64 -0.100826 -0.168308 1.01135 58 -0.0921035 -0.0654045 0.939517 33
 -0.120688 -0.043732 0.913906 61 -0.0984144 -0.0732468 0.939885 60 -0.117795 -0.157868 1.01917 51
 -0.118702 -0.0492032 0.919674 191 -0.117182 -0.0454114 0.886206 9
 -0.11581 -0.0580368 0.931925 180 -0.151431 -0.11058 0.920829 20
 -0.145938 -0.112216 0.925719 102 -0.112237 -0.0743707 0.945313 97 -0.104904 -0.0867794 0.962702 1
 -0.12066 -0.0799502 0.93361 186 -0.100778 -0.0927745 0.961133 8 -0.156482 -0.0997569 0.925574 3
 -0.121264 -0.100163 0.939981 57 -0.133599 -0.121034 0.984108 56 -0.107015 -0.126613 0.984149 39
 -0.11364 -0.069932 0.932938 38 -0.106106 -0.0949461 0.966415 12 -0.110396 -0.0845685 0.948706 1
 -0.144047 -0.0746695 0.938131 158
 -0.161564 -0.0872629 0.917675 195 -0.183483 -0.0615049 0.887533 4 -0.105768 -0.0801701 0.957742 1
 -0.120781 -0.0873352 0.926607 7 -0.14162 -0.0846298 0.942638 4 -0.155206 -0.0852893 0.922633 3
 -0.183608 -0.103541 0.900571 12 -0.118206 -0.114745 0.950315 2
