 -0.0737512 0.0172228 0.923312 195 -0.0348804 0.0498496 0.923175 5
 -0.0715851 0.00515646 0.926467 200
 -0.0671385 -0.010647 0.934834 198 -0.00843553 0.0129214 0.919723 2
 -0.0628054 -0.0198471 0.938506 200
 -0.0577167 -0.02994 0.941997 200
 -0.0548873 -0.0475641 0.944496 200
 -0.0298039 0.0433314 0.925302 193 -0.000808483 0.0283282 0.934971 5 -0.0211755 -0.0641511 0.946464 2
 -0.0337263 0.0288475 0.932182 178 -0.0696046 0.000879674 0.939681 8 -0.0307803 -0.0057817 0.939832 8
 -0.0346562 0.0146707 0.934977 200
 -0.0340258 0.00461297 0.937858 200
 -0.0301339 -0.00958896 0.946224 199 -0.0330474 -0.0455756 0.930987 1
 -0.0308704 -0.0315009 0.948542 194 -0.0114601 -0.0782236 0.943895 3 -0.00539689 -0.061019 0.95707 3
 -0.00562504 0.054237 0.92412 192 0.0225674 0.0357655 0.909515 4 -0.0713833 0.0214067 0.92418 4
 -0.00848354 0.0400682 0.929055 192 -0.0185861 -0.0041559 0.942682 5 0.0135745 0.00933664 0.937129 3
 -0.011252 0.0222761 0.93611 195 -0.00775688 -0.0717444 0.948641 3 0.0107267 -0.022194 0.944095 2
 -0.0138153 0.0132208 0.93944 159 -0.0299464 -0.018242 0.948393 23 0.00128573 -0.0310518 0.943851 12
 -0.0149877 -0.0207663 0.943597 103 -0.011951 0.0153897 0.940411 94 -0.0133674 -0.00172877 0.944128 3
 -0.0160422 -0.0300354 0.950718 200
 0.0259465 0.0365062 0.915172 197 -0.00452024 0.0538768 0.927865 2 0.00664647 0.012805 0.93746 1
 0.0221052 0.0237344 0.922762 200
 0.018181 0.00688857 0.934766 162 -0.0209744 0.041663 0.927726 21 0.0237435 0.0329692 0.91824 16
 0.013903 -0.00496531 0.941448 126 0.0208363 0.0157843 0.924119 26 0.00272876 -0.034107 0.94535 25
 0.00526926 -0.0131387 0.94611 193 0.00320093 -0.0750828 0.9541 7
 -0.00533463 -0.0355831 0.953364 104 -0.0063703 -0.0400526 0.953382 67 -0.0203151 -0.0820232 0.947016 25
 0.0703035 -0.0558521 0.946891 190 0.0264952 0.0312535 0.926024 10
 0.0517689 -0.0657029 0.952017 197 0.0245178 0.0201515 0.927299 3
 0.0352783 -0.0733531 0.952861 173 0.0126617 0.00847887 0.935489 27
 0.0129846 -0.0821512 0.956734 199 0.00961038 0.00966506 0.934974 1
 -0.00343629 -0.0981399 0.958677 200
 -0.0269945 -0.0956455 0.956259 197 -0.0279983 -0.115906 0.980782 2 0.0258976 -0.00963751 0.933105 1
 -0.0532428 -0.107127 0.978784 200
 -0.0604046 -0.112 0.990952 18 -0.0569778 -0.101698 0.969677 6 0.00574844 -0.0336626 0.952006 1
 -0.0313987 -0.0616364 0.951961 78 -0.0138596 -0.0703608 0.954097 19 -0.00977959 -0.0180095 0.951704 15
 -0.0445207 -0.0527212 0.949624 195 -0.0475283 -0.00966322 0.943979 5
 -0.0241391 -0.0786162 0.960128 30 -0.0219817 -0.0731406 0.959839 27 -0.000855837 0.00317185 0.94546 2
 -0.0576336 -0.112721 0.986064 77 -0.0387395 -0.100794 0.965599 41 -0.0401898 -0.135632 0.996689 22
