 0.0945802 -0.00544716 0.867965 183 0.193315 -0.00853974 0.86306 12 0.133341 -0.0355248 0.860911 5
 0.0943877 -0.0164633 0.872948 188 0.18372 -0.0115383 0.869246 12
 0.099296 -0.0364623 0.885735 163 0.0843018 -0.0683081 0.887694 35 0.0803152 -0.0563442 0.887277 2
 0.101485 -0.0518207 0.890258 192 0.149607 -0.0331712 0.875813 6 0.157329 -0.0301426 0.896811 2
 0.100924 -0.0627903 0.89454 195 0.136041 -0.0352221 0.868308 3 0.108289 -0.126417 0.910248 2
 0.102355 -0.0597795 0.893818 183 0.13769 -0.120558 0.896918 10 0.134664 -0.0550091 0.898122 5
 0.142922 -0.0393228 0.868665 64 0.0976682 -0.0121948 0.870347 55 0.140474 -0.0134409 0.836042 24
 0.134983 -0.0550414 0.890992 71 0.135063 -0.0237378 0.865593 37 0.134873 -0.026306 0.835529 21
 0.133753 -0.0338846 0.871291 51 0.118323 -0.0500209 0.890248 42 0.122117 -0.0464594 0.888828 37
 0.128837 -0.0344275 0.880175 116 0.101019 -0.0699463 0.893876 70 0.100158 -0.102773 0.904132 7
 0.129461 -0.0499731 0.890787 92 0.135078 -0.0353748 0.876863 69 0.124054 -0.0770663 0.905009 14
 0.128246 -0.0548178 0.898203 169 0.146471 -0.0720394 0.90493 30 0.143086 -0.0763194 0.904146 1
 0.160152 -0.014568 0.829609 87 0.17981 -0.0106651 0.872513 38 0.0986209 -0.0190783 0.874829 25
 0.156875 -0.0277332 0.838407 57 0.14789 -0.068911 0.894513 55 0.158143 -0.0455492 0.866713 26
 0.155913 -0.0346486 0.87516 59 0.156463 -0.0715593 0.906949 31 0.174968 -0.0698954 0.855873 29
 0.148606 -0.0329796 0.875131 101 0.139198 -0.0651363 0.898049 52 0.140067 -0.0225536 0.838192 25
 0.141422 -0.074677 0.908317 109 0.165486 -0.0591187 0.858187 24 0.160682 -0.0556226 0.893965 21
 0.141849 -0.0695817 0.908182 200
 0.183706 -0.0112534 0.868178 133 0.159536 -0.0203691 0.830665 36 0.16978 -0.0364194 0.855839 24
 0.17941 -0.0206476 0.872176 166 0.16947 -0.0862465 0.85881 24 0.147061 -0.0117413 0.833253 5
 0.17551 -0.0308263 0.888431 124 0.167571 -0.0952138 0.87941 58 0.142405 -0.0285139 0.840895 10
 0.174548 -0.0230946 0.890424 94 0.180359 -0.0916638 0.885645 56 0.175023 -0.0358577 0.857267 21
 0.169839 -0.0183763 0.887171 89 0.167307 -0.0819963 0.907854 53 0.10428 -0.0833852 0.899168 23
 0.142326 -0.0510068 0.898485 41 0.148066 -0.107753 0.904145 33 0.152563 -0.0713111 0.911018 22
 0.183002 -0.0105975 0.867352 92 0.167054 -0.115418 0.891046 62 0.171947 -0.0460951 0.856814 24
 0.157495 -0.116632 0.871391 58 0.163753 -0.104924 0.894357 34 0.170212 -0.0843689 0.862959 30
 0.174811 -0.0728413 0.899136 80 0.171285 -0.0847334 0.867531 79 0.161691 -0.094034 0.893734 21
 0.172746 -0.0882085 0.905703 71 0.163941 -0.0982894 0.897551 66 0.164054 -0.097559 0.89187 42
 0.140984 -0.118442 0.906321 197 0.0931003 -0.107551 0.900916 3
 0.117113 -0.115703 0.907111 200
 0.0897459 -0.11492 0.934118 194 0.132645 -0.0415017 0.871476 4 0.154797 -0.0805708 0.865694 1
 0.167446 -0.0843125 0.863815 55 0.0842418 -0.129279 0.933416 5 0.115885 -0.0399272 0.888436 4
 0.14045 -0.0790026 0.913145 92 0.0774431 -0.123514 0.965649 4 0.151415 -0.0586665 0.896106 4
 0.112836 -0.0752478 0.900265 200
 0.10363 -0.0930402 0.904544 30 0.132328 -0.0815818 0.913183 14 0.120556 -0.0718973 0.88338 2
 0.0839758 -0.12404 0.941951 109 0.127771 -0.0619049 0.885285 4 0.13601 -0.0921422 0.915361 3
