 -0.148387 -0.0678401 0.924114 113 -0.12102 -0.0475458 0.894301 80 -0.07607 -0.0454488 0.888602 3
 -0.144666 -0.0590288 0.923803 121 -0.130188 -0.0474089 0.90636 53 -0.132398 -0.0487451 0.909992 14
 -0.147766 -0.061357 0.926645 169 -0.104649 -0.0306368 0.875822 18 -0.121309 -0.109173 0.950708 5
 -0.149609 -0.0611264 0.928481 183 -0.118095 -0.109185 0.938615 13 -0.0945935 -0.0280944 0.906728 4
 -0.151132 -0.064209 0.933431 159 -0.130399 -0.108034 0.940773 12 -0.139146 -0.0824955 0.93675 12
 -0.153928 -0.0796133 0.934448 101 -0.170329 -0.117612 0.953043 76 -0.140401 -0.114987 0.939967 13
 -0.115157 -0.0420806 0.896198 158 -0.127299 -0.107586 0.943086 16 -0.151591 -0.167757 1.02491 8
 -0.126231 -0.0569548 0.931178 120 -0.115187 -0.0381353 0.900899 69 -0.128046 -0.0765164 0.957925 7
 -0.128031 -0.0742418 0.940602 92 -0.130686 -0.0620857 0.931514 57 -0.129274 -0.0710151 0.937806 23
 -0.136048 -0.0543042 0.929831 109 -0.113798 -0.0722782 0.950678 64 -0.0851078 -0.0417971 0.880817 18
 -0.134347 -0.089321 0.945209 127 -0.140089 -0.106694 0.945584 50 -0.126787 -0.0571222 0.934696 8
 -0.156626 -0.0922051 0.94667 108 -0.110924 -0.1144 0.927514 46 -0.130242 -0.0735032 0.942546 40
 -0.10597 -0.0284131 0.902778 149 -0.103455 -0.0315218 0.883112 38 -0.0872146 -0.0597621 0.946119 7
 -0.118178 -0.0730947 0.941038 82 -0.0994937 -0.0436564 0.881273 63 -0.116117 -0.0430828 0.894888 20
 -0.119572 -0.0613053 0.939286 166 -0.107122 -0.0586375 0.88747 26 -0.106332 -0.0352843 0.909943 8
 -0.12098 -0.0562955 0.9318 106 -0.122811 -0.0649477 0.935481 81 -0.102034 -0.0983626 0.927056 5
 -0.11754 -0.0696405 0.948206 122 -0.113965 -0.0721401 0.949447 73 -0.113933 -0.0438688 0.889109 3
 -0.124271 -0.0748861 0.956108 133 -0.11779 -0.0744689 0.956024 61 -0.121602 -0.0517781 0.91002 5
 -0.0828009 -0.0337752 0.884743 161 -0.077282 -0.111488 0.879864 31 -0.0848214 -0.114214 0.911614 8
 -0.0872451 -0.0432384 0.888894 100 -0.0980117 -0.05571 0.943373 37 -0.0831303 -0.108572 0.890124 29
 -0.0962302 -0.0663504 0.947805 88 -0.106658 -0.0732104 0.950592 56 -0.111308 -0.0330518 0.896842 42
 -0.107488 -0.0249589 0.910704 70 -0.0947412 -0.0559277 0.948979 67 -0.095629 -0.0723789 0.950959 41
 -0.0994482 -0.0683639 0.950564 187 -0.104993 -0.0497104 0.884709 10 -0.110766 -0.103621 0.935864 3
 -0.0982362 -0.0823542 0.951628 27 -0.101114 -0.0904846 0.944187 12 -0.0850251 -0.0813891 0.952662 12
 -0.0952862 -0.0372454 0.895622 54 -0.0752281 -0.109858 0.883864 52 -0.0866081 -0.0470302 0.881845 49
 -0.101174 -0.0726142 0.950985 88 -0.0920655 -0.0465016 0.883693 60 -0.154834 -0.141325 0.962763 23
 -0.0976382 -0.0820792 0.938103 187 -0.0925204 -0.0484274 0.876803 6 -0.147242 -0.122226 0.959522 4
 -0.101427 -0.0929894 0.943748 182 -0.0815789 -0.0894975 0.888515 15 -0.123616 -0.11531 0.938431 3
 -0.111719 -0.107301 0.937734 116 -0.118017 -0.112001 0.939762 36 -0.158331 -0.123594 0.951612 6
 -0.134867 -0.11078 0.953044 23 -0.113266 -0.112477 0.934373 4 -0.110161 -0.077918 0.938243 4
 -0.147326 -0.104849 0.94964 150 -0.141194 -0.117362 0.957005 29 -0.128097 -0.0728493 0.936954 7
 -0.154821 -0.110304 0.953064 11 -0.141596 -0.0663269 0.938921 2
 -0.148337 -0.0864475 0.943026 20 -0.108558 -0.0885632 0.942474 13 -0.14739 -0.0804752 0.945296 1
 -0.165359 -0.0828534 0.946312 175 -0.146261 -0.0938999 0.944402 22 -0.136648 -0.127366 0.949878 1
 -0.140228 -0.0881513 0.950061 11 -0.0801162 -0.0389629 0.90013 1
 -0.158452 -0.114984 0.957549 90 -0.140622 -0.109562 0.935859 4 -0.133145 -0.0821955 0.934388 4
