 -0.212712 0.106358 0.932122 143 -0.221797 -0.0180022 0.940436 47 -0.19793 -0.00924667 0.934319 6
 -0.213996 0.0943101 0.933347 200
 -0.214634 0.0811704 0.940016 71 -0.184016 0.0478443 0.95185 58 -0.213619 0.0863169 0.938883 44
 -0.21587 0.0759375 0.939178 120 -0.172152 0.0499522 0.958841 58 -0.237247 0.00124131 0.927234 9
 -0.213739 0.0707303 0.940751 86 -0.169678 0.0548549 0.965893 58 -0.222968 0.0441094 0.940953 14
 -0.210572 0.0712748 0.94108 84 -0.228034 0.00285244 0.938221 61 -0.178856 0.0245333 0.919918 16
 -0.169193 0.120866 0.90286 128 -0.205233 0.108149 0.933363 36 -0.199559 0.000464429 0.932583 34
 -0.175573 0.110219 0.9108 81 -0.199086 0.09453 0.933118 42 -0.202516 0.018007 0.925414 30
 -0.207846 0.0676585 0.939338 114 -0.183453 0.0595944 0.888924 55 -0.197538 0.0927651 0.928836 22
 -0.207867 0.0544126 0.937787 96 -0.204735 0.105209 0.937997 66 -0.174536 0.0415373 0.894353 12
 -0.198796 0.0856736 0.940424 54 -0.20417 0.0362808 0.946129 34 -0.194217 0.100168 0.925784 33
 -0.20335 0.0872978 0.939764 89 -0.191282 0.0718567 0.882236 53 -0.213613 0.037382 0.949078 33
 -0.170088 0.124097 0.902845 200
 -0.176772 0.106378 0.920289 198 -0.173321 0.0834662 0.877104 2
 -0.185732 0.0898529 0.9312 115 -0.170623 0.101723 0.907018 80 -0.187573 0.0789446 0.872167 2
 -0.177187 0.107762 0.917906 130 -0.185913 0.0800217 0.940886 43 -0.181081 0.0605885 0.887619 19
 -0.188635 0.0865404 0.938813 153 -0.18299 0.100451 0.931567 20 -0.192316 0.0543541 0.885669 12
 -0.197963 0.0448031 0.944148 49 -0.179622 0.0537788 0.898305 47 -0.209835 0.0206746 0.94433 28
 -0.147729 0.109786 0.921796 195 -0.16228 0.121817 0.901605 5
 -0.151868 0.10034 0.933487 166 -0.164465 0.0494327 0.89615 27 -0.169122 0.113222 0.908409 7
 -0.166645 0.0855533 0.945543 170 -0.168676 0.0393564 0.908292 30
 -0.166886 0.072438 0.954703 153 -0.181814 0.0932735 0.932844 26 -0.165521 0.111369 0.922662 13
 -0.170297 0.0934979 0.942599 185 -0.17725 0.00961392 0.930986 5 -0.21087 0.085738 0.935526 5
 -0.174429 0.0360096 0.91576 44 -0.178229 0.0613244 0.965175 40 -0.213258 0.0665769 0.941976 13
 -0.147891 0.0788874 0.952798 62 -0.163504 0.120132 0.904778 49 -0.182719 0.052691 0.88517 40
 -0.178568 0.0508087 0.89623 81 -0.187804 0.0615158 0.95203 32 -0.160647 0.0883198 0.953243 30
 -0.172495 0.0305377 0.919662 102 -0.165906 0.0768957 0.955915 86 -0.169336 0.0340374 0.960199 4
 -0.175495 0.0142397 0.935575 126 -0.174556 0.044534 0.963258 70 -0.165663 0.0858202 0.954182 4
 -0.181921 -0.00172439 0.94888 192 -0.172756 0.0377699 0.962495 8
 -0.193237 -0.00858622 0.942845 112 -0.182271 0.065619 0.952108 58 -0.177427 0.0409551 0.902659 30
 -0.203976 0.0284564 0.94379 49 -0.218636 -0.0134953 0.952614 32 -0.209009 -0.0336364 0.972331 29
 -0.199071 -0.0220534 0.967499 121 -0.213055 0.00144615 0.948205 22 -0.231438 -0.0267444 0.965138 16
 -0.205995 -0.00899771 0.94902 39 -0.212836 0.0603063 0.945874 29 -0.217421 0.0244571 0.945356 5
 -0.220322 0.0380407 0.948159 81 -0.216673 0.0052213 0.945803 47 -0.206356 0.0797622 0.936985 34
 -0.193316 0.0282588 0.934799 52 -0.198285 0.0818139 0.933499 11 -0.200076 -0.00801768 0.948155 5
 -0.219168 -0.0290937 0.968916 159 -0.21088 -9.33408e-06 0.944829 23 -0.196023 0.032945 0.946672 13
