 0.0743962 0.0658529 0.80409 54 0.0415608 0.0486654 0.838577 44 0.0670445 0.0082494 0.836051 27
 0.0546861 0.0438623 0.837101 72 0.0628382 0.00949817 0.842776 43 0.0444589 0.0602979 0.83811 26
 0.0503105 0.0386739 0.841891 62 0.0449469 0.0147675 0.863818 52 0.0268693 0.0678349 0.870754 31
 0.0370382 0.0168134 0.873411 60 0.0253143 0.0738947 0.874438 40 0.0426521 0.0389594 0.849118 38
 0.0297844 0.056167 0.857459 58 0.0281287 0.0612161 0.862134 34 0.0323474 0.0184552 0.878679 29
 0.0207395 0.0688714 0.877478 95 0.0418829 0.0889985 0.872253 34 0.0494458 0.0450735 0.841907 22
 0.0839271 0.0454875 0.819932 58 0.0701022 0.0437866 0.808078 30 0.0387978 0.0186854 0.865158 24
 0.0793425 0.0753132 0.822267 52 0.0520358 0.0606408 0.839514 50 0.0467941 0.0566972 0.840849 27
 0.0457996 0.0768124 0.865183 115 0.0515703 0.0496751 0.837595 66 0.0413128 0.0408455 0.878657 8
 0.0356173 0.0795256 0.875947 72 0.0395551 0.0503564 0.849456 65 0.0676057 0.0756598 0.859473 24
 0.0432992 0.0590563 0.858542 80 0.0267041 0.0407021 0.885934 59 0.012786 0.0206742 0.902828 24
 0.0322968 0.0520756 0.874922 145 0.0366669 0.0827713 0.878167 17 0.0556573 0.0725258 0.859136 15
 0.083861 0.0442502 0.821146 180 0.0985484 0.0905693 0.872241 9 0.055089 0.0858272 0.861944 5
 0.0646052 0.0524521 0.829923 81 0.0892136 0.0793783 0.864332 59 0.0702313 0.0620663 0.803225 30
 0.0661083 0.0798147 0.86023 165 0.0529522 0.0635335 0.833083 34 0.0590008 0.069336 0.837929 1
 0.0615107 0.0860763 0.86464 167 0.0595769 0.071355 0.832852 33
 0.0689436 0.0817269 0.862455 113 0.0562501 0.0680864 0.840587 55 0.0301537 0.0783778 0.883119 31
 0.0708744 0.0835004 0.866893 115 0.0625367 0.0666269 0.828825 42 0.0201656 0.0696865 0.883542 30
 0.0856468 0.072973 0.821357 182 0.100349 0.0919619 0.872024 17 0.0767753 0.0349507 0.822064 1
 0.0885536 0.0682488 0.821756 127 0.0941908 0.0810018 0.878653 33 0.0929495 0.0940646 0.864882 21
 0.0848325 0.0694998 0.828771 117 0.089104 0.0818174 0.864974 72 0.0454295 0.0679502 0.863366 11
 0.0884101 0.0892903 0.871709 125 0.0673289 0.0842347 0.85901 57 0.075033 0.0692527 0.834905 9
 0.0818205 0.0862168 0.866982 167 0.0860271 0.070328 0.82543 31 0.0287611 0.0686444 0.879391 2
 0.0558895 0.0602824 0.844219 93 0.0330258 0.0792073 0.881692 17 0.0159821 0.0616369 0.917102 16
 0.0953811 0.0654978 0.823462 122 0.102273 0.0855835 0.8711 39 0.0745131 0.00859805 0.840459 30
 0.0828726 0.0665451 0.828821 69 0.0887368 0.0808287 0.876407 38 -0.00720092 0.0158266 0.973644 33
 0.0807422 0.0590642 0.815875 70 0.0965855 0.0813013 0.882694 35 0.0258335 0.0304975 0.876332 23
 0.0618098 0.0290391 0.840802 100 0.0669502 0.0495781 0.828187 54 0.0617718 0.0339386 0.835775 20
 0.0557792 0.0235575 0.862047 81 0.0340867 0.023789 0.92135 27 0.0347339 0.0166936 0.96728 19
 0.0298838 0.0291865 0.910307 74 0.0247271 0.0297406 0.920441 57 0.0276876 0.0293366 0.914904 16
 0.00635951 0.0353445 0.957604 182 0.0325067 0.0834517 0.87445 8 0.0136229 0.0357836 0.917091 8
 0.0166219 0.0178755 0.973939 16 0.0375889 0.0294544 0.893376 9 0.00044318 0.0484684 0.97124 4
 0.0515639 0.0637839 0.853826 34 0.046791 0.0656768 0.865195 22 0.0486514 0.0644911 0.860098 18
 0.0360325 0.0496256 0.875827 53 0.0465634 0.0628644 0.871544 49 0.0562038 0.0628424 0.843881 38
 0.0608171 0.073441 0.860987 41 0.0342177 0.0562677 0.885209 35 0.018912 0.0537616 0.926047 17
 -0.00146913 0.0471122 0.96553 101 0.0530695 0.0838066 0.867507 60 0.0346881 0.0623422 0.883593 37
