 -0.150498 0.0312856 0.987706 90 -0.135214 0.0586422 1.01641 43 -0.0969238 0.086669 1.02258 25
 -0.145945 0.0212133 0.990463 131 -0.102495 0.0758708 1.02583 34 -0.13715 0.0505606 1.019 13
 -0.138072 0.0110175 0.996217 86 -0.0849865 -0.0830644 0.987714 34 -0.126548 0.0417426 1.01998 21
 -0.11697 -0.00166647 0.994284 142 -0.0907772 -0.072218 0.985801 34 -0.0381911 -0.0200707 1.02649 20
 -0.126338 -6.18977e-05 0.999767 96 -0.104129 -0.0268753 0.988875 61 -0.127941 0.035919 1.01351 13
 -0.117134 -0.0133722 1.00288 87 -0.103478 -0.0355028 0.98788 76 -0.116342 0.0189863 0.997969 11
 -0.124189 0.0687068 1.01894 160 -0.0938018 0.0748935 1.02415 20 -0.0562258 0.0363715 1.02475 16
 -0.126983 0.0526484 1.01982 173 -0.0615924 0.0285501 1.029 15 -0.0249794 0.00405741 1.02538 12
 -0.122089 0.0399006 1.02401 140 -0.0741973 -0.0656134 0.985039 34 -0.101036 -0.00460383 0.999128 13
 -0.121685 0.0313708 1.02399 134 -0.0811333 -0.0543523 0.98747 36 -0.0292259 -0.00254361 1.02898 11
 -0.112004 0.0217825 1.02359 94 -0.106375 -0.00943299 1.00014 53 -0.0852561 0.00612313 1.03298 32
 -0.114044 0.0237615 1.02792 65 -0.107909 -0.00318743 1.01676 48 -0.0862309 -0.00732622 1.03662 26
 -0.0922395 0.0805015 1.02123 142 -0.127 0.0722867 1.02109 23 -0.0521717 0.0390704 1.02062 19
 -0.0976475 0.0653657 1.02661 146 -0.0727572 0.0168912 1.03686 22 -0.0610977 0.0234436 1.03087 13
 -0.10281 0.0499483 1.03177 141 -0.0785317 0.0186651 1.04198 20 -0.0700978 -0.0359554 1.00863 15
 -0.103107 0.0455686 1.0301 103 -0.0682234 -0.029714 1.02399 39 -0.0399869 -0.0154756 1.02604 15
 -0.0892148 -0.00981875 1.02461 92 -0.0956785 0.030165 1.03632 65 -0.0656449 0.00494907 1.04197 19
 -0.0899207 0.00409876 1.03799 108 -0.0741494 0.0164078 1.04542 68 -0.0833365 0.0103649 1.04144 14
 -0.0222997 0.0189805 1.01577 113 -0.0938593 0.0806241 1.02095 73 -0.0574864 -0.14465 1.04712 13
 -0.030283 0.0127191 1.01935 132 -0.0976047 0.067838 1.02644 55 -0.0685525 -0.146466 1.05481 13
 -0.0464529 0.0306586 1.01982 65 -0.0312932 0.00825103 1.02006 45 -0.122678 0.0358938 1.01993 26
 -0.0590187 0.0356591 1.02807 109 -0.039775 -0.0192689 1.029 67 -0.09912 0.0069933 1.03575 7
 -0.060759 0.0250333 1.03532 53 -0.0570514 0.0265628 1.03437 34 -0.0515606 -0.0359546 1.01661 26
 -0.0741227 0.00388135 1.04767 89 -0.054256 -0.0751654 1.01477 45 -0.0709711 0.00998215 1.04689 41
 -0.0230622 0.00771535 1.02374 108 -0.0944908 0.0826716 1.02404 65 -0.123392 0.0677846 1.02033 14
 -0.029004 -0.00714212 1.02746 186 -0.131729 0.0717897 1.02929 7 -0.0708599 0.0288751 1.03536 3
 -0.0394443 -0.0185146 1.02156 197 -0.0506017 0.0372345 1.02637 3
 -0.0444137 -0.0312462 1.01947 197 -0.0665437 0.0407216 1.0351 3
 -0.0447604 -0.0438285 1.0142 194 -0.0547136 -0.0916224 1.02829 4 -0.0931828 -0.0578118 0.995567 2
 -0.0638615 -0.0521294 1.00096 97 -0.0580353 -0.0714329 1.01134 56 -0.0982439 0.000661231 1.02262 35
 -0.081007 -0.0971211 1.00928 200
 -0.0635834 -0.0888893 1.02273 50 -0.0932568 -0.127031 1.04249 1
 -0.0863094 -0.00439604 1.04213 72 -0.0942618 -0.0240635 1.02163 29 -0.0760793 -0.0785396 1.00293 10
 -0.0953625 -0.0355378 0.995567 163 -0.096473 -0.0227476 1.01587 29 -0.106825 0.00515078 1.02801 8
 -0.0966818 0.00425151 1.04073 9 -0.0767319 -0.0894581 1.00171 7 -0.119142 0.0349483 1.02495 4
 -0.124331 0.0184568 1.0258 35 -0.0884698 -0.096674 1.02074 27 -0.125414 0.0113097 1.00224 3
