 -0.212865 0.00466219 0.937442 148 -0.164412 -0.0894012 0.963745 17 -0.146599 -0.114338 0.985395 15
 -0.213515 -0.00660991 0.941239 146 -0.210934 -0.0436873 0.9253 18 -0.171701 -0.0807019 0.963409 17
 -0.142892 -0.095342 0.980689 35 -0.213485 -0.0247424 0.955657 35 -0.211659 -0.0395938 0.922398 35
 -0.206593 -0.0445335 0.938131 112 -0.211375 -0.0362606 0.958735 47 -0.207409 -0.0430882 0.944181 12
 -0.199905 -0.0506686 0.949563 107 -0.210089 -0.0428698 0.928331 50 -0.15458 -0.0939097 0.97466 26
 -0.209142 -0.0604425 0.944537 134 -0.166099 -0.111138 0.971083 56 -0.200054 -0.0755572 0.958578 10
 -0.202455 -0.00401942 0.938773 87 -0.224269 -0.0201158 0.892114 49 -0.167859 -0.006061 0.93008 32
 -0.172674 -0.0188649 0.933367 70 -0.222758 -0.0310855 0.905983 37 -0.204256 -0.0143437 0.946937 26
 -0.175394 -0.0331687 0.934977 83 -0.167123 -0.0764861 0.961487 41 -0.200902 -0.0588255 0.951006 21
 -0.181455 -0.0246031 0.932312 66 -0.159163 -0.076279 0.965436 63 -0.21127 -0.0226924 0.954299 24
 -0.191084 -0.045474 0.966127 59 -0.178629 -0.0372479 0.940062 32 -0.175373 -0.0522311 0.95551 27
 -0.174736 -0.0758401 0.961601 35 -0.18838 -0.0393574 0.942392 32 -0.184464 -0.0598094 0.957064 31
 -0.167571 0.00326958 0.923859 160 -0.208643 0.00240002 0.938384 24 -0.232029 -0.0178981 0.890105 13
 -0.173491 -0.0099402 0.930229 150 -0.225299 -0.0252591 0.899474 35 -0.142276 -0.0328088 0.961309 11
 -0.178623 -0.0279666 0.934127 115 -0.208662 -0.0204642 0.953362 49 -0.158038 -0.0490841 0.965278 16
 -0.212631 -0.0335422 0.960738 95 -0.179294 -0.0334977 0.935799 53 -0.179635 -0.0254856 0.936228 36
 -0.186272 -0.0476704 1.0013 48 -0.172236 -0.0977788 0.939464 33 -0.175214 -0.0352665 0.938761 27
 -0.184157 -0.051694 0.944905 110 -0.177569 -0.0902542 0.963345 52 -0.165469 -0.0993107 0.980008 17
 -0.14106 -0.0170044 0.962339 200
 -0.144684 -0.0267393 0.96703 199 -0.207792 -0.00444533 0.948703 1
 -0.150437 -0.0408036 0.969235 186 -0.214131 -0.033201 0.951299 10 -0.145096 -0.161472 1.05807 2
 -0.150356 -0.0427888 0.963887 117 -0.158799 -0.0416597 1.00039 30 -0.170204 0.0156166 0.917413 16
 -0.155752 -0.0583982 0.968359 39 -0.206209 -0.0405025 0.977108 34 -0.176562 0.00374951 0.934346 19
 -0.176647 -0.0436079 0.942106 31 -0.150969 -0.0687592 0.974916 27 -0.174757 -0.0459898 1.00847 10
 -0.137638 -0.0203366 0.96622 131 -0.166761 -0.186741 1.07551 36 -0.14302 -0.181561 1.07089 6
 -0.152401 -0.0346582 0.969092 101 -0.15623 -0.155428 1.04184 26 -0.194354 -0.0680571 0.953667 20
 -0.171281 -0.0779888 0.963072 147 -0.159211 -0.110837 0.988885 20 -0.162846 -0.126119 1.02088 13
 -0.194109 -0.0757261 0.970665 54 -0.167508 -0.0818613 0.966991 48 -0.14949 -0.103441 0.993866 33
 -0.151433 -0.0958165 0.984811 142 -0.176919 -0.0418419 1.00808 26 -0.14574 -0.138863 1.03303 19
 -0.159286 -0.0916948 0.973647 161 -0.158225 -0.115763 1.00095 15 -0.157673 -0.0746306 0.966577 13
 -0.155497 -0.129778 1.02289 144 -0.16139 -0.0988441 0.977575 24 -0.211365 -0.0499098 0.96464 21
 -0.135368 -0.129299 1.02915 18
 -0.184542 -0.045367 0.94013 31 -0.170057 -0.114086 1.00692 13 -0.180827 -0.096702 0.987334 10
 -0.204438 -0.0649153 0.9565 167 -0.184572 -0.10753 0.97978 27 -0.195709 -0.0525774 0.942042 6
 -0.166241 -0.105765 0.990824 42
 -0.202983 -0.0386908 0.970498 28 -0.178993 -0.145226 1.04668 9 -0.180028 -0.124593 1.01907 3
