 -0.0531355 -0.0114191 0.969527 99 -0.00765649 0.0264434 0.968402 55 -0.0458538 -0.0783905 0.987217 45
 -0.0164251 0.0169571 0.970018 75 -0.045046 -0.0734519 0.985058 34 -0.0549379 -0.0155419 0.974132 26
 -0.051464 -0.0445523 0.983662 126 0.000909529 -0.0806618 1.01247 30 0.00128929 -0.0527936 0.988113 20
 -0.0497185 -0.0533012 0.986161 96 -0.00593951 -0.0723209 0.99589 62 -0.0548983 -0.0309065 0.983402 27
 -0.050051 -0.0393536 0.981503 56 -0.0463281 -0.0619724 0.985403 37 -0.0408147 -0.0666105 0.985763 30
 -0.0523395 -0.0283738 0.981337 174 -0.0286855 -0.0854416 1.00166 24 -0.0280621 -0.0107348 0.975878 2
 -0.0386423 0.00782768 0.965698 176 -0.0249102 -0.0767752 0.985551 24
 -0.0444706 -0.00735062 0.970922 167 -0.0349883 -0.0634241 0.981241 32 -0.000422858 0.0229491 0.964472 1
 -0.0423742 -0.0268569 0.979671 187 -0.0368852 -0.133791 1.05528 9 -0.00274204 -0.0551658 0.99854 3
 -0.0401349 -0.0416165 0.981917 118 -0.022592 -0.00893706 0.97345 31 -0.0417247 -0.0172475 0.974574 26
 -0.0357482 -0.0346321 0.983115 142 -0.0497261 -0.0417735 0.990085 51 -0.0209132 -0.0886243 1.01425 6
 -0.0378269 -0.035511 0.981445 94 -0.0328255 -0.0497741 0.982086 70 -0.0365751 -0.0402032 0.981382 14
 -0.0131215 0.0229119 0.968426 200
 -0.0235853 0.00365673 0.966495 200
 -0.028628 -0.0140983 0.97178 200
 -0.0300695 -0.0289604 0.976403 195 -0.00800063 -0.0737794 0.993746 3 -0.0300486 -0.0839699 0.996575 2
 -0.0304644 -0.0348444 0.979933 190 -0.025831 -0.107422 1.01647 6 -0.0213137 -0.079806 0.991641 2
 -0.0369732 -0.0417757 0.983908 136 -0.0218968 -0.0996403 1.01432 21 -0.0428843 -0.0625979 0.973375 17
 -0.00842368 0.022619 0.966951 193 -0.0125 -0.166682 1.07225 6 -0.0151506 -0.190075 1.0809 1
 -0.0139375 0.0124824 0.969961 154 -0.012537 -0.00616612 0.980002 41 -0.0221857 -0.183585 1.08869 3
 -0.0256289 -0.00966166 0.972161 130 -0.0158753 -0.0208325 0.986485 46 0.000646709 -0.0267787 0.994721 14
 -0.035264 -0.00897693 0.971252 78 -0.00568133 -0.114173 1.01377 33 -0.00101087 -0.0395488 1.00015 25
 -0.00123762 -0.0344409 1.00675 62 -0.00666059 -0.0126788 1.00077 60 -0.018784 -0.143011 1.04483 32
 -0.0509549 -0.0597245 0.989325 31 -0.00784372 -0.0342279 1.00868 28 -0.0439243 -0.0385091 0.973144 17
 -0.0154572 0.0242221 0.969739 126 -0.046316 -0.0610532 0.966532 46 -0.0154864 -0.178291 1.07905 14
 -0.0215502 0.00832939 0.973639 107 -0.000505777 -0.0338698 1.00459 32 -0.0301111 -0.0693194 0.98788 31
 -0.0115704 -0.0401619 0.999991 111 -0.00694949 -0.08166 1.00796 39 -0.00403213 -0.0655112 1.00535 17
 -0.0106643 -0.0868612 1.01538 200
 -0.0118426 -0.0716847 1.00685 200
 -0.00658824 -0.0607754 1.00447 71 -0.0187903 -0.0467694 0.988691 50 -0.0207905 -0.101827 1.01869 48
 -0.0380453 -0.11989 1.04679 200
 -0.0191857 -0.0812083 1.00887 39 -0.0188212 -0.0739844 1.00452 26 -0.0445588 -0.15585 1.07149 8
 -0.0364994 -0.0610033 0.989749 67 -0.0326053 -0.0804154 1.00368 25 -0.0151734 -0.104317 1.01948 19
 -0.0426364 -0.0747139 1.00125 200
 -0.0415957 -0.11067 1.04455 21 -0.0328326 -0.0927774 1.01353 6
 -0.0451138 -0.118797 1.05022 28 -0.0257898 -0.125369 1.0446 22 -0.0402569 -0.150793 1.07004 10
