 0.0184913 -0.0976882 0.946432 92 0.0294692 -0.0723937 0.924099 40 0.0320193 -0.0917665 0.957472 24
 0.0197717 -0.101476 0.94507 90 0.0243738 -0.0811066 0.930786 42 0.0664729 -0.091055 0.965831 25
 0.0211769 -0.0968863 0.943829 148 0.0527281 -0.096348 0.964921 20 0.047957 -0.0740643 0.949246 17
 0.0187605 -0.0999288 0.949857 90 0.0293042 -0.130036 0.95269 61 0.0729596 -0.153638 0.98134 34
 0.0235055 -0.110032 0.954806 60 0.0310144 -0.140734 0.958287 60 0.0638074 -0.156095 0.979641 38
 0.0219501 -0.107772 0.954083 154 0.0310861 -0.140637 0.958349 22 0.0474493 -0.140112 0.977786 12
 0.0331086 -0.0687484 0.928793 131 0.0509117 -0.0601034 0.943848 19 0.0595373 -0.0819596 0.976341 18
 0.0300886 -0.0829766 0.934535 124 0.0631693 -0.0778912 0.975963 39 0.0561261 -0.0660605 0.949752 18
 0.0427428 -0.0894626 0.971812 105 0.0450833 -0.0689782 0.949228 32 0.0257105 -0.109245 0.951183 19
 0.0433567 -0.101804 0.974044 65 0.0458767 -0.0787219 0.961343 62 0.0469545 -0.0985542 0.981357 58
 0.0370054 -0.120452 0.960785 101 0.0519373 -0.0944837 0.988628 27 0.0426204 -0.0885615 0.970091 24
 0.0440563 -0.138418 0.966719 93 0.0404962 -0.107655 0.975051 68 0.0516756 -0.101687 0.998298 30
 0.059428 -0.0526183 0.943842 167 0.101751 -0.0834726 0.969677 15 0.084222 -0.0631987 0.976487 13
 0.0530421 -0.0570801 0.946672 140 0.0722997 -0.076824 0.982351 42 0.0367385 -0.0691835 0.930359 11
 0.0641921 -0.0919843 0.994283 101 0.0467857 -0.0707229 0.951802 78 0.0659795 -0.145114 0.983579 10
 0.0608601 -0.104006 1.00023 84 0.0595577 -0.0690989 0.97499 29 0.055233 -0.0753574 0.971782 26
 0.0646137 -0.07816 0.986526 123 0.0526596 -0.138437 0.982473 28 0.0461424 -0.0566131 0.951402 16
 0.065288 -0.112499 1.00395 86 0.0585929 -0.089736 0.995837 60 0.0381875 -0.125339 0.975792 31
 0.105893 -0.0831764 0.966832 131 0.0736814 -0.0477923 0.944749 26 0.0514078 -0.0522732 0.945151 12
 0.101613 -0.0890251 0.96941 128 0.0763455 -0.0653331 0.962297 26 0.0506555 -0.0638701 0.949435 25
 0.0971173 -0.110298 0.981304 85 0.0982749 -0.0995188 0.972239 54 0.0835597 -0.0757664 0.979897 35
 0.0912291 -0.124982 0.997208 78 0.0946186 -0.0975648 0.976495 40 0.0611946 -0.0790092 0.993686 39
 0.0851865 -0.141999 0.991635 73 0.0816529 -0.0822919 0.988606 67 0.0646164 -0.122473 1.00038 17
 0.0657406 -0.127821 1.00128 34 0.0300321 -0.106913 0.970713 26 0.0554911 -0.178806 0.981297 20
 0.109016 -0.0971541 0.97182 164 0.0835836 -0.0574327 0.951256 29 0.0102278 -0.248544 1.02752 7
 0.100747 -0.114089 0.984263 192 0.0157319 -0.246661 1.03316 5 0.0708418 -0.0700935 0.983239 3
 0.0927304 -0.129565 0.989987 159 0.0670853 -0.152211 0.980922 25 0.0753429 -0.145599 0.981914 5
 0.0864994 -0.14311 0.990592 200
 0.0695006 -0.165808 0.987749 175 0.0362735 -0.164234 0.962316 10 0.0939205 -0.128838 0.98163 8
 0.0663331 -0.165904 0.983895 94 0.0583862 -0.173329 0.974953 70 0.0185343 -0.203293 1.00284 16
 0.03021 -0.18809 0.987123 176 0.018105 -0.225156 1.02013 14 0.030461 -0.128939 0.958583 10
 0.0246804 -0.186024 0.995484 28 0.0701823 -0.160996 0.986603 9 0.0460523 -0.188324 0.977935 2
 0.0583935 -0.1128 1.00698 27 0.0448319 -0.127662 0.995406 23 0.0401327 -0.152144 0.979342 5
 0.0438683 -0.123624 0.988943 112 0.0349299 -0.12701 0.965036 81 0.0206622 -0.17721 0.952992 3
 0.073549 -0.0711857 0.941638 20 0.0611291 -0.1456 0.995322 9 0.0631537 -0.128748 0.973755 5
 0.0365059 -0.190822 0.978789 102 0.0322889 -0.192258 0.982454 45 0.051586 -0.0866423 0.965962 8
