 0.0604974 -0.13499 0.904479 86 0.0725761 -0.140153 0.930075 58 0.140413 -0.14103 0.930139 13
 0.136156 -0.0891274 0.911536 38 0.0411784 -0.141602 0.918075 30 0.0684607 -0.0999736 0.90239 23
 -0.00242427 -0.180946 0.97168 62 0.12152 -0.0844278 0.913822 34 0.0638868 -0.101967 0.909182 26
 0.0455223 -0.134466 0.916234 45 0.0244777 -0.172749 0.960444 24 0.042691 -0.137608 0.915204 23
 0.0570602 -0.128815 0.922518 78 0.0499423 -0.17235 0.932902 23 -0.013772 -0.180317 0.968244 21
 0.0493982 -0.140116 0.920521 161 -0.0167203 -0.174865 0.986454 19 0.0647812 -0.11216 0.92017 10
 0.0764721 -0.0915561 0.904014 46 0.119524 -0.0865076 0.905241 35 0.120249 -0.103775 0.940744 35
 0.0526804 -0.130089 0.918395 62 0.111627 -0.110355 0.939995 47 0.0886825 -0.0898091 0.88841 32
 0.0720645 -0.108619 0.909327 70 0.0521383 -0.134782 0.921782 30 0.0633787 -0.16508 0.953599 28
 0.0601959 -0.1224 0.917229 122 0.0856175 -0.156873 0.964831 21 0.0687936 -0.136358 0.950069 14
 0.057323 -0.148507 0.936074 63 0.071263 -0.148674 0.954363 51 -0.00081841 -0.160227 0.981034 23
 0.0668179 -0.145521 0.911682 61 0.0403359 -0.142649 0.923451 46 0.0145286 -0.172057 0.978729 42
 0.131053 -0.115106 0.944297 55 0.105983 -0.0901903 0.886439 32 0.146917 -0.0896376 0.907795 30
 0.0624523 -0.179154 0.94936 71 0.107645 -0.119401 0.940693 39 0.126787 -0.0818714 0.904227 36
 0.0793728 -0.118333 0.925162 85 0.108941 -0.113463 0.950222 47 0.0902292 -0.102887 0.897851 24
 0.0952362 -0.123589 0.959632 47 0.0571498 -0.122231 0.920139 46 0.0784509 -0.11759 0.925591 31
 0.0780627 -0.139187 0.965049 114 0.103573 -0.105943 0.942748 47 0.0556169 -0.124214 0.925283 19
 0.0927572 -0.123481 0.963096 75 0.0468297 -0.14124 0.926243 44 0.068437 -0.17453 0.954243 25
 0.139703 -0.0821019 0.901655 107 0.141688 -0.140911 0.931144 93
 0.138065 -0.0942548 0.91102 91 0.122393 -0.107917 0.941535 58 0.133706 -0.144139 0.943416 45
 0.130237 -0.106224 0.939507 50 0.119943 -0.0940247 0.908803 37 0.106916 -0.106264 0.954051 34
 0.131339 -0.12448 0.949183 58 0.0915169 -0.138624 0.963436 29 0.0951684 -0.0915178 0.899912 24
 0.125105 -0.111263 0.950299 64 0.102956 -0.16046 0.966324 44 0.0817311 -0.125109 0.961339 32
 0.0849657 -0.136026 0.956542 11 0.131019 -0.135067 0.947216 5 0.0910014 -0.138096 0.962481 2
 0.141578 -0.150625 0.938624 128 0.135492 -0.0823682 0.903421 61 0.117789 -0.0936193 0.947249 5
 0.122373 -0.155359 0.953244 141 0.126907 -0.0924357 0.90854 39 0.101152 -0.101492 0.953928 7
 0.10755 -0.159831 0.961133 156 0.136198 -0.133187 0.940313 16 0.13261 -0.0834293 0.8978 10
 0.0898826 -0.167639 0.961104 172 0.133841 -0.0946504 0.911353 10 -0.0178647 -0.215087 1.00221 5
 0.0430105 -0.178122 0.944394 70 0.112605 -0.143944 0.950897 59 0.0853983 -0.164146 0.958726 8
 0.0434653 -0.178885 0.937471 88 0.0764101 -0.148768 0.946736 57 0.0726194 -0.176921 0.956887 51
 0.0114134 -0.178418 0.97721 178 0.052918 -0.152327 0.921364 14 0.0808022 -0.143959 0.961811 5
 0.0791048 -0.151384 0.959022 2 0.101282 -0.142764 0.940896 1
 0.0629902 -0.138651 0.94476 16 0.0932405 -0.10478 0.955807 11 0.00243869 -0.168835 0.984526 3
 0.0523385 -0.129521 0.918421 66 0.0688615 -0.135853 0.95704 38 0.0393375 -0.190167 0.950588 15
 0.0354006 -0.136142 0.919994 49 0.136464 -0.106716 0.894303 6 0.0811703 -0.139664 0.970601 4
 0.0176071 -0.177084 0.96738 35 0.0634666 -0.161003 0.958672 11 0.063761 -0.151975 0.916038 8
