 -0.229338 -0.00931355 0.984387 195 -0.224181 -0.0526331 0.991544 5
 -0.228134 -0.0211474 0.987453 181 -0.184293 -0.00727415 0.972148 19
 -0.223945 -0.0362021 0.994012 179 -0.175669 0.000747555 0.968678 19 -0.172175 -0.151593 1.00472 2
 -0.221187 -0.0473389 0.997043 124 -0.212867 -0.132536 0.993321 47 -0.168673 0.00967269 0.970417 19
 -0.217823 -0.0535132 0.997324 126 -0.213775 -0.132728 1.002 55 -0.172246 0.00773266 0.977327 19
 -0.213124 -0.0729525 0.993191 200
 -0.179369 0.00682543 0.970557 179 -0.225496 -0.0115625 0.981755 9 -0.148745 -0.00718733 0.953328 8
 -0.183574 -0.00200572 0.977584 186 -0.152965 -0.0185134 0.962667 6 -0.202468 -0.102467 0.98358 2
 -0.189267 -0.0190317 0.985882 188 -0.163011 -0.0247079 0.966355 4 -0.191105 -0.0785954 0.994715 3
 -0.191233 -0.0290324 0.990056 139 -0.207595 -0.114823 0.993475 49 -0.205942 -0.0621042 0.991741 12
 -0.187006 -0.0458497 0.996873 169 -0.196697 -0.102574 0.986122 17 -0.176763 -0.083515 1.00452 7
 -0.188658 -0.0914176 0.99337 93 -0.188179 -0.0653223 0.995051 81 -0.188972 -0.0815918 0.993665 12
 -0.178308 0.00932632 0.971756 118 -0.148192 -0.00519839 0.950905 61 -0.18605 -0.0225183 0.985332 13
 -0.184538 -0.010426 0.982107 102 -0.16022 -0.0193996 0.96855 90 -0.188771 -0.0349026 0.990816 4
 -0.188185 -0.0298129 0.989664 157 -0.175974 -0.0555731 0.993312 22 -0.183536 -0.154303 1.02611 9
 -0.187593 -0.0411501 0.99018 137 -0.167504 -0.032934 0.982628 21 -0.145178 -0.0902643 0.930052 11
 -0.178772 -0.0617751 0.997546 73 -0.176942 -0.0562119 0.994833 50 -0.174439 -0.050946 0.992645 48
 -0.17836 -0.0676209 1.00162 189 -0.210517 -0.114052 1.00009 4 -0.163458 -0.0605675 0.966333 4
 -0.145941 -0.00617014 0.950084 159 -0.159533 -0.0227514 0.975117 18 -0.177159 0.00954605 0.971696 17
 -0.149534 -0.0153441 0.957899 124 -0.140934 -0.0510708 0.955912 23 -0.137982 -0.0662365 0.9324 21
 -0.144725 -0.0803029 0.94558 51 -0.15318 -0.0266 0.974139 36 -0.186035 -0.0229318 0.980965 35
 -0.153173 -0.0468152 0.998097 74 -0.164405 -0.0632146 0.996207 52 -0.194672 -0.0280652 0.988159 24
 -0.162809 -0.0549103 1.00043 186 -0.221038 -0.0590069 0.991621 8 -0.167011 -0.0939401 1.00259 6
 -0.176318 -0.0885029 1.0078 60 -0.160432 -0.0538679 1.01258 51 -0.183718 -0.067936 0.993697 15
 -0.146433 -0.00700161 0.95364 63 -0.139282 -0.0879859 0.928659 51 -0.142036 -0.0671188 0.959325 32
 -0.141654 -0.0887756 0.931068 110 -0.230366 -0.00825954 0.994381 19 -0.147934 -0.0675014 0.956193 18
 -0.140534 -0.0892765 0.938282 107 -0.162816 -0.131858 0.954769 26 -0.154712 -0.0943213 0.994221 19
 -0.153162 -0.108687 0.979426 82 -0.146957 -0.0966077 0.938858 36 -0.194852 -0.145768 1.0098 31
 -0.162538 -0.122691 0.990563 104 -0.212814 -0.13056 1.00799 73 -0.208544 -0.147467 1.02866 12
 -0.174783 -0.122555 0.994571 172 -0.168224 -0.0951073 0.986694 24 -0.181167 -0.0739251 1.00045 4
 -0.180525 -0.132273 0.997854 44 -0.18335 -0.0997346 0.995881 38 -0.156 -0.0782396 0.934968 30
 -0.178084 -0.115867 0.973668 12 -0.157706 -0.129756 0.989796 6 -0.172927 -0.154757 1.09201 3
 -0.190811 -0.0842159 1.00095 159 -0.189142 -0.133877 0.996074 1
 -0.200214 -0.104671 0.998737 200
 -0.176773 -0.0758587 1.00565 8
 -0.18892 -0.143752 1.02508 88 -0.182425 -0.111868 0.999853 4 -0.194588 -0.0689338 0.992798 2
