 -0.119666 -0.0249757 1.04374 85 -0.059046 0.0170257 0.951874 42 0.0460854 -0.0225737 1.00092 37
 -0.0944714 -0.0541385 1.04454 74 -0.0595216 0.00660429 0.955456 50 0.0408392 -0.0312701 1.0068 44
 0.0291433 -0.0432712 1.01157 78 -0.0588137 -0.00426925 0.966254 45 -0.0452158 -0.0964255 1.02798 22
 0.0220014 -0.0513233 1.01438 91 -0.102632 -0.0586628 1.04902 48 -0.0575485 -0.0123242 0.97426 40
 0.0136067 -0.0567532 1.01542 103 -0.0819565 -0.0656001 1.03999 61 -0.0549368 -0.0310093 0.988226 16
 -0.0736516 -0.0850747 1.03519 69 0.00266377 -0.0721736 1.01589 48 -0.0555849 -0.0218342 0.989079 41
 -0.0559006 0.0107574 0.954943 142 -0.0178809 -0.00692953 0.955086 17 -0.0338775 -0.0724356 1.002 17
 -0.057835 -0.00244818 0.966977 124 -0.0227745 -0.016814 0.962615 41 -0.0571452 -0.0980498 1.03906 10
 -0.058134 -0.0157435 0.977489 109 -0.0125162 -0.0222278 0.974797 21 -0.0631892 -0.0742523 1.03797 19
 -0.0608091 -0.0251855 0.981512 63 -0.023142 -0.00663049 0.957101 55 -0.0464181 -0.0614393 1.00859 37
 -0.00868021 -0.0343534 0.994535 112 -0.0583856 -0.0325263 0.992175 43 -0.0276571 -0.00778978 0.960415 22
 -0.0392565 -0.0586678 0.997644 102 -0.011801 -0.0475534 1.00135 42 -0.0810926 -0.0416676 1.04648 30
 -0.0209493 0.0148194 0.941968 78 0.00495025 0.00787528 0.968417 70 -0.057444 0.0137503 0.953762 43
 -0.0209558 -0.00490424 0.954713 139 0.00142853 0.00282829 0.97214 51 -0.0592425 0.00383765 0.961773 9
 -0.0240701 -0.0170083 0.970636 172 -0.0299871 -0.00638329 0.947264 19 -0.0787173 -0.00817634 0.962941 8
 -0.0260435 -0.0240315 0.974503 119 0.000378646 -0.038037 1.01496 21 -0.0311353 -0.00624512 0.955209 16
 -0.0288632 -0.0393454 0.992369 84 -0.029873 -0.0181607 0.976105 43 -0.0295928 -0.0216616 0.978281 20
 -0.0340874 -0.0399603 0.995579 122 -0.0252484 -0.0592186 1.00508 45 -0.033316 -0.00976932 0.965801 23
 0.00567608 0.0152562 0.966071 88 -0.0602949 0.0202248 0.957468 54 0.0440841 -0.0203952 1.00036 39
 0.00250236 0.001906 0.970548 118 0.0379754 -0.0287071 1.00795 50 -0.0591834 0.00746506 0.963938 19
 -0.00144549 -0.00364276 0.978575 120 -0.00424746 -0.0576535 1.00579 26 0.0267045 -0.0438524 1.009 17
 -0.0550719 -0.00554275 0.973767 49 -0.00241899 -0.0960639 1.00847 45 0.00246158 -0.0400545 1.01449 42
 -0.0567758 -0.0309958 0.987 154 0.000338624 -0.0464309 1.01754 28 -0.0196361 -0.017129 0.982132 9
 -0.0545852 -0.0615932 1.01865 86 -0.0524572 -0.0339379 0.992675 38 -0.0138127 -0.034327 0.996113 25
 0.0419417 -0.0265343 1.00454 172 -0.118596 -0.0267319 1.04834 19 0.00598792 0.0142935 0.971262 9
 0.0305495 -0.0395051 1.01147 103 -0.10866 -0.0416597 1.04753 76 -0.0037272 0.00324768 0.975312 20
 -0.0943169 -0.0601637 1.04867 87 0.0189747 -0.0471424 1.01745 69 -0.00325226 -0.0278467 1.00335 24
 -0.0866323 -0.0680546 1.05237 98 -0.00802508 -0.0988034 1.02749 35 -0.00651505 -0.0776821 1.01942 28
 0.001747 -0.0649309 1.01185 123 -0.00736806 -0.0896432 1.02661 54 -0.0128706 -0.129871 1.05417 13
 0.000600211 -0.0843624 1.01806 110 -0.0253687 -0.109012 1.02733 55 -0.024364 -0.0539344 0.995214 23
 -0.0421174 -0.129354 1.05401 149 -0.0457123 -0.0525337 1.00651 33 -0.028286 -0.0884954 1.01321 17
 -0.0108424 -0.0645738 1.01261 100 -0.0543974 -0.135284 1.06958 14 -0.0543414 -0.0681119 1.02458 10
 -0.0264829 -0.0724602 1.01499 167 -0.0512723 -0.103359 1.04168 21 -0.0577051 -0.0687999 0.99655 12
 -0.0547336 -0.0760584 1.01814 87 -0.0196766 -0.0773031 1.0144 61 -0.050054 -0.0463404 0.997809 46
 -0.0352779 -0.0913989 1.02874 200
 -0.0438842 -0.143167 1.06482 192 -0.0365863 -0.0968098 1.03202 4 -0.0719052 0.00624439 0.96167 2
