 -0.139849 0.140766 0.950265 200
 -0.139191 0.128495 0.953159 193 -0.136887 0.0995766 0.964461 4 -0.0735154 0.142761 0.97677 2
 -0.136797 0.112567 0.96074 189 -0.0974567 0.128011 0.980836 9 -0.0708343 0.0840103 0.992 1
 -0.137978 0.0736035 0.962201 99 -0.135709 0.101664 0.96411 73 -0.135739 0.0917615 0.96358 17
 -0.134781 0.097463 0.965054 134 -0.135884 0.0612699 0.967522 33 -0.140299 0.0709504 0.963476 23
 -0.136215 0.0858662 0.964523 193 -0.147255 0.035913 0.976981 7
 -0.0933391 0.16048 0.968917 129 -0.13019 0.143125 0.94801 50 -0.0744857 0.132312 0.988998 10
 -0.0992281 0.15347 0.9736 128 -0.131731 0.127691 0.954408 36 -0.124398 0.0674872 0.964577 14
 -0.134533 0.103345 0.963346 80 -0.105321 0.138885 0.9765 78 -0.119569 0.0706657 0.966397 34
 -0.125865 0.083468 0.965718 120 -0.106089 0.127046 0.978508 46 -0.0903774 0.0700759 0.996608 26
 -0.106566 0.136626 0.981465 54 -0.12067 0.0728589 0.969709 32 -0.121972 0.0907184 0.965281 28
 -0.119843 0.0963718 0.979044 94 -0.119978 0.0837744 0.977388 62 -0.115607 0.0543642 0.980692 38
 -0.0948854 0.165416 0.970599 120 -0.1314 0.14301 0.949773 56 -0.0772488 0.133782 0.979893 16
 -0.101549 0.146747 0.974609 127 -0.0664378 0.14274 0.976459 68 -0.0718872 0.0876092 0.991826 4
 -0.105322 0.124719 0.978258 89 -0.0835271 0.124666 0.983648 60 -0.100951 0.12285 0.980679 24
 -0.108051 0.111302 0.980105 180 -0.0883605 0.0773977 1.00481 11 -0.0821591 0.0551758 0.991419 2
 -0.10808 0.0930838 0.989526 152 -0.105654 0.129538 0.97952 46 -0.106769 0.125472 0.980227 2
 -0.100026 0.0904176 0.99515 110 -0.106578 0.0747216 0.995495 68 -0.104458 0.0814545 0.995118 22
 -0.0543334 0.162712 0.966591 146 -0.0407444 0.0473101 0.966181 34 -0.0882493 0.169788 0.97329 8
 -0.0604241 0.151886 0.971189 171 -0.0559987 0.0434315 0.970302 20 -0.0583141 0.0854444 0.98693 3
 -0.0681344 0.13736 0.977849 157 -0.0494417 0.0981668 0.982623 13 -0.0801182 0.0391911 0.981702 12
 -0.0827408 0.117025 0.984484 69 -0.0575574 0.0875027 0.985279 38 -0.0683901 0.0411278 0.98853 20
 -0.0843967 0.100537 0.996848 117 -0.0849663 0.037611 0.987833 36 -0.0801957 0.0845891 0.997336 28
 -0.0931789 0.0728595 1.01023 196 -0.0739709 0.0805576 0.972641 2 -0.0765978 0.129091 0.993481 1
 -0.053474 0.15776 0.969975 102 -0.0364032 0.0480291 0.968703 81 -0.0410566 0.0770514 0.967957 15
 -0.0542181 0.0430301 0.983236 79 -0.0439234 0.0705873 0.973831 65 -0.0697428 0.142994 0.977962 47
 -0.061593 0.0434548 0.986171 192 -0.0850114 0.117165 0.988756 6 -0.0537029 0.15124 0.951558 1
 -0.0892404 0.0268771 0.99483 117 -0.0710369 0.0416951 0.99062 48 -0.0697368 0.0472427 0.988373 17
 -0.094762 0.0244492 0.997097 183 -0.0656886 0.0448674 0.989188 17
 -0.114803 0.0152328 0.999608 199 -0.0682393 0.0613721 0.997105 1
 -0.150995 0.010881 0.999207 182 -0.138246 0.0448673 0.97341 17 -0.102044 0.11856 0.98261 1
 -0.121331 0.00378765 1.01589 28 -0.104497 0.07385 1.00294 5 -0.167327 -0.0184623 1.023 4
 -0.125194 0.0604047 0.989951 64 -0.121425 0.112914 0.984582 3
 -0.126499 0.0561298 0.979901 169 -0.129088 0.0973434 0.974674 11 -0.161178 0.0390725 0.985187 10
 -0.112605 0.11137 0.96109 17 -0.143636 0.0473561 0.977183 3 -0.0979316 0.0660809 1.0094 1
 -0.135914 0.00778314 1.00158 73 -0.146161 -0.0164061 1.01516 17 -0.0886785 0.128262 0.98277 4
