 -0.182037 -0.0287982 0.910204 189 -0.123378 -0.021383 0.963229 8 -0.199322 -0.0602461 0.92204 1
 -0.182883 -0.0412949 0.914834 198 -0.131844 -0.0386156 0.967907 1 -0.113574 -0.111676 0.943884 1
 -0.181668 -0.059706 0.926326 133 -0.160051 -0.102602 0.940903 43 -0.138537 -0.0932505 0.982639 10
 -0.182199 -0.0729437 0.935254 95 -0.171673 -0.101666 0.943512 58 -0.173703 -0.0942427 0.941297 39
 -0.16486 -0.112123 0.951708 57 -0.180609 -0.0660371 0.934425 52 -0.144681 -0.126423 0.960532 30
 -0.169676 -0.0846745 0.936379 124 -0.128789 -0.119478 0.950875 22 -0.15942 -0.172161 1.07183 10
 -0.142265 -0.0451316 0.899327 111 -0.117731 -0.190272 1.04861 24 -0.172238 -0.0442775 0.918701 21
 -0.14635 -0.0578705 0.906274 117 -0.123044 -0.174867 1.04714 24 -0.180575 -0.0450585 0.918422 21
 -0.171397 -0.0749237 0.938989 103 -0.156569 -0.102745 0.936971 29 -0.139953 -0.0493142 0.901318 27
 -0.173302 -0.0742229 0.940247 83 -0.178431 -0.0755937 0.941369 37 -0.151739 -0.0579156 0.981 26
 -0.163293 -0.0755657 0.934014 34 -0.174324 -0.0940716 0.958208 30 -0.165808 -0.0788641 0.937143 29
 -0.142244 -0.099502 0.977333 51 -0.15297 -0.0961783 0.944169 47 -0.167944 -0.0547151 0.930572 38
 -0.126881 -0.0223797 0.960546 150 -0.13787 -0.0318003 0.891145 25 -0.113167 -0.110614 0.95981 9
 -0.134091 -0.0351185 0.968563 115 -0.140191 -0.0390331 0.893398 32 -0.109624 -0.172525 1.0516 20
 -0.14268 -0.0535007 0.904219 83 -0.135595 -0.0629174 0.981125 41 -0.136303 -0.0537532 0.978587 20
 -0.142407 -0.0599991 0.910729 43 -0.145981 -0.0660971 0.918338 33 -0.135549 -0.0601108 0.982591 31
 -0.140744 -0.0848467 0.982459 83 -0.136886 -0.0885344 0.982783 35 -0.124078 -0.10734 0.943265 28
 -0.143868 -0.0813495 0.986224 108 -0.141889 -0.0768968 0.928526 49 -0.150339 -0.164626 1.06535 30
 -0.128641 -0.0229018 0.960404 159 -0.102401 -0.184 1.05114 30 -0.186316 -0.0324451 0.913515 4
 -0.130827 -0.0334705 0.965936 158 -0.114481 -0.188455 1.06007 11 -0.142887 -0.0748455 0.98207 10
 -0.127914 -0.0642712 0.986747 78 -0.106381 -0.167141 1.03343 50 -0.133067 -0.055045 0.977175 38
 -0.120831 -0.077342 0.997365 65 -0.101307 -0.136843 1.00929 27 -0.135006 -0.0783794 0.975456 23
 -0.138657 -0.0681258 0.989555 80 -0.142307 -0.0560627 0.983217 43 -0.141547 -0.0631423 0.986854 34
 -0.140721 -0.0752932 0.992575 82 -0.144874 -0.105996 0.944638 23 -0.118824 -0.0949717 0.978851 21
 -0.130238 -0.0226076 0.965137 88 -0.102884 -0.183226 1.05233 40 -0.0983808 -0.149265 1.02213 22
 -0.136108 -0.0445065 0.973057 76 -0.125674 -0.16758 1.0272 28 -0.119422 -0.0877539 0.997238 24
 -0.126326 -0.110906 0.951689 54 -0.126715 -0.0988858 0.992038 42 -0.116337 -0.130251 0.963711 28
 -0.113101 -0.101936 0.966224 82 -0.128453 -0.0785877 1.00529 70 -0.105346 -0.126661 0.99906 22
 -0.114629 -0.103769 0.973581 96 -0.179411 -0.0902825 0.95385 36 -0.131819 -0.0852634 1.001 36
 -0.143657 -0.083366 0.985155 69 -0.129171 -0.107353 0.947444 62 -0.123096 -0.107301 0.949808 51
 -0.120371 -0.143795 1.02218 116 -0.145333 -0.143965 1.0439 42 -0.154443 -0.0608573 0.933679 27
 -0.122441 -0.139118 1.01816 10 -0.0991367 -0.131255 1.01955 7 -0.115181 -0.0829442 0.985955 2
 -0.128512 -0.108092 0.959359 25 -0.114094 -0.143094 1.0269 14 -0.136185 -0.0701666 0.915263 11
 -0.158487 -0.111311 0.946 199 -0.150216 -0.0506881 0.924171 1

 -0.142612 -0.155103 1.03562 21 -0.134814 -0.085506 0.976753 16 -0.154308 -0.0824179 0.935558 1
