 -0.118842 0.0557797 0.985731 186 -0.0738511 -0.068717 0.967291 10 -0.0985871 0.0308493 0.989202 4
 -0.117347 0.043707 0.988289 196 -0.0973142 0.0183687 0.99022 4
 -0.114114 0.0287727 0.994171 199 -0.0895761 -0.00235303 0.981534 1
 -0.10782 0.0182419 0.988874 179 -0.0977608 -0.0650385 0.966881 17 -0.0459107 0.0396766 0.996316 4
 -0.103272 0.00863205 0.98815 176 -0.0729982 -0.0565917 0.968219 24
 -0.100902 -0.0108111 0.984943 171 -0.0892199 -0.059293 0.96477 25 -0.0971593 0.0256068 0.988838 4
 -0.0590571 0.0571137 0.953755 180 -0.0734469 -0.0216128 0.987091 20
 -0.0658325 0.0483569 0.962421 170 -0.0652239 0.0124702 0.983955 29 -0.102481 0.0540353 0.999183 1
 -0.0697334 0.0358227 0.972756 158 -0.0510315 0.018275 0.975681 25 -0.0811809 -0.0584338 0.966119 17
 -0.0730034 0.025796 0.97644 159 -0.0881131 -0.0471793 0.96855 17 -0.0443881 0.0249503 0.978434 16
 -0.0737664 0.0154654 0.98544 144 -0.101569 -0.00266349 0.98032 31 -0.0597284 -0.0179004 0.993694 12
 -0.0740848 0.00294029 0.990833 117 -0.0910687 -0.046305 0.97111 75 -0.0617416 -0.0193923 0.994533 6
 -0.0584397 0.0614639 0.952796 139 -0.0207015 0.0636691 0.978332 44 -0.114959 0.0555839 0.988613 17
 -0.0630528 0.0495446 0.959924 124 -0.0273848 0.0479376 0.988081 41 -0.0369551 0.0327336 0.925921 14
 -0.0616421 0.0251078 0.97195 142 -0.0465322 0.0134752 0.933121 22 -0.0846327 -0.027541 0.98262 22
 -0.0706237 0.0140467 0.981745 81 -0.0552941 0.0451584 0.965977 24 -0.057066 0.041188 0.967435 21
 -0.0714425 0.00260283 0.991617 171 -0.0617742 0.0293259 0.976225 27 -0.0439825 0.050767 0.994257 2
 -0.0671169 -0.00448877 0.996491 198 -0.0154611 0.0822665 0.979742 2
 -0.0217163 0.063585 0.97441 177 -0.0264227 0.0226955 0.925488 8 -0.0547458 0.0655586 0.950506 7
 -0.0260675 0.0511788 0.983404 196 -0.0294725 0.0381423 0.937297 4
 -0.0321228 0.0382999 0.996962 86 -0.0335424 -0.00442901 0.94389 60 -0.0331632 -0.00930241 0.946709 29
 -0.0342193 0.032731 1.00422 64 -0.0402035 0.00717628 0.995794 32 -0.037083 0.0232317 0.958574 29
 -0.0409737 -0.00338352 0.995748 131 -0.0376718 0.0126598 0.938807 24 -0.110983 0.00071414 0.98732 21
 -0.0513215 -0.00753624 0.991131 52 -0.0434361 0.00421437 1.0079 13 -0.0658685 0.0202415 0.985758 10
 -0.0219804 0.0610604 0.97983 143 -0.118618 0.0558626 0.985705 34 -0.0249145 0.00525131 0.931487 18
 -0.0309148 0.00838319 0.936247 77 -0.0344825 0.0425311 0.993511 38 -0.119839 0.0508321 0.995454 31
 -0.0330244 -0.0190911 0.957703 200
 -0.0402254 -0.0358915 0.966257 200
 -0.0544873 -0.0628588 0.972206 200
 -0.0745262 -0.0788678 0.97579 131 -0.0658493 -0.0261427 0.979188 68 -0.0519462 -0.0328589 0.952852 1
 -0.0935826 -0.0890383 0.986492 196 -0.0812066 -0.00825482 0.985822 4
 -0.0734384 -0.0842366 0.991755 14 -0.111419 -0.118909 1.01399 8 -0.10426 -0.0670973 0.985695 5
 -0.0741727 -0.0147951 0.998207 83 -0.0888947 -0.04084 0.973531 12 -0.070694 -0.0572514 0.959532 4
 -0.0996509 -0.0275544 0.977639 135 -0.0942402 -0.0195312 0.982674 53 -0.103881 0.00157495 0.991618 7
 -0.0720433 -0.0384397 0.981254 108 -0.0988647 -0.069999 0.983301 2
 -0.0989633 -0.074012 0.978663 134 -0.0960596 -0.0942774 0.993383 35 -0.0772148 -0.00750931 0.990926 31
