 -0.00462111 0.0669164 1.05962 64 -0.0939526 0.0256064 1.14919 60 0.0248956 -0.00604515 1.06944 35
 -0.020677 0.0526441 1.06321 70 -0.0930494 0.0143554 1.14778 48 0.00801563 0.0271063 1.07573 34
 -0.0888244 -0.00314119 1.14268 125 -0.0515327 -0.0863037 1.08367 20 0.0160237 -0.0134354 1.07095 16
 -0.0559614 -0.086916 1.09131 27 -0.0849708 0.00493906 1.15038 26 -0.0231174 0.0105431 1.05167 25
 -0.0159031 -0.0419096 1.07265 69 -0.0275462 0.0348231 1.06801 48 0.00400525 -0.023888 1.06652 31
 -0.0125866 -0.0388024 1.07008 87 -0.0464592 -0.0679845 1.08808 31 -0.0434143 -0.0553618 1.08299 29
 -0.0430785 0.0533405 1.09349 51 -0.00736309 0.0589618 1.06016 43 -0.0396013 -0.0240785 1.07403 34
 -0.0540596 0.0283169 1.09221 40 -0.0563029 0.0226028 1.09118 38 -0.0261937 0.0379495 1.06569 32
 -0.0150869 0.0196122 1.06976 87 -0.0458478 0.0034618 1.07854 68 -0.00224161 -0.0223122 1.06254 21
 -0.00707422 0.0258885 1.0684 80 -0.0515354 0.0121959 1.09004 51 -0.00758501 -0.0327457 1.07443 32
 -0.0168342 0.00840248 1.06888 103 -0.0825921 -0.0814062 1.10013 41 -0.0257253 -0.0371728 1.07468 34
 -0.0208624 -0.00675728 1.0731 150 -0.0587797 -0.0393354 1.08314 20 -0.0542843 0.0242992 1.09883 13
 -0.0099948 0.0585243 1.06 115 0.0191939 0.0330754 1.0776 48 -0.0349784 0.0566652 1.10157 37
 -0.0178336 0.0467627 1.06302 145 0.00490508 0.029359 1.07761 25 -0.0377012 0.0456037 1.09747 25
 -0.0221744 0.024153 1.06511 181 -0.0327564 0.0355333 1.08861 13 -0.0327133 0.031209 1.08274 3
 -0.0158383 0.0104881 1.07155 157 -0.0200508 0.0542482 1.06375 13 -0.0345444 0.0511835 1.1025 6
 -0.0258951 0.00629986 1.07336 162 -0.0454552 0.0114284 1.08198 19 0.00771062 0.0173282 1.0819 10
 -0.0367765 0.00837391 1.08107 90 -0.0532508 -0.0161082 1.08778 39 -0.0378636 -0.0155377 1.08191 34
 -0.00434089 0.0622531 1.05783 91 0.0220219 0.0400247 1.07707 49 0.0237112 -0.0133698 1.07254 34
 -0.00624417 0.0535084 1.0626 90 0.0172521 0.0307432 1.08108 65 -0.0377081 0.040667 1.09885 20
 -0.00509386 0.0214143 1.07158 100 -0.0418446 0.040772 1.09853 43 -0.0192183 0.03273 1.06076 30
 -0.0163488 0.052523 1.06391 55 -0.0149617 0.00894909 1.06712 33 -0.0330921 0.0195667 1.06541 24
 -0.0125066 -0.0308995 1.07689 67 -0.0745616 -0.0145573 1.11137 38 -0.0602978 0.00543374 1.0907 33
 -0.063955 -0.0167322 1.09748 137 -0.0652793 -0.0237319 1.09835 47 -0.0353175 -0.0636966 1.08519 7
 0.0251434 -0.00640746 1.07223 80 0.0165452 0.0325372 1.08231 61 -0.00266106 0.000959538 1.06954 22
 -0.0955113 0.00653018 1.15111 145 0.0129775 -0.0142233 1.07208 22 -0.0704247 -0.139604 1.12339 20
 0.00306344 -0.0185659 1.06942 62 -0.0917988 -0.0118441 1.14464 55 -0.029275 -0.0502574 1.07735 33
 -0.0325772 -0.0392142 1.07666 88 -0.0900183 -0.021892 1.13949 54 -0.000276 -0.00429421 1.06791 45
 -0.031765 -0.0619619 1.08565 84 -0.00247814 -0.0188764 1.06484 54 -0.0222935 -0.0391346 1.07072 26
 -0.0481254 -0.0628456 1.08482 51 -0.0511349 -0.0678006 1.08724 50 -0.0171871 -0.0229266 1.06704 24
 -0.0781899 -0.0995362 1.10366 178 -0.0654285 -0.0463364 1.09019 21 -0.0540347 0.0141415 1.08848 1
 -0.0742945 -0.0343966 1.10761 37 -0.0913032 -0.0921965 1.12666 25 -0.0901011 -0.135039 1.13036 11
 -0.0822347 -0.0637168 1.11629 141 -0.0391533 -0.0121194 1.08198 59
 -0.0415846 -0.0520078 1.08235 112 -0.0722235 -0.0102841 1.08901 35 -0.0160956 -0.00928991 1.08009 18
 -0.0636585 -0.0467737 1.09484 67 -0.0550422 -0.0239527 1.09077 65 -0.0885658 -0.0818545 1.1251 53
 -0.0790433 -0.109048 1.11248 102 -0.0736101 -0.0616018 1.10503 82 -0.0457319 0.0130214 1.09275 15
