 -0.0379431 -0.0615179 0.934776 188 -0.0309576 -0.0971139 0.945441 4 0.0475179 -0.0816271 0.955895 4
 -0.0384175 -0.0720922 0.939291 193 0.0178813 -0.0506742 0.955463 7
 -0.0352159 -0.0868231 0.947642 154 0.0369571 -0.145106 0.966563 46
 -0.0344186 -0.0966071 0.952784 125 0.0294653 -0.145856 0.959476 46 -0.0277684 -0.0696036 0.942952 28
 -0.030901 -0.0817742 0.952249 200
 -0.0309164 -0.105449 0.953404 200
 -0.000853358 -0.0487764 0.944944 183 0.036495 -0.0772054 0.963028 13 -0.00416825 -0.0736974 0.956711 1
 -0.00476444 -0.0582185 0.95133 189 0.03265 -0.0894821 0.961528 4 0.037992 -0.0644468 0.962639 3
 -0.010861 -0.0831382 0.95917 116 -0.00593258 -0.0706427 0.956182 80 0.0344651 -0.0808435 0.971919 2
 -0.0133506 -0.0749825 0.9575 102 -0.0137285 -0.0696583 0.956492 86 -0.0159725 -0.117743 0.935005 7
 -0.010317 -0.087743 0.964035 185 -0.0109847 -0.128269 0.955074 6 -0.00944353 -0.152515 0.956864 5
 -0.00745624 -0.0962663 0.969306 197 1.89768e-05 -0.144536 0.961537 3
 0.0116489 -0.0430181 0.940048 200
 0.00485885 -0.0541479 0.947871 178 -0.00733847 -0.1013 0.965637 20 0.0473185 -0.089575 0.956263 2
 -0.00129683 -0.0650565 0.952538 158 0.0121554 -0.0782292 0.967741 39 -0.0358436 -0.101082 0.946731 2
 0.0140996 -0.07807 0.974046 85 -0.00436752 -0.0662637 0.959035 57 -0.00155691 -0.0621134 0.958303 50
 0.0149836 -0.097902 0.980927 93 0.0162967 -0.0716057 0.973476 83 0.00422846 -0.051182 0.95036 17
 0.0140327 -0.088816 0.984274 198 0.0279817 -0.129234 0.979244 2
 0.0313551 -0.0426866 0.931641 145 0.0584567 -0.0832611 0.938333 44 0.0656251 -0.116334 0.947885 3
 0.0325895 -0.0536998 0.933829 73 0.0545076 -0.0934273 0.935167 59 0.0226327 -0.0769544 0.974651 39
 0.0205123 -0.0784406 0.9685 116 0.0480759 -0.105615 0.944317 58 0.0192606 -0.170284 0.969122 9
 0.00913854 -0.0510774 0.958183 43 0.00774917 -0.0534536 0.961157 37 0.0194877 -0.0966625 0.982445 24
 0.0274001 -0.0946477 0.98207 119 0.022385 -0.0674106 0.96313 38 0.0428145 -0.136697 0.9586 16
 0.0162714 -0.10454 0.990556 183 0.00559078 -0.176745 0.967027 17
 0.0611964 -0.0875588 0.939342 191 -0.0426362 -0.239615 1.02477 5 0.051307 -0.102687 0.966903 4
 0.0545179 -0.102137 0.945615 190 0.0210832 -0.0676847 0.959422 8 -0.0321337 -0.218403 0.997137 2
 0.0489664 -0.116586 0.959807 199 0.0360115 -0.0686685 0.966466 1
 0.0443816 -0.126901 0.967204 126 0.0181095 -0.155895 0.968814 65 0.0188863 -0.151376 0.967459 7
 0.0192784 -0.160425 0.968883 192 -0.0023635 -0.19714 0.999893 8
 0.000514807 -0.162601 0.965509 163 0.012297 -0.134556 0.980313 26 0.0324489 -0.114113 0.980716 5
 -0.0261829 -0.176962 0.978385 164 -0.0368638 -0.153403 0.964316 18 -0.0382737 -0.21673 1.02069 9
 -0.0312251 -0.177652 0.988508 51 0.0291784 -0.148412 0.962533 4 0.00269299 -0.156761 0.961135 3
 -0.00669516 -0.112364 0.980301 114 -0.0175714 -0.172449 0.962703 7 -0.0350842 -0.0955404 0.953723 1
 -0.0219186 -0.126388 0.960271 200
 -0.000152122 -0.147644 0.967899 10 0.00939949 -0.0914416 0.991031 6 -0.0170683 -0.150931 0.95963 1
 -0.0297408 -0.183654 0.987694 149 -0.00850637 -0.118642 0.961856 1
