 -0.213991 0.017107 0.997859 89 -0.14987 -0.0847277 0.978807 47 -0.169984 -0.0494275 0.97785 47
 -0.213428 0.0094677 0.998806 104 -0.203313 0.009969 1.01525 29 -0.200191 -0.000708659 0.975335 20
 -0.193682 -0.0194292 0.979399 72 -0.198201 -0.00925273 1.02098 52 -0.214226 -0.00138794 1.00306 43
 -0.192295 -0.0400712 0.988306 67 -0.175857 -0.0753104 0.985678 45 -0.193128 -0.0189929 1.02447 31
 -0.183639 -0.0621031 0.99136 62 -0.191436 -0.0413919 0.988108 23 -0.189695 -0.0460612 0.990127 23
 -0.18997 -0.0480542 0.99146 115 -0.165312 -0.0876133 0.991253 61 -0.164703 -0.0730958 0.991909 9
 -0.200867 -0.00571132 0.97726 74 -0.213287 0.0145936 0.999466 41 -0.193067 0.0211668 1.0129 29
 -0.201956 -0.0205492 0.984439 79 -0.209011 0.00198558 1.01916 76 -0.158193 -0.00938003 0.979062 9
 -0.14584 -0.0411072 0.997043 72 -0.176356 -0.0687786 0.991862 50 -0.194531 -0.000399754 1.03825 20
 -0.136692 -0.0342 1.00075 76 -0.19367 -0.0261436 1.02765 29 -0.193724 -0.0407423 0.989155 27
 -0.16161 -0.0864153 0.993648 80 -0.162322 -0.0886938 0.990237 42 -0.148703 -0.0427791 1.02374 24
 -0.161254 -0.0700763 1.00421 43 -0.18018 -0.038385 1.0287 36 -0.159732 -0.0601954 1.01517 36
 -0.148487 -0.0141518 0.981953 70 -0.160629 -0.0052167 0.969907 47 -0.131311 -0.0364238 0.99923 34
 -0.197144 0.0122215 1.01995 78 -0.153425 -0.0423916 1.01804 28 -0.152005 -0.0181921 0.988419 22
 -0.123112 -0.0848106 1.00689 39 -0.130834 -0.13895 1.01697 37 -0.208578 -0.00585948 1.02716 24
 -0.142474 -0.0200537 0.99251 31 -0.13807 -0.0821895 1.0068 29 -0.203488 -0.0239716 0.979616 28
 -0.145315 -0.0563499 1.01571 149 -0.157929 -0.0220572 1.03745 16 -0.151376 -0.0168828 0.980058 9
 -0.150141 -0.044479 1.00088 81 -0.171767 -0.0228626 0.976029 66 -0.171508 -0.0433564 1.02808 53
 -0.131015 -0.0305379 0.998805 65 -0.163029 -0.00642934 0.968845 59 -0.196432 0.0205277 1.0136 27
 -0.167829 -0.00790664 0.979244 64 -0.217245 0.0118861 1.00196 37 -0.113173 -0.0758422 1.0145 26
 -0.145703 -0.0291425 0.988679 54 -0.10892 -0.146603 1.05451 40 -0.205483 0.00450601 1.01687 29
 -0.15511 -0.0202812 0.984048 91 -0.120971 -0.0582945 1.01057 29 -0.0939708 -0.145905 1.06305 29
 -0.127397 -0.0518947 1.00721 60 -0.137294 -0.016653 0.992098 35 -0.137371 -0.0317667 0.999489 29
 -0.128709 -0.096066 1.01 85 -0.135511 -0.0340223 1.01016 51 -0.216333 0.0143342 1.01845 24
 -0.225221 0.0198075 0.999202 92 -0.206309 0.0171006 1.00662 34 -0.162512 -0.0158287 0.973158 27
 -0.111598 -0.162701 1.04345 59 -0.203342 0.0119728 1.02133 51 -0.124847 -0.0340522 1.01359 30
 -0.125909 -0.0516312 1.00873 55 -0.127925 -0.10564 1.00771 30 -0.147804 -0.0206731 0.990134 28
 -0.129877 -0.055425 1.00596 115 -0.113598 -0.0896061 1.02594 26 -0.122351 -0.114871 1.00068 9
 -0.121382 -0.0624043 1.01608 61 -0.117386 -0.101653 1.02685 1 -0.142963 -0.0243265 0.998118 1
 -0.124808 -0.084047 1.00482 143 -0.110163 -0.1043 1.02808 41 -0.122961 -0.119667 1.01623 7
 -0.135571 -0.120286 1.01525 136 -0.192167 -0.0215596 0.981005 41 -0.195767 0.0132948 1.01641 16
 -0.135232 -0.127849 1.01395 17 -0.14609 -0.0406646 1.00513 12 -0.115593 -0.110906 1.0358 4
 -0.152012 -0.0633762 1.0166 153 -0.117022 -0.121567 1.04246 26 -0.140546 -0.129748 1.0137 18
 -0.167514 -0.0686035 1.00823 166 -0.143771 -0.0930756 0.995121 19 -0.176637 -0.0475119 1.03186 13
 -0.12619 -0.121824 1.0172 21 -0.136522 -0.0628035 1.00217 1
 -0.119676 -0.122956 1.03056 18 -0.144516 -0.124792 1.01425 14 -0.189208 0.00481764 1.00756 2
