 -0.0663359 -0.0440059 1.01306 132 -0.0104098 0.023163 0.961655 60 0.0208452 -0.10109 1.00482 8
 -0.0615315 -0.0485026 1.0176 126 -0.0106332 0.0110496 0.96483 63 0.0128704 -0.0911078 1.00306 9
 -0.0604535 -0.0358765 1.02212 135 -0.00794489 -0.0218172 0.977398 39 -0.00622791 -0.0594625 0.984686 20
 -0.0495123 -0.0586783 1.02598 54 -0.0148165 -0.0480405 0.982697 35 -0.0213126 -0.0616109 1.0232 34
 -0.0504324 -0.0606018 1.02703 94 -0.014641 -0.0502 0.987949 85 -0.0218043 -0.111285 1.02658 10
 -0.0233359 -0.0714844 1.00757 33 0.0299389 -0.0680149 0.985541 31 -0.0103803 -0.0537717 0.977787 22
 -0.00520793 0.00892851 0.965563 78 -2.08396e-05 0.0243012 0.962545 47 0.0299671 -0.00379257 1.01727 28
 -0.00770562 -0.00540247 0.973162 167 0.00519538 -0.0537961 0.986279 26 -0.00178776 -0.0408545 0.986756 3
 -0.00792996 -0.0201594 0.978905 161 -0.00780114 -0.0245403 0.980815 35 -0.0347482 -0.0757557 1.02208 2
 -0.0054293 -0.0315113 0.981323 107 -0.00331099 -0.0401023 0.98469 82 0.0432086 -0.0410323 0.996437 6
 -0.00349876 -0.0390881 0.986854 184 0.0316041 -0.0453673 1.00259 6 0.0293659 -0.0471868 0.997617 3
 0.00561171 -0.0599962 0.98905 127 0.0259744 -0.0353543 0.993817 46 -0.0283239 -0.057174 1.03029 12
 -0.00228969 0.0271412 0.962741 172 0.0366343 0.0238674 1.03231 25 -0.000787654 -0.0110302 0.975035 2
 -0.0032581 0.0133152 0.967048 157 0.0220535 -0.0791771 0.987325 19 -0.00368541 -0.030724 0.989509 7
 -0.00817284 0.000575337 0.977582 106 0.0244257 -0.00615399 0.995416 78 0.0345002 -0.0656739 0.985906 16
 0.0218191 -0.019163 1.00028 85 0.0462169 -0.0700675 0.982354 77 -0.0112259 -0.0211599 0.984167 29
 0.0186667 -0.0339228 0.999328 147 0.00662352 -0.00924422 1.0033 41 0.00828102 -0.0135977 1.00072 9
 0.0101216 -0.0297396 0.998988 114 0.0155976 -0.0508292 0.991441 70 0.0138108 -0.0453955 0.993104 15
 0.0369538 0.0220969 1.02893 173 -0.0704762 -0.0339186 1.01655 18 -0.00540275 -0.0271512 0.978022 9
 0.0329593 0.0100785 1.0352 130 -0.0656751 -0.0421521 1.02666 26 -0.00550945 0.0112428 0.966963 17
 0.0290372 -0.00657553 1.0089 118 -0.00528308 -0.00807084 0.975691 74 0.0581938 -0.0518676 1.00975 7
 -0.00549023 -0.0226736 0.980271 67 0.0265109 -0.00577706 1.01907 48 0.04641 -0.0996944 0.995094 38
 0.0282893 -0.0160525 1.00811 131 0.0375701 -0.0526291 0.992969 29 -0.00298003 -0.0371104 0.986257 25
 0.0259236 -0.0431194 1.01031 116 -0.00344854 -0.0489339 0.995329 83 0.0287242 0.0138733 1.03981 1
 0.0379401 0.0220246 1.02926 100 -0.0630094 -0.0307085 1.02214 58 -0.00311538 0.0261948 0.96663 19
 -0.0550411 -0.0441509 1.02166 102 0.0695983 -0.063604 0.980762 38 0.0182712 -0.0608358 0.976493 22
 0.0433254 -0.0675124 0.989084 127 -0.0431609 -0.058744 1.02797 67 0.013155 -0.037807 1.00244 5
 0.0438375 -0.0846592 1.0055 104 -0.0312137 -0.0688798 1.03195 71 0.0428935 -0.0550345 0.996831 12
 0.0421245 -0.0871769 1.00738 200
 0.0217366 -0.103605 1.02102 103 0.0219896 -0.0891727 1.00969 41 0.045728 -0.0915821 1.00716 38
 0.013334 -0.12444 1.04455 200
 0.0309341 -0.123383 1.03961 21 0.0229682 -0.0406339 0.994558 10 0.00479162 -0.158111 1.06299 4
 0.0160639 -0.0743455 1.0062 106 0.0168416 -0.0877911 1.01991 40 0.0164535 -0.0804035 1.01206 37
 -0.00658346 -0.0825539 0.997131 75 0.029284 -0.0798924 1.0073 66 -0.0120509 -0.100438 1.04031 41
 0.0122025 -0.0976173 1.02656 121 0.0126982 -0.0933215 1.02177 79
 0.0137314 -0.133358 1.05128 84 0.0336868 -0.00908168 1.01825 2
