 -0.210051 -0.207611 0.906396 98 -0.211888 -0.139984 0.899032 92 -0.138093 -0.124809 0.938987 8
 -0.212335 -0.151084 0.906225 148 -0.134939 -0.138326 0.946144 40 -0.207527 -0.210503 0.909613 9
 -0.211503 -0.166149 0.918295 75 -0.21313 -0.149601 0.907429 42 -0.14813 -0.13929 0.953014 33
 -0.177905 -0.215239 0.925763 100 -0.211266 -0.159648 0.920852 96 -0.227536 -0.167345 0.892023 2
 -0.208432 -0.15864 0.922743 112 -0.175168 -0.211745 0.930062 82 -0.171851 -0.137537 0.93635 4
 -0.209915 -0.173053 0.924273 79 -0.192755 -0.195447 0.938398 48 -0.1621 -0.215701 0.935643 25
 -0.173125 -0.131873 0.923465 104 -0.219441 -0.168682 0.903614 46 -0.145543 -0.232224 0.952095 31
 -0.182015 -0.140701 0.933971 112 -0.211873 -0.174605 0.918831 58 -0.181526 -0.201793 0.94599 7
 -0.195282 -0.167398 0.935849 108 -0.111711 -0.189209 0.965837 35 -0.186352 -0.136543 0.934057 28
 -0.196839 -0.161252 0.94068 158 -0.102965 -0.181804 0.969337 35 -0.171922 -0.21556 0.938792 4
 -0.185575 -0.183965 0.946234 90 -0.173029 -0.157901 0.965597 51 -0.19511 -0.15727 0.944417 22
 -0.177833 -0.187209 0.949313 183 -0.175966 -0.152247 0.985352 11 -0.136213 -0.21087 0.958719 5
 -0.155687 -0.127123 0.919969 134 -0.125686 -0.237 0.9476 38 -0.230857 -0.166406 0.894588 12
 -0.163988 -0.137955 0.971779 58 -0.123798 -0.22535 0.94278 40 -0.136363 -0.154191 0.951192 38
 -0.191927 -0.160212 0.944416 86 -0.168034 -0.157762 0.980859 57 -0.156448 -0.177378 0.961851 22
 -0.190605 -0.156506 0.944356 82 -0.157856 -0.148647 0.967662 39 -0.171795 -0.137039 0.926918 35
 -0.147959 -0.167362 0.964791 134 -0.154118 -0.168918 0.965377 34 -0.187734 -0.156011 0.948952 31
 -0.140959 -0.176716 0.968744 200
 -0.207064 -0.209857 0.903616 44 -0.0763611 -0.244184 1.03474 33 -0.130341 -0.190127 0.94 28
 -0.0845901 -0.244737 1.03407 76 -0.213211 -0.197922 0.908703 44 -0.0845888 -0.233433 0.959319 23
 -0.0922124 -0.218477 0.976531 117 -0.088509 -0.238551 1.02116 55 -0.168261 -0.157407 0.964893 13
 -0.100231 -0.206117 0.975605 91 -0.106168 -0.165328 0.966589 69 -0.137027 -0.153638 0.955304 14
 -0.12817 -0.159505 0.962978 179 -0.135003 -0.1993 0.951211 9 -0.179386 -0.153295 0.962325 5
 -0.128602 -0.183633 0.964719 30 -0.159919 -0.168294 0.976106 29 -0.180355 -0.174903 0.958827 28
 -0.075269 -0.248123 1.02987 88 -0.0794081 -0.232703 0.998142 59 -0.0766747 -0.246386 1.02459 16
 -0.131158 -0.219825 0.938826 85 -0.0960895 -0.227576 0.974435 43 -0.139448 -0.143677 0.956809 39
 -0.122919 -0.217018 0.945355 65 -0.0920087 -0.217561 0.979279 27 -0.0888691 -0.224436 1.00366 25
 -0.151448 -0.220176 0.950702 106 -0.120272 -0.161412 0.96793 48 -0.099446 -0.21551 0.96796 29
 -0.142212 -0.217303 0.951337 197 -0.108303 -0.171529 0.974839 3
 -0.122892 -0.185459 0.963968 71 -0.0986912 -0.20395 0.985044 12 -0.163924 -0.193252 0.948022 10
 -0.177704 -0.172704 0.941358 62 -0.0958274 -0.199597 0.980262 60 -0.0929191 -0.197579 0.983783 37
 -0.107428 -0.206159 0.979204 3 -0.0969157 -0.212854 0.996369 2
 -0.146048 -0.189988 0.970467 200
 -0.154995 -0.201036 0.947347 111 -0.151114 -0.203091 0.94833 63 -0.203947 -0.18297 0.942139 17
 -0.169857 -0.19021 0.964104 6 -0.133913 -0.196289 0.966445 4
 -0.17401 -0.188643 0.949342 12 -0.144166 -0.141481 0.938812 5 -0.206353 -0.16848 0.895157 2
