 0.0170085 -0.0530884 0.939019 87 -0.0371753 -0.092448 0.987047 35 -0.0243271 -0.115817 0.958183 18
 0.0073594 -0.060083 0.940615 114 -0.0354092 -0.0993171 0.986959 31 -0.0268019 -0.0988722 0.961472 17
 -0.0254602 -0.103094 0.9651 48 -0.013041 -0.161716 0.971301 46 -0.0265773 -0.10699 0.968877 45
 -0.0199098 -0.145143 0.968329 42 -0.0311512 -0.107405 0.988127 33 -0.019559 -0.152548 0.969383 31
 -0.0178524 -0.139411 0.969422 34 0.0308698 -0.139486 0.997716 33 -0.018214 -0.134261 0.968727 31
 -0.0186303 -0.128413 0.964548 82 -0.027784 -0.10747 0.983255 39 -0.030286 -0.124484 0.992818 34
 -0.0199067 -0.0702919 0.965307 113 0.00141667 -0.0693814 0.938944 70 -0.0214073 -0.143263 0.969012 10
 -0.012024 -0.0880788 0.947277 93 -0.00748449 -0.0662889 0.957246 31 -0.00816853 -0.0859286 0.943071 26
 -0.0152763 -0.0893877 0.95962 108 -0.00432633 -0.10831 1.01235 36 -0.00281301 -0.147517 0.968741 22
 -0.0146058 -0.0969788 0.962712 60 -0.00996535 -0.134239 0.969286 33 -0.0124906 -0.0761355 0.964132 30
 -0.0133767 -0.134005 0.967532 41 -0.0287114 -0.122671 0.99037 36 0.000961402 -0.131037 1.00006 32
 -0.00129569 -0.117876 1.00304 108 -0.0102781 -0.147036 0.965297 53 -0.0179285 -0.0993809 0.962819 9
 0.0115183 -0.0576649 0.93946 196 -0.0150435 -0.0658959 0.971125 2 -0.00658653 -0.118215 0.940511 1
 0.00183012 -0.0721745 0.938683 182 0.00558328 -0.125284 0.990659 9 -0.0190027 -0.080631 0.975311 8
 -0.0053865 -0.0867969 0.943803 75 -0.00566999 -0.0765334 0.955573 71 0.00749684 -0.122886 1.00511 26
 -0.0105744 -0.108847 0.946696 41 -0.0161264 -0.0836521 0.968786 41 0.00519278 -0.104902 1.00637 38
 0.00376809 -0.130578 1.00745 141 -0.00912875 -0.173678 0.980163 30 -0.00864716 -0.105715 0.949132 22
 -0.00310066 -0.130147 1.01021 52 0.000316297 -0.124188 1.01287 36 -0.0171897 -0.102884 0.959068 18
 0.0610996 -0.087571 0.977742 132 0.0157244 -0.054438 0.937462 47 -0.00971376 -0.0524233 0.963949 14
 0.0530492 -0.0961967 0.984974 111 -0.013073 -0.0630158 0.965647 44 0.00681298 -0.0643283 0.936108 40
 -0.0184537 -0.0815873 0.968091 81 -0.00234768 -0.0740016 0.941277 62 0.0250713 -0.12022 0.996424 19
 -0.0202343 -0.0825759 0.96791 60 -0.0137149 -0.071969 0.956854 52 0.0226066 -0.135646 1.00252 41
 0.0149405 -0.136346 1.00356 79 0.00150993 -0.185259 0.996535 42 -0.0233749 -0.0855784 0.956917 36
 0.00358886 -0.120277 0.996676 84 -0.0192714 -0.137985 0.983724 14 0.0134291 -0.158065 1.00197 10
 0.0605606 -0.091449 0.982817 193 -0.0339212 -0.240677 1.06298 5 0.0188913 -0.0555438 0.93757 2
 0.0452636 -0.105361 0.995644 183 -0.0237094 -0.217643 1.01893 17
 0.0314342 -0.121719 1.00274 200
 0.0283691 -0.132448 1.00704 136 0.0161365 -0.147545 1.00476 53 0.0004867 -0.173618 0.995142 8
 0.0135165 -0.155111 1.00332 148
 0.00929645 -0.158693 1.00443 160 0.023 -0.132415 1.00454 32 -0.0398436 -0.130875 0.991552 4
 -0.0143916 -0.180212 1.01229 173 -0.0143407 -0.165549 0.980305 19 -0.00836545 -0.141735 0.988462 3
 0.00317907 -0.171891 0.997294 7 0.0102781 -0.122937 0.994485 4
 -0.0037928 -0.123221 1.01224 24 -0.00854475 -0.144294 0.976072 5 -0.00978738 -0.112665 0.962213 2
 -0.00906266 -0.138755 0.987687 106 -0.0154082 -0.169903 0.970544 47 -0.0279948 -0.102975 0.992562 20
 -0.0257787 -0.177614 1.00268 3
 -0.00838066 -0.170263 0.988893 19 -0.014387 -0.0968509 0.976981 17 0.0104813 -0.121597 1.01458 6
