 -0.18188 -0.0119272 0.897679 170 -0.164223 0.0310447 0.925313 30
 -0.178687 -0.0224525 0.903122 171 -0.164101 0.0181326 0.926816 25 -0.13689 0.0348355 0.941053 2
 -0.170212 -0.0355086 0.913191 179 -0.155107 -0.0293897 0.935756 6 -0.146567 -0.109913 0.951212 5
 -0.165917 -0.045113 0.920213 176 -0.158516 -0.0188715 0.936817 11 -0.154173 -0.0958873 0.944403 9
 -0.165307 -0.0512555 0.92531 158 -0.157917 -0.097012 0.943952 14 -0.162743 -0.0210433 0.941185 13
 -0.160229 -0.0568085 0.932162 186 -0.152103 -0.0200294 0.952231 12 -0.14724 -0.0941083 0.944661 2
 -0.157808 0.0298445 0.926709 185 -0.128429 0.0085757 0.943542 9 -0.127358 0.0425283 0.934061 6
 -0.158412 0.0143988 0.935177 200
 -0.155435 -0.00448178 0.946544 166 -0.172907 -0.0290665 0.907861 24 -0.135777 -0.092462 0.948537 5
 -0.157218 -0.0150226 0.943411 128 -0.167818 -0.0393006 0.912776 47 -0.12484 -0.0761219 0.964768 8
 -0.153465 -0.0253282 0.944665 169 -0.140085 -0.0686638 0.967203 12 -0.159584 -0.114686 0.952103 4
 -0.15244 -0.0412293 0.948494 84 -0.151513 -0.032108 0.951795 75 -0.151768 -0.0369275 0.95026 22
 -0.124356 0.0462826 0.933224 129 -0.156451 0.0300366 0.926927 56 -0.0750691 -0.0157724 0.95498 12
 -0.128012 0.0301598 0.939916 154 -0.156442 0.0139913 0.932734 41 -0.0733187 -0.0443243 0.959609 3
 -0.13419 0.0150187 0.946337 159 -0.129224 -0.0128359 0.964085 21 -0.155433 -0.00882516 0.939288 11
 -0.135409 0.00907558 0.948544 124 -0.12944 -0.0268165 0.971162 39 -0.153166 -0.0247703 0.939546 21
 -0.135749 -0.0155719 0.961659 158 -0.144023 -0.0551415 0.961197 27 -0.152662 -0.0934501 0.945517 6
 -0.131505 -0.0276526 0.976422 157 -0.140751 -0.0456788 0.960793 41 -0.0983523 -0.0335422 0.96906 1
 -0.12192 0.0503341 0.932026 95 -0.0668585 -0.0249087 0.948271 94 -0.165843 0.0307747 0.924341 5
 -0.0744937 -0.0323376 0.955336 103 -0.126196 0.0381286 0.937825 86 -0.160211 0.0165152 0.931804 7
 -0.129944 0.0199549 0.945215 105 -0.0732261 -0.035148 0.955386 40 -0.102248 -0.0165841 0.969136 33
 -0.108435 -0.0127827 0.968458 82 -0.136979 0.0115681 0.949843 61 -0.118549 -0.0404107 0.973962 24
 -0.117931 -0.020384 0.975215 129 -0.126076 -0.0527831 0.975277 44 -0.124598 -0.0446292 0.972365 10
 -0.130551 -0.0434005 0.977469 150 -0.119945 -0.0019204 0.98093 31 -0.148052 -0.00151996 0.956574 8
 -0.0738452 -0.0286089 0.9533 176 -0.123228 0.0461695 0.934912 22 -0.142119 -0.173922 1.04572 2
 -0.0837664 -0.0471574 0.962653 168 -0.16549 -0.163894 0.98963 21 -0.107144 -0.080174 0.969518 8
 -0.0952993 -0.0584498 0.972524 187 -0.115481 -0.0873348 0.976488 8 -0.0956736 -0.0208849 0.964928 3
 -0.104071 -0.0727604 0.97996 189 -0.0862967 -0.0369804 0.96313 6 -0.124992 -0.0110163 0.96785 2
 -0.121632 -0.0817464 0.971608 138 -0.0981017 -0.0626157 0.975405 49 -0.102911 -0.029226 0.982082 4
 -0.133358 -0.110288 0.976338 139 -0.12291 -0.0889407 0.964719 46 -0.122307 -0.0408635 0.982299 5
 -0.158447 -0.126049 0.979888 192 -0.134064 -0.0824997 0.953097 5 -0.149694 -0.0857045 0.934558 1
 -0.154675 -0.0805323 0.94382 3 -0.174588 -0.154304 1.01549 1 -0.146725 -0.13252 0.999857 1
 -0.149804 -0.075419 0.95356 91 -0.137782 -0.0362069 0.966457 51
 -0.150825 -0.0698202 0.945563 155 -0.147239 -0.11608 0.957544 32 -0.169507 -0.0924484 0.945512 8
 -0.134501 -0.0626933 0.980315 9 -0.143947 -0.030253 0.96753 6 -0.123823 -0.016023 0.95281 1
 -0.143505 -0.0853177 0.955761 18 -0.156959 -0.121926 0.968303 10 -0.164727 -0.140438 0.996223 3
