 -0.271931 -0.0302309 1.00807 179 -0.19971 -0.157543 0.979627 9 -0.203262 0.020797 1.01972 4
 -0.268727 -0.0412822 1.00794 186 -0.234697 0.00778518 1.03207 8 -0.201769 -0.127017 0.982261 3
 -0.263019 -0.0562614 1.00861 169 -0.233017 -0.0130666 1.03552 18 -0.214589 -0.120533 0.976413 8
 -0.254584 -0.0640125 1.00534 113 -0.166991 -0.117364 0.983326 50 -0.230811 -0.0313645 1.03329 15
 -0.248887 -0.0676189 1.00405 114 -0.207516 -0.10241 0.982576 75 -0.225296 -0.148351 0.986892 8
 -0.209589 -0.125311 0.980994 136 -0.243266 -0.0842363 1.00233 64
 -0.232697 0.00285139 1.03478 169 -0.196288 0.00170981 1.02216 29 -0.202953 -0.0569453 1.02455 2
 -0.231779 -0.0127912 1.03242 194 -0.211067 -0.0576038 1.01194 6
 -0.230084 -0.0331205 1.03115 185 -0.18795 -0.0442396 0.98084 6 -0.240452 0.010922 1.03857 4
 -0.23105 -0.0456385 1.02592 96 -0.229166 -0.0494842 1.02527 63 -0.216535 -0.0772163 0.999509 13
 -0.225545 -0.0548537 1.02837 148 -0.222926 -0.0822988 1.00796 37 -0.205699 -0.0999156 0.979939 4
 -0.220533 -0.0751418 1.01372 186 -0.220305 -0.132873 0.987175 12 -0.169602 -0.103365 0.97384 2
 -0.201591 0.0124266 1.02045 169 -0.232991 0.00839598 1.04003 27 -0.272525 -0.0274321 1.01061 3
 -0.204722 -0.00473914 1.02632 177 -0.205895 -0.0435812 1.01801 18 -0.180863 -0.0294321 0.984091 3
 -0.209688 -0.0226409 1.02957 99 -0.208833 -0.0593618 1.02588 77 -0.187934 -0.152638 0.99683 18
 -0.205824 -0.0515424 1.0245 49 -0.208789 -0.0246555 1.02409 36 -0.175923 -0.0911253 1.01669 26
 -0.20246 -0.0627134 1.02592 141 -0.208682 -0.0360951 1.02975 45 -0.235038 -0.0752618 1.00031 6
 -0.20432 -0.0680115 1.02887 182 -0.187641 -0.0356039 0.989506 11 -0.210707 -0.100604 1.00682 6
 -0.200114 0.0124448 1.0194 125 -0.155966 -0.0526107 0.969583 38 -0.230882 0.00836866 1.03325 20
 -0.203084 -0.000900232 1.02205 146 -0.161931 -0.0470272 0.979155 21 -0.22742 -0.00512212 1.02974 20
 -0.223983 -0.0290594 1.02476 68 -0.207811 -0.0234426 1.0121 43 -0.15926 -0.0794325 0.982259 30
 -0.155673 -0.0884007 0.983736 59 -0.22088 -0.0105794 1.02966 46 -0.221996 -0.0456042 1.03055 44
 -0.183208 -0.05799 1.02572 91 -0.181051 -0.0587655 1.0221 67 -0.234649 -0.0277235 1.03679 25
 -0.192042 -0.0789737 1.02705 126 -0.170442 -0.112916 0.992851 44 -0.222083 -0.0135559 1.03743 15
 -0.152596 -0.0486777 0.971436 149 -0.204121 0.00773731 1.02022 26 -0.271071 -0.0230815 1.00874 7
 -0.158262 -0.0624543 0.97414 200
 -0.15979 -0.078973 0.987247 199 -0.169079 -0.0759199 1.03649 1
 -0.166518 -0.100266 0.990015 192 -0.181539 -0.0622334 1.019 5 -0.168532 -0.0731342 1.03388 3
 -0.168809 -0.105817 0.986266 183 -0.232155 -0.123558 0.993687 17
 -0.184765 -0.137116 0.98759 101 -0.183152 -0.142839 0.991785 85 -0.184458 -0.089351 1.02387 12
 -0.194479 -0.151508 0.99951 86 -0.198955 -0.133812 0.982887 72 -0.220401 -0.115985 0.992162 19
 -0.180747 -0.148558 1.01397 8 -0.196511 -0.157972 0.99412 6 -0.214841 -0.164295 1.00598 1
 -0.208741 -0.0753952 1.02377 107 -0.204295 -0.102365 1.01223 63 -0.205335 -0.0899579 1.01992 14
 -0.221416 -0.107025 0.997537 197 -0.193849 -0.167857 0.990305 2 -0.228477 -0.0709947 1.01003 1
 -0.207882 -0.0547654 1.02601 20 -0.20523 -0.11378 0.999924 13
 -0.199671 -0.15049 0.990152 51 -0.208035 -0.0942207 1.0101 17 -0.220864 -0.131012 0.986894 9
