 -0.20605 0.114365 0.930167 186 -0.22053 -0.0252815 0.946783 10 -0.189674 -0.00825218 0.929865 4
 -0.207342 0.101269 0.931884 200
 -0.207829 0.0869239 0.938699 111 -0.177925 0.0461442 0.950261 70 -0.22241 0.0398891 0.932698 10
 -0.207364 0.0767466 0.938148 98 -0.166066 0.0477514 0.957033 73 -0.228123 0.045824 0.940232 13
 -0.163172 0.0530619 0.9639 79 -0.161849 0.0530852 0.89329 27 -0.186269 0.017379 0.927701 27
 -0.222734 0.00115886 0.939534 62 -0.206964 0.0782153 0.938142 52 -0.223823 0.0456827 0.942078 37
 -0.158625 0.12774 0.900077 104 -0.196635 0.114589 0.930044 75 -0.193862 -0.000754926 0.930403 14
 -0.190735 0.0974573 0.928891 68 -0.16406 0.115362 0.906959 52 -0.173729 0.0446242 0.89128 51
 -0.20146 0.0703913 0.936915 128 -0.177775 0.0614695 0.886738 26 -0.17186 0.0609743 0.885931 19
 -0.203155 0.0555141 0.936617 118 -0.199224 0.106162 0.937888 37 -0.164711 0.0508551 0.888468 23
 -0.200631 0.0301762 0.940344 66 -0.17774 0.0525235 0.889452 34 -0.186602 0.100845 0.924336 32
 -0.194265 0.0827927 0.939524 95 -0.211489 0.0346316 0.950198 50 -0.177644 0.0400728 0.890828 23
 -0.161766 0.125204 0.902183 200
 -0.168311 0.110023 0.916327 199 -0.176232 0.0671238 0.871203 1
 -0.175705 0.0951776 0.930321 169 -0.163313 0.100047 0.906873 30 -0.181355 0.0588163 0.943824 1
 -0.172311 0.108301 0.918704 164 -0.172782 0.0664256 0.881986 19 -0.174511 0.0279352 0.916764 7
 -0.180988 0.086001 0.939129 117 -0.16408 0.110119 0.922059 30 -0.183635 0.05496 0.884937 23
 -0.193639 0.0438141 0.943939 101 -0.173293 0.0541065 0.895658 31 -0.203797 0.0166064 0.942353 25
 -0.144517 0.108789 0.923104 146 -0.151517 0.124634 0.902609 49 -0.148518 0.121076 0.905642 5
 -0.145413 0.101237 0.930577 200
 -0.160859 0.0878638 0.942993 170 -0.155122 0.094711 0.92031 30
 -0.165154 0.0798778 0.949387 108 -0.163004 0.0758391 0.952191 82 -0.169682 0.103828 0.924472 7
 -0.15828 0.0897789 0.945392 77 -0.173313 0.0705223 0.952508 55 -0.162256 0.0815157 0.949773 23
 -0.172625 0.0620298 0.96206 58 -0.168922 0.0435109 0.905995 36 -0.166676 0.0152219 0.923243 21
 -0.156854 0.122133 0.903773 87 -0.176306 0.0551863 0.881566 42 -0.16854 0.0359563 0.898808 36
 -0.171119 0.04614 0.894389 54 -0.156868 0.0915609 0.945694 43 -0.180127 0.024429 0.919944 41
 -0.160406 0.0773998 0.955305 99 -0.16703 0.0269986 0.919224 81 -0.153429 0.107288 0.9206 11
 -0.170283 0.0152211 0.930103 119 -0.168409 0.0449789 0.960288 79 -0.156822 0.0400675 0.909971 2
 -0.178909 -0.00170533 0.947463 195 -0.162646 0.0767599 0.962522 2 -0.163686 0.0724921 0.964022 2
 -0.188699 -0.00761056 0.942284 113 -0.178164 0.0655157 0.951104 60 -0.171034 0.0379094 0.903275 27
 -0.212164 -0.0296809 0.965622 36 -0.215228 -0.0170671 0.954334 34 -0.201866 0.0446543 0.947718 33
 -0.192985 -0.021867 0.966146 118 -0.217879 0.00994662 0.944672 40 -0.223078 -0.0242097 0.966858 9
 -0.206073 0.0670378 0.946193 34 -0.206671 0.0248388 0.940092 18 -0.186551 0.0505006 0.891035 12
 -0.213643 0.0386495 0.944855 102 -0.199091 0.0711746 0.932638 49 -0.161889 0.0575966 0.88775 20
 -0.199096 0.0307277 0.939347 49 -0.190338 0.0821716 0.932207 22 -0.20218 -0.0110314 0.94403 3
 -0.213281 -0.0276519 0.966861 144 -0.207498 0.00478916 0.941929 53 -0.196734 0.0737384 0.941242 3
