 -0.09004 -0.161439 0.881108 47 -0.133063 -0.190222 1.05638 46 -0.133167 -0.155514 1.0206 33
 -0.13684 -0.184275 1.06855 56 -0.0742892 -0.0417432 0.981255 44 -0.133601 -0.146606 1.02018 19
 -0.0869191 -0.151056 0.921539 52 -0.0864568 -0.148043 0.92563 47 -0.126846 -0.176759 1.04784 25
 -0.0874557 -0.143322 0.931312 107 -0.0819719 -0.0723161 0.978713 39 -0.0863537 -0.133037 0.850965 9
 -0.0895258 -0.141768 0.937392 103 -0.0783228 -0.116009 0.972948 57 -0.0809971 -0.115869 0.924982 8
 -0.0894481 -0.14178 0.931723 85 -0.0784819 -0.107883 0.993655 47 -0.0858381 -0.123409 0.928463 23
 -0.0724698 -0.0387361 0.978918 74 -0.0663974 -0.110368 0.997219 27 -0.0750221 -0.151314 0.940872 22
 -0.0794041 -0.104776 0.853105 67 -0.0679782 -0.0575532 0.983567 66 -0.0685355 -0.0892687 0.928832 30
 -0.0756952 -0.0977898 0.848366 90 -0.0733301 -0.0679868 0.984733 28 -0.0739032 -0.0798491 0.985786 27
 -0.0775633 -0.136806 0.937014 75 -0.0796141 -0.106527 0.856924 64 -0.0731486 -0.0722323 0.987301 30
 -0.0817843 -0.124476 0.912729 171 -0.0743909 -0.115101 0.839827 15 -0.0737804 -0.060504 0.960014 4
 -0.0831519 -0.126622 0.934453 95 -0.0751713 -0.0770928 0.978437 48 -0.101557 -0.105091 0.836268 21
 -0.0680394 -0.0312515 0.977488 183 -0.0652341 -0.103996 0.998285 12 -0.0918804 -0.172934 0.874808 3
 -0.0700203 -0.0511628 0.982519 198 -0.0755971 -0.11346 0.948609 1 -0.0842314 -0.0993059 0.848332 1
 -0.0752913 -0.068536 0.987874 195 -0.0779535 -0.112187 0.981833 2 -0.07154 -0.113887 1.00147 2
 -0.077688 -0.0768453 0.989651 107 -0.0751183 -0.104201 0.847548 25 -0.0808232 -0.119379 0.852143 17
 -0.0837727 -0.0990093 0.919974 128 -0.0829517 -0.0836132 0.840543 34 -0.0987414 -0.161264 0.909679 21
 -0.0714333 -0.102949 0.844562 54 -0.087493 -0.0861681 0.98776 45 -0.0877198 -0.110901 0.941229 40
 -0.068678 -0.0298701 0.976169 192 -0.0636464 -0.073403 0.991802 5 -0.131144 -0.207299 1.07807 2
 -0.0696144 -0.0451273 0.979818 176 -0.0710251 -0.0911712 0.987734 21 -0.137293 -0.195355 1.08316 2
 -0.0719132 -0.0643393 0.987185 179 -0.074525 -0.107691 0.99595 21
 -0.072753 -0.0806523 0.988103 112 -0.0775302 -0.109466 0.993641 59 -0.0765947 -0.101917 0.990818 15
 -0.0834453 -0.153467 0.86326 44 -0.0696489 -0.0922951 0.923088 33 -0.0853801 -0.0781156 0.840687 17
 -0.105662 -0.163869 0.862056 12 -0.0844908 -0.125734 0.947972 3 -0.100413 -0.11388 0.843252 2
 -0.0716884 -0.0318541 0.981096 193 -0.0895165 -0.143637 0.920829 2 -0.074289 -0.132697 0.999017 2
 -0.0865543 -0.141043 0.938214 66 -0.072309 -0.0548249 0.985833 53 -0.0882944 -0.153077 0.88249 38
 -0.0761974 -0.074008 0.993834 98 -0.0781464 -0.106596 0.996867 26 -0.0781323 -0.11226 0.934547 25
 -0.0762288 -0.116456 0.945731 5 -0.122355 -0.183804 1.06089 3 -0.076409 -0.10704 0.854865 3
 -0.0813289 -0.150918 0.896968 7 -0.0811116 -0.121431 0.93654 2
 -0.0830574 -0.141072 0.934236 8 -0.0640128 -0.0865978 0.990836 3
 -0.11192 -0.154345 1.02415 38 -0.0906493 -0.137678 0.949946 37 -0.118432 -0.168746 1.04672 22

 -0.0864781 -0.0437284 0.991988 2.84603
 -0.114737 -0.144287 0.934861 3 -0.117787 -0.176055 1.04706 1 -0.124194 -0.157205 1.01287 1
 -0.117512 -0.147943 1.0027 3
 -0.115364 -0.150147 1.02694 1.0404
