 -0.20516 -0.0132537 0.975294 184 -0.160191 -0.139757 0.978443 5 -0.163379 -0.0805277 0.990683 3
 -0.205412 -0.0246844 0.983667 195 -0.207435 -0.0564951 0.996618 5
 -0.202046 -0.0410169 0.994652 197 -0.201021 -0.082467 0.993554 2 -0.195737 -0.0761368 0.99155 1
 -0.200716 -0.0542735 0.997324 196 -0.213781 -0.131371 1.00443 3 -0.168599 -0.143291 0.990536 1
 -0.200956 -0.0609526 0.99665 181 -0.204636 -0.131728 0.998645 15 -0.204189 -0.103218 0.999657 2
 -0.201939 -0.075056 0.997041 130 -0.179204 -0.114692 0.992773 47 -0.202297 -0.140652 1.00972 17
 -0.153072 -0.0175058 0.949087 116 -0.197268 -0.0244386 0.982071 39 -0.164681 -0.0300376 0.968317 22
 -0.162318 -0.033645 0.974349 48 -0.156983 -0.0262632 0.958604 43 -0.20026 -0.100819 0.995878 35
 -0.170762 -0.0506483 0.992095 70 -0.167497 -0.0470944 0.989984 46 -0.197806 -0.089514 0.992658 34
 -0.170708 -0.0480482 0.98935 113 -0.195719 -0.090297 0.998784 40 -0.192816 -0.0554219 0.999775 18
 -0.175834 -0.0550498 0.994704 119 -0.181406 -0.131521 1.00021 34 -0.178591 -0.089726 1.00602 26
 -0.176465 -0.0680787 1.00386 144 -0.179255 -0.0918062 1.00523 50 -0.189826 -0.0429646 0.995633 4
 -0.153123 -0.0179668 0.950485 168 -0.130203 -0.0392654 0.935974 21 -0.200942 -0.017541 0.975813 8
 -0.16618 -0.0317745 0.977076 170 -0.202922 -0.0291002 0.989212 16 -0.153472 -0.033424 0.949655 10
 -0.17167 -0.0474553 0.989315 189 -0.161518 -0.0841458 1.01088 10 -0.153732 -0.076725 0.991013 1
 -0.172163 -0.0546968 0.996945 124 -0.132061 -0.0972013 0.951931 48 -0.16828 -0.108463 1.00102 13
 -0.16565 -0.0639918 1.00136 127 -0.168188 -0.0561926 0.996401 61 -0.166779 -0.0605062 0.999473 6
 -0.169286 -0.0735545 1.01035 195 -0.152812 -0.0331703 0.988194 2 -0.174821 -0.0391263 0.990815 2
 -0.129194 -0.0307391 0.938635 100 -0.147566 -0.021556 0.948989 72 -0.130001 -0.0529488 0.967274 13
 -0.130261 -0.0426828 0.943028 102 -0.127128 -0.0526281 0.966407 31 -0.15698 -0.0402312 0.979522 13
 -0.130881 -0.0673746 0.970836 58 -0.161127 -0.0390651 0.980337 53 -0.147129 -0.0554975 0.995065 44
 -0.147287 -0.0656815 1.00076 79 -0.13894 -0.0793168 0.943824 26 -0.17043 -0.0510469 0.988616 25
 -0.151144 -0.0543901 0.999111 146 -0.207887 -0.0714707 0.990214 32 -0.141148 -0.102837 0.984154 14
 -0.16762 -0.0835303 1.01483 25 -0.158287 -0.0407578 0.974821 24 -0.164899 -0.160959 1.02416 6
 -0.13263 -0.0774451 0.946809 132 -0.133211 -0.0366509 0.944938 20 -0.148987 -0.0196248 0.948846 11
 -0.132327 -0.0914606 0.950271 137 -0.144573 -0.041176 0.937782 23 -0.195284 -0.0104722 0.985268 14
 -0.133677 -0.098928 0.952347 115 -0.14212 -0.105368 0.982141 57 -0.143441 -0.0446639 0.960046 10
 -0.142513 -0.116091 0.984749 112 -0.133944 -0.103329 0.959466 66 -0.143141 -0.0581223 0.976951 11
 -0.204339 -0.132502 1.00982 82 -0.157226 -0.120201 0.996494 52 -0.177575 -0.157288 1.09353 27
 -0.179435 -0.125285 1.00527 78 -0.172203 -0.120118 0.997406 51 -0.169134 -0.0925217 0.999917 47
 -0.193889 -0.13271 1.01202 89 -0.171239 -0.125161 0.999562 56 -0.18747 -0.147403 1.04267 17
 -0.186873 -0.125477 1.00645 5 -0.154231 -0.121374 0.982977 1
 -0.178729 -0.0889956 1.01092 182 -0.17108 -0.0620758 0.969646 6 -0.197526 -0.0507266 1.01132 1
 -0.196722 -0.108385 1.00441 94 -0.198694 -0.0816199 1.00359 81 -0.198358 -0.0935831 1.00349 14
 -0.182954 -0.1081 0.996898 19 -0.178034 -0.0765196 1.00669 1
 -0.184697 -0.13174 1.00822 33 -0.188698 -0.10914 1.01194 15 -0.198713 -0.144544 1.0352 10
