 -0.127502 0.0264825 1.13408 137 -0.110072 -0.141739 1.13707 22 -0.0195693 0.0846293 1.07091 12
 -0.128705 0.0155772 1.1357 124 0.0124192 0.00717019 1.10372 30 -0.112133 -0.131517 1.1363 22
 0.00232526 -0.00510066 1.09925 53 -0.111335 -0.000656343 1.13395 51 -0.0090934 0.0091904 1.07862 50
 -0.00561572 -0.0106061 1.09852 86 -0.068005 -0.118397 1.10034 20 -0.0379844 0.0113908 1.07909 19
 -0.0133067 -0.0149689 1.08647 46 -0.0656179 -0.112851 1.10965 29 -0.0934587 -0.0721147 1.11575 25
 -0.0199329 -0.0243556 1.09253 87 -0.0523645 0.0389198 1.07805 24 -0.0626901 -0.0872951 1.102 15
 -0.0658356 0.0697467 1.09126 50 -0.0759561 0.00493226 1.0862 41 -0.022341 0.0746536 1.0681 38
 -0.0546947 0.0523945 1.0865 90 -0.0211177 0.0372541 1.08478 40 -0.0601972 -0.0372304 1.08653 27
 -0.0520545 0.0316098 1.07968 100 -0.0237177 0.0372437 1.08173 47 -0.071307 -0.0189343 1.08715 23
 -0.0345932 0.0336105 1.08077 113 -0.0708058 0.00346967 1.08763 68 -0.0590612 0.0454978 1.09049 9
 -0.0422935 0.0394851 1.07707 63 -0.0650395 0.00880128 1.07712 42 -0.0611822 0.0106217 1.0771 24
 -0.0341103 -0.000346469 1.09057 167 -0.053827 0.0349916 1.08036 17 -0.0552086 0.0567272 1.10017 7
 -0.0260783 0.0815873 1.07164 162 -0.0514994 0.0698231 1.09366 29 -0.00890298 0.0499803 1.09167 3
 -0.0372019 0.0668237 1.07304 149 -0.0572835 0.0632399 1.09641 43 -0.0200602 0.0417813 1.10233 3
 -0.0452037 0.0415619 1.07442 64 -0.0445941 0.0147937 1.08034 52 -0.0447218 0.0254434 1.07703 23
 -0.0407573 0.0125376 1.08245 136 -0.0329589 0.0716508 1.07764 38 -0.0402212 -0.0409614 1.08181 13
 -0.0514178 0.0268669 1.08936 49 -0.0431766 0.0412733 1.08104 41 -0.0283025 0.0252268 1.09205 35
 -0.0543458 0.0047649 1.09079 175 -0.0167225 0.017413 1.08872 11 -0.0866866 -0.00394491 1.09701 11
 -0.0217348 0.0828737 1.06826 105 -0.0524048 0.0794259 1.10267 66 0.00157741 0.0584031 1.10021 14
 -0.0248206 0.0736774 1.07438 108 -0.0544594 0.062708 1.10419 49 -0.0290876 0.0478944 1.07547 18
 -0.0384505 0.0621274 1.07297 79 -0.0587265 0.0556156 1.09266 44 -0.0715046 0.055123 1.09194 30
 -0.0727587 0.0462933 1.09012 59 -0.0440185 0.053319 1.07543 38 -0.0257384 -0.0428014 1.09589 25
 -0.0707995 0.0213735 1.09224 102 -0.0300735 -0.0264937 1.09124 20 -0.0268207 -0.0221753 1.0909 19
 -0.0728199 -0.00252603 1.09586 190 -0.0349797 0.041291 1.09703 5 -0.0859502 -0.0257847 1.11487 3
 0.0144576 0.0181006 1.11619 111 -0.053143 0.0674337 1.10349 40 -0.022309 0.0849315 1.07 30
 -0.125591 0.0103791 1.1388 72 0.00360887 0.00577613 1.10727 38 -0.00493892 0.0196352 1.10452 27
 -0.115682 -0.00820242 1.13516 99 -0.00243896 -0.00177879 1.09879 39 -0.00768981 -0.00106584 1.08381 17
 -0.110225 -0.0238911 1.13044 167 -0.0131489 -0.00979675 1.10065 25 -0.033895 0.0236897 1.09201 4
 -0.0259766 -0.0208033 1.08987 194 -0.0457323 -0.0778587 1.10672 4 -0.0444773 -0.0735174 1.10546 2
 -0.034661 -0.0146248 1.08771 118 -0.052012 -0.0607602 1.09606 22 -0.0514935 -0.0493756 1.09253 9
 -0.0762362 -0.0957857 1.10735 182 -0.0706247 -0.0599035 1.0962 13 -0.0716567 0.00225656 1.09189 3
 -0.0920001 -0.0943466 1.12872 46 -0.0548103 0.0421173 1.09735 7 -0.0889047 -0.128989 1.1305 6
 -0.0568127 -0.0187122 1.09386 158 -0.0831038 -0.0539349 1.11149 29 -0.0856877 -0.0725527 1.11258 9
 -0.0541323 -0.0517481 1.09587 127 -0.048733 -0.0456147 1.09527 55 -0.0919299 -0.0348537 1.10865 12
 -0.0665888 -0.0469285 1.10072 200
 -0.0811123 -0.0974446 1.11555 137 -0.0804368 -0.070028 1.11416 52 -0.0805407 -0.0761351 1.11395 8
