 -0.0601686 -0.175003 0.909674 147 0.0590181 -0.171642 0.910098 40 -0.0110954 -0.187782 0.821507 11
 -0.0531921 -0.180027 0.916897 170 0.0538068 -0.17692 0.916497 28 -0.012131 -0.192687 0.820768 2
 -0.0434129 -0.180007 0.917515 93 0.00319854 -0.186053 0.926487 32 -0.0204242 -0.160008 0.933156 27
 -0.0401324 -0.176037 0.92594 95 0.00155543 -0.1768 0.932538 18 -0.0135129 -0.186749 0.900816 17
 -0.0374306 -0.174722 0.935033 117 -0.0101265 -0.170247 0.922398 28 0.0346168 -0.158288 0.866873 27
 -0.0386935 -0.174509 0.947664 56 -0.0167929 -0.182103 0.934974 53 -0.00626655 -0.188696 0.905604 33
 0.0276797 -0.157837 0.867746 83 0.0266214 -0.152357 0.86537 74 0.00529563 -0.222133 0.908027 15
 -0.00559132 -0.167945 0.93751 41 0.0232903 -0.169446 0.860805 26 0.0387391 -0.174096 0.898683 23
 0.0236327 -0.162706 0.876825 65 0.0118838 -0.199936 0.900696 46 0.00425088 -0.168447 0.948961 31
 0.00363799 -0.194691 0.90249 69 -0.00418445 -0.176072 0.935713 55 0.0178832 -0.161141 0.877572 25
 0.00701936 -0.180994 0.933572 99 -0.0151569 -0.173661 0.925348 46 0.0211833 -0.177127 0.885193 30
 -0.00140577 -0.175485 0.947571 89 0.00679757 -0.175913 0.865394 70 0.0137207 -0.153731 0.871017 36
 0.0293185 -0.135592 0.860105 173 0.0179926 -0.225601 0.905404 20 0.0209951 -0.153025 0.959092 4
 0.02485 -0.153341 0.866737 90 0.0496479 -0.187055 0.911233 64 0.00619278 -0.193623 0.82648 12
 0.0337286 -0.149933 0.858025 103 0.040278 -0.178818 0.90687 90 0.0206244 -0.169337 0.942997 7
 0.0281622 -0.141856 0.867005 74 0.0125468 -0.185485 0.926473 34 -0.00217775 -0.158383 0.961776 26
 0.0188067 -0.18347 0.88736 82 -0.000765583 -0.171594 0.952751 43 0.0208026 -0.189063 0.89372 40
 -0.0150549 -0.168127 0.948288 51 0.0138116 -0.164014 0.957444 26 0.0118239 -0.166221 0.874671 22
 0.0578783 -0.162424 0.913504 98 0.0579663 -0.194946 0.913558 69 0.0325041 -0.134325 0.86226 24
 0.0526314 -0.177597 0.917214 199 0.0320656 -0.149177 0.873194 1
 0.0461784 -0.180739 0.910705 171 0.0236833 -0.166964 0.862887 27 0.0320778 -0.142068 0.855092 2
 -0.0664802 -0.188818 0.909468 30 0.0116529 -0.175526 0.945843 29 0.0308908 -0.15129 0.864492 23
 0.0393332 -0.169706 0.913753 99 0.00971818 -0.1683 0.93719 44 0.0288761 -0.165427 0.876836 18
 -0.034551 -0.178549 0.940287 15 0.0194648 -0.173029 0.869619 12 0.0193821 -0.180076 0.929062 9
 0.0602034 -0.19177 0.914072 140 0.00750371 -0.161569 0.859519 30 0.0617766 -0.159141 0.907064 16
 0.0680515 -0.169374 0.905174 85 0.0334289 -0.206332 0.908737 70 0.0165983 -0.167345 0.875635 22
 0.0528453 -0.184347 0.919184 118 0.0252255 -0.214082 0.917531 63 0.0358485 -0.159821 0.908003 10
 0.0396247 -0.171348 0.918386 84 0.0159374 -0.206233 0.907359 57 -0.0138736 -0.174508 0.94509 45
 0.0405607 -0.160629 0.872757 11 0.00871661 -0.188455 0.831771 10 -0.00440542 -0.190914 0.928621 8
 0.0270711 -0.176396 0.853581 7 0.016745 -0.194916 0.901046 4 -0.010421 -0.200906 0.912771 2
 0.00361367 -0.175078 0.938442 121 0.0415212 -0.165771 0.90708 52 0.0198608 -0.168098 0.955481 18
 0.0303771 -0.17546 0.88738 7
 0.0141546 -0.179167 0.881366 4.49974
 0.0172201 -0.181656 0.894534 76 -7.93389e-05 -0.166051 0.867322 59 0.0135056 -0.195388 0.915503 53
 -0.0307836 -0.181064 0.92714 1 0.0224079 -0.177361 0.94627 1
 0.00605598 -0.17266 0.934946 16 0.00583528 -0.168441 0.945632 16 -0.0258663 -0.167462 0.951527 3
