 -0.0450609 -0.091099 0.984855 87 -0.0770712 -0.0181393 0.968002 76 -0.0649461 -0.0510751 0.970009 24
 -0.0761178 -0.0276468 0.968431 100 -0.0515825 -0.0837227 0.981624 81 -0.0740612 -0.064393 0.975565 14
 -0.0622963 -0.0770546 0.979739 99 -0.0635116 -0.0309992 0.966005 46 -0.0679821 -0.0267807 0.96365 24
 -0.0727664 -0.0321977 0.972405 75 -0.0733597 -0.0279848 0.971177 59 -0.0236376 -0.0810296 0.986317 30
 -0.0725997 -0.0311572 0.974713 75 -0.0457077 -0.0373276 0.964827 29 -0.0650323 -0.0731325 0.982165 27
 -0.0691119 -0.0317142 0.976752 190 -0.0147046 -0.0804462 0.991664 6 -0.0669241 -0.0579673 0.981875 3
 -0.0509367 0.00229975 0.95232 196 -0.029179 -0.0394879 0.978631 2 -0.0267633 -0.0854456 0.984607 1
 -0.0556452 -0.00858642 0.956991 164 -0.0536383 -0.0720897 0.977643 36
 -0.0558736 -0.022682 0.961656 192 -0.0669461 -0.0897126 0.992966 4 -0.0420379 -0.0018252 0.935788 3
 -0.0614642 -0.0163567 0.965875 61 -0.0291965 -0.0461585 0.980422 46 -0.0645782 -0.0274153 0.968588 44
 -0.0514357 -0.0663597 0.982261 91 -0.0500809 -0.0537408 0.972831 44 -0.0606113 -0.0336327 0.977208 35
 -0.0526243 -0.0536384 0.97302 74 -0.0421153 -0.0658892 0.982329 66 -0.0474486 -0.0581467 0.974658 57
 -0.0411195 0.00813097 0.950554 200
 -0.0455807 -0.00860481 0.955258 198 -0.0229522 -0.0224478 0.977184 2
 -0.0490885 -0.0283494 0.962535 197 -0.0245934 -0.016612 0.977734 2 -0.0477292 -0.0592459 0.982651 1
 -0.0482761 -0.0427869 0.968583 149 -0.0299984 -0.0169128 0.973124 18 -0.0221186 -0.0754046 0.982255 15
 -0.0409794 -0.0434147 0.970408 99 -0.0453805 -0.0384311 0.968818 47 -0.0493765 -0.0713124 0.982396 20
 -0.0557618 -0.0434168 0.974669 160 -0.0620635 -0.0690574 0.987374 18 -0.0293397 -0.133798 1.04357 9
 -0.022857 0.00699644 0.94945 110 -0.0235297 -0.007525 0.968939 52 -0.055079 -0.0466189 0.950416 26
 -0.0270145 -0.0124227 0.968872 98 -0.028428 -0.00917055 0.965401 76 -0.0525116 -0.036731 0.961957 26
 -0.0328735 -0.0224775 0.974311 200
 -0.0200095 -0.0378939 0.987325 74 -0.0537556 -0.0276561 0.961584 62 -0.020677 -0.131237 1.01943 38
 -0.0280174 -0.0325896 0.982281 102 -0.0255287 -0.0394706 0.984578 37 -0.0311015 -0.0149936 0.968957 19
 -0.0314557 -0.0345465 0.986982 25 -0.0507364 -0.0554424 0.985845 4 -0.0612349 -0.0125028 0.972368 4
 -0.0319589 0.00639013 0.952835 114 -0.0163822 -0.0257885 0.983427 30 -0.0618717 -0.0631525 0.962888 27
 -0.0538924 -0.0632643 0.979735 140 -0.0332732 -0.144178 1.05688 16 -0.0328416 -0.0130477 0.964732 16
 -0.0179784 -0.0817355 0.996432 117 -0.0269413 -0.0462624 0.978642 57 -0.033856 -0.0117457 0.970603 26
 -0.0223056 -0.0793914 0.995578 74 -0.0220132 -0.0849774 0.999333 53 -0.0215218 -0.0956802 1.00706 34
 -0.035019 -0.0749416 0.989115 98 -0.0239914 -0.102548 1.01889 61 -0.028586 -0.0992367 1.01429 36
 -0.0341302 -0.0552985 0.984664 95 -0.0422766 -0.100615 1.00427 31 -0.0349492 -0.109233 1.01888 26
 -0.0548697 -0.122723 1.05748 144 -0.0509324 -0.048844 0.981651 52 -0.0450107 -0.00867949 0.95883 4
 -0.0301793 -0.115758 1.03549 48 -0.0737351 -0.0583328 0.994373 20 -0.0271206 -0.0824238 1.00258 17
 -0.0334076 -0.102725 1.0109 70 -0.049731 -0.0724373 0.990963 64 -0.0301558 -0.114672 1.02791 49
 -0.0572766 -0.0835261 1.0003 72 -0.0366851 -0.0846589 1.00035 47 -0.0612467 -0.0519042 0.981276 37
 -0.0526273 -0.115617 1.04708 17 -0.0501198 -0.0901246 0.999381 13
 -0.0442495 -0.137659 1.05804 31 -0.0681944 -0.0670834 0.991242 3
