 -0.0352259 -0.137329 0.946878 173 0.0223171 -0.0262633 0.960776 13 -0.00602217 -0.165204 0.968528 4
 -0.0254267 -0.134338 0.942446 148 -0.00962153 -0.123278 0.991518 14 0.00382008 -0.101937 0.959052 9
 -0.0463449 -0.117033 0.952352 84 -0.0236437 -0.12744 0.94277 65 -0.0469318 -0.112181 0.956879 17
 -0.0486812 -0.110816 0.956477 104 -0.00742899 -0.0912242 0.959191 32 -0.0254002 -0.116449 0.937508 18
 -0.0247356 -0.122177 0.94653 89 -0.0522983 -0.118214 0.958255 64 -0.0129312 -0.099002 0.96339 28
 -0.0480113 -0.12453 0.946456 197 0.0142326 -0.125562 1.00231 2 -0.0846391 -0.192639 0.998589 1
 -0.0249748 -0.122945 0.941099 55 0.0111019 -0.0547955 0.977131 49 -0.0278019 -0.128856 0.944253 27
 -0.0214574 -0.11935 0.944654 60 0.00228442 -0.0672718 0.983985 60 -0.0367295 -0.159164 0.96271 32
 -0.0425322 -0.131772 0.951289 53 -0.0226986 -0.0898752 0.970122 52 -0.0273363 -0.108293 0.954569 28
 -0.0355811 -0.113812 0.948521 95 -0.0397176 -0.114423 0.949795 33 -0.0319726 -0.0899512 0.971705 20
 -0.0274245 -0.099055 0.953993 117 -0.0480955 -0.11652 0.9552 47 -0.0054165 -0.107935 0.995324 15
 -0.0424453 -0.109895 0.96547 198 -0.0189008 -0.13113 0.950384 1 -0.0778604 -0.167006 0.996926 1
 0.0191532 -0.0304059 0.968222 131 0.0192908 -0.0913731 0.907962 18 0.0055738 -0.0848711 0.935268 17
 0.0143118 -0.0485136 0.97453 140 -0.00358287 -0.0938822 0.949643 22 -0.0237644 -0.127749 0.938087 17
 -0.0127691 -0.104676 0.963044 88 -0.00132194 -0.0835538 0.983387 39 0.00793626 -0.0683221 0.980874 24
 0.00460158 -0.0811611 0.985574 69 -0.0191328 -0.0936485 0.970707 46 -0.0123153 -0.114522 0.947431 35
 -0.020039 -0.100556 0.960383 134 -0.00368025 -0.0908603 0.986692 52 -0.0018837 -0.0868734 0.943491 6
 -0.0351862 -0.101541 0.974343 121 -0.0105482 -0.112235 0.996235 29 -0.00829259 -0.0858694 0.983115 28
 0.0217277 -0.0275487 0.962321 135 0.0243444 -0.0942927 0.910054 52 0.0396184 -0.105965 1.0268 7
 0.0163172 -0.0401275 0.968906 112 0.0250424 -0.104377 1.01432 71 0.0227976 -0.0891225 0.918793 9
 0.0236199 -0.120256 1.01087 84 0.00952382 -0.061759 0.978534 77 0.0253618 -0.120241 1.00437 21
 0.00302468 -0.063365 0.983325 69 0.0226162 -0.135178 1.00712 66 0.000918854 -0.104528 0.996229 26
 -0.00705339 -0.0837255 0.994558 80 0.0155611 -0.124835 1.00199 64 -0.000266901 -0.0937697 0.935817 37
 -0.0343509 -0.106981 0.959265 20 -0.0188275 -0.091935 0.986544 13 0.000222585 -0.153816 0.981599 6
 0.0179734 -0.0325778 0.968079 182 0.0469721 -0.105953 1.0285 10 0.0152493 -0.0795544 0.925055 6
 0.0111124 -0.0544819 0.980026 78 0.0249938 -0.131507 1.00182 75 0.0181586 -0.0956731 0.909827 15
 0.00233134 -0.12566 1.00134 92 0.0211862 -0.112737 1.01719 68 -0.00512715 -0.149971 0.985179 13
 -0.00364771 -0.137182 0.999068 91 0.0213263 -0.122092 1.02433 51 0.0016666 -0.133791 1.00457 42
 0.0118614 -0.120632 1.017 134 -0.0365856 -0.172824 0.987428 25 -0.00125659 -0.137575 0.993148 13
 -0.0230826 -0.158172 0.979595 167 -0.0230106 -0.141636 0.958803 29 -0.0231482 -0.146132 0.965767 4
 -0.0672134 -0.179125 1.00141 200
 -0.0371398 -0.100015 0.971957 3 -0.0784626 -0.188779 1.00976 1 -0.0360387 -0.171926 0.99131 1
 -0.0245308 -0.147666 0.965732 9 -0.0449501 -0.133564 0.953609 6 -0.0575954 -0.170838 0.979466 5
 -0.0451601 -0.129746 0.958699 102 -0.024657 -0.0995088 0.971295 28 -0.022846 -0.095837 0.974932 18
 -0.0560645 -0.136288 0.965636 13 -0.0220051 -0.135566 0.97939 11
 -0.0339091 -0.158066 0.975721 26 -0.0484062 -0.126859 0.959 25 -0.0776598 -0.184257 1.02292 22
