 -0.0843233 -0.158972 0.840337 170 -0.0518873 -0.0946723 0.804897 11 -0.0572686 -0.128956 0.876571 10
 -0.0788856 -0.163285 0.847604 87 -0.0548889 -0.120296 0.86765 50 -0.0532345 -0.104708 0.808102 29
 -0.0618541 -0.161947 0.874045 108 -0.0532681 -0.116917 0.874739 74 -0.0752999 -0.125891 0.820934 9
 -0.0563851 -0.161985 0.877018 155 -0.0507674 -0.117366 0.880747 27 -0.0781474 -0.117104 0.818795 11
 -0.0457141 -0.162691 0.886951 135 -0.0535846 -0.125797 0.876995 37 -0.0556809 -0.124037 0.873519 17
 -0.0563176 -0.156951 0.881228 70 -0.057419 -0.122381 0.870035 61 -0.0603453 -0.151678 0.878193 44
 -0.0234961 -0.105351 0.857097 75 -0.0461942 -0.107687 0.870042 42 -0.0744229 -0.117559 0.816979 31
 -0.0478485 -0.12055 0.879777 60 -0.0568727 -0.126131 0.862719 42 -0.0445725 -0.150494 0.885794 15
 -0.0431356 -0.117641 0.88427 84 -0.053702 -0.141042 0.877351 47 -0.0471524 -0.105813 0.806748 30
 -0.0447203 -0.10772 0.887558 134 -0.0474591 -0.100985 0.806233 28 -0.0326672 -0.147148 0.899078 17
 -0.0103468 -0.143644 0.903054 69 -0.0550861 -0.132911 0.876684 32 -0.0467024 -0.134018 0.88577 31
 -0.0185781 -0.158351 0.899819 88 -0.0357005 -0.14369 0.899824 83 -0.0291704 -0.147607 0.899329 11
 -0.0158531 -0.0989601 0.848292 81 -0.023855 -0.0842173 0.85247 53 -0.0211003 -0.0900218 0.851044 25
 -0.0226665 -0.0968665 0.854739 142 -0.0198006 -0.107384 0.892346 31 -0.0605837 -0.129316 0.87283 8
 -0.0212711 -0.123467 0.902273 160 -0.0218745 -0.11505 0.859817 35 -0.0548666 -0.101858 0.807882 3
 -0.0195808 -0.138542 0.90586 68 -0.0164862 -0.111116 0.900804 47 -0.0521215 -0.114056 0.866967 44
 -0.0124992 -0.135669 0.909189 179 -0.0379467 -0.121555 0.885783 13 -0.0145988 -0.0994099 0.845047 4
 -0.0273596 -0.137163 0.906426 197 -0.0201131 -0.197323 0.987693 1 -0.0030316 -0.169678 0.891893 1
 0.014763 -0.101544 0.841039 164 0.0161693 -0.112188 0.892298 35 -0.0270127 -0.0942231 0.85182 1
 0.0116877 -0.10766 0.849278 149 0.0164343 -0.124922 0.896988 50 -0.0213484 -0.100458 0.862911 1
 0.0143547 -0.125849 0.903508 125 0.0121222 -0.104918 0.856282 56 -0.0126756 -0.202918 0.985757 9
 0.00894737 -0.119048 0.898347 75 0.0392087 -0.117064 0.895011 30 0.00935751 -0.126362 0.902665 20
 0.00517808 -0.123996 0.90077 100 0.0116084 -0.126108 0.904491 55 -0.0413593 -0.119864 0.889699 24
 -0.0282179 -0.143559 0.903149 37 -0.0508284 -0.120814 0.891096 7 -0.0114497 -0.163652 0.88664 3
 0.0105837 -0.112607 0.841601 144 0.00206583 -0.220538 0.986652 17 0.0104579 -0.175631 0.914978 14
 0.000279836 -0.113819 0.894096 82 0.0114268 -0.103352 0.857241 49 -0.00264795 -0.210257 0.985747 24
 0.00416704 -0.11659 0.896834 127 0.0187105 -0.13577 0.913564 37 -0.0189084 -0.201583 0.99778 13
 0.0128691 -0.124967 0.902901 108 -0.019001 -0.178841 0.906472 38 -0.0133381 -0.151291 0.904591 16
 0.00218455 -0.144227 0.917604 19 -0.0223931 -0.176349 0.905295 14 -0.0197697 -0.150695 0.904255 14
 -0.0219936 -0.158331 0.892299 55 0.0121937 -0.151051 0.926595 4 -0.00350495 -0.155436 0.905968 1
 -0.0236685 -0.13863 0.900539 35 -0.0247358 -0.158312 0.897051 28 -0.0241442 -0.153694 0.897779 26
 0.0066315 -0.148353 0.926744 54 -0.00804399 -0.138371 0.906226 1
 -0.0192969 -0.135191 0.903534 11 -0.0210371 -0.115453 0.898576 10 -0.0405621 -0.148403 0.890664 5
 -0.0336236 -0.159722 0.895777 163 -0.0329145 -0.164362 0.892329 25 -0.0523268 -0.116653 0.884842 10

 -0.0253862 -0.15172 0.890466 73
