 0.146092 -0.11216 0.895282 112 0.154963 -0.08329 0.88457 21 0.143993 -0.109972 0.900403 21
 0.137977 -0.0924109 0.886117 106 0.163558 -0.113641 0.843456 30 0.214535 -0.101163 0.844724 23
 0.146577 -0.0789854 0.880543 129 0.161028 -0.143007 0.897492 22 0.228165 -0.0927353 0.85232 18
 0.16816 -0.0737762 0.877116 45 0.149437 -0.0809546 0.89025 35 0.158978 -0.139615 0.888934 35
 0.16854 -0.0748805 0.878938 46 0.158431 -0.13442 0.891193 43 0.141894 -0.0909384 0.894332 29
 0.157512 -0.0788094 0.880251 74 0.124949 -0.086286 0.917131 54 0.142978 -0.0905215 0.907398 30
 0.156661 -0.0951254 0.879455 98 0.156576 -0.122642 0.875341 21 0.210785 -0.119521 0.84701 20
 0.160935 -0.0822219 0.880377 106 0.178069 -0.108539 0.853569 29 0.166907 -0.139463 0.894067 27
 0.178132 -0.0961003 0.863818 66 0.149221 -0.0866695 0.876995 57 0.162789 -0.126181 0.884068 44
 0.161297 -0.116013 0.880789 79 0.151782 -0.0785894 0.882772 55 0.189595 -0.0842171 0.870955 39
 0.161045 -0.105084 0.878405 124 0.147982 -0.0760773 0.886249 38 0.131049 -0.0989013 0.916787 10
 0.158725 -0.108319 0.88169 179 0.200262 -0.101662 0.846798 14 0.143435 -0.109151 0.906516 4
 0.220967 -0.100451 0.844102 78 0.198333 -0.0700437 0.874451 43 0.139313 -0.0718687 0.881818 42
 0.185103 -0.104083 0.853686 94 0.200094 -0.0692101 0.923717 38 0.14649 -0.0826488 0.890746 29
 0.159227 -0.0964703 0.875393 99 0.193659 -0.114253 0.853793 66 0.173016 -0.0764296 0.930067 18
 0.177786 -0.0895214 0.870405 60 0.170622 -0.0618497 0.93078 52 0.179789 -0.106117 0.862 28
 0.185216 -0.10599 0.863302 107 0.167591 -0.084202 0.878577 55 0.17304 -0.0835883 0.923627 32
 0.168684 -0.0803607 0.887412 61 0.139074 -0.100494 0.903212 58 0.142637 -0.100217 0.898769 42
 0.221267 -0.0929453 0.841088 103 0.196922 -0.116826 0.847985 35 0.141548 -0.0702489 0.881533 21
 0.212336 -0.103047 0.847773 73 0.197205 -0.127971 0.858066 55 0.145348 -0.0798681 0.889726 21
 0.192141 -0.113075 0.851225 66 0.19276 -0.0723669 0.920601 60 0.194697 -0.0766646 0.873617 36
 0.192823 -0.0629819 0.925697 101 0.199046 -0.10896 0.853642 55 0.189262 -0.0672823 0.8747 30
 0.151849 -0.0789035 0.904967 49 0.207094 -0.090496 0.870795 34 0.188691 -0.0695876 0.924378 31
 0.149996 -0.0784766 0.900514 103 0.130322 -0.0961649 0.902493 22 0.17804 -0.0799611 0.880989 20
 0.222652 -0.0974889 0.844471 168 0.197799 -0.154195 0.861591 17 0.176583 -0.127652 0.850582 8
 0.209138 -0.102242 0.845739 140 0.180653 -0.152104 0.880526 35 0.200482 -0.0693683 0.919441 14
 0.206247 -0.11137 0.849424 163 0.189926 -0.151052 0.871605 16 0.164197 -0.152513 0.885381 11
 0.179069 -0.144696 0.880513 73 0.200492 -0.11878 0.85337 60 0.178003 -0.116398 0.86732 48
 0.155053 -0.140881 0.919261 142 0.169071 -0.14079 0.884872 47 0.161652 -0.139733 0.900741 5
 0.135368 -0.126519 0.933142 93 0.145977 -0.120877 0.897105 78 0.126587 -0.127546 0.941703 26
 0.115805 -0.103928 0.959373 191 0.174594 -0.0903208 0.885629 9
 0.188487 -0.0726405 0.915986 16 0.126174 -0.148464 0.978573 4 0.188997 -0.101553 0.852386 3
 0.153428 -0.108144 0.889888 37 0.131789 -0.0862328 0.878674 8 0.178012 -0.103607 0.865996 8
 0.135451 -0.0868366 0.922664 136 0.156215 -0.1218 0.891097 28 0.146935 -0.0864137 0.897509 27
 0.17919 -0.0862165 0.876667 26 0.179928 -0.0788311 0.929135 15 0.152082 -0.0853444 0.896972 11
 0.108629 -0.113953 0.971679 69 0.182817 -0.0748631 0.923732 32 0.126 -0.101529 0.959809 7
