 -0.145731 0.0527095 1.04412 167 -0.0481293 0.0524741 1.0902 6 -0.0917798 0.102841 1.08424 6
 -0.142338 0.042236 1.04702 149 -0.119529 0.0130929 1.05691 25 -0.0183243 0.0150895 1.08557 16
 -0.133804 0.0337616 1.04848 106 -0.106575 0.00199371 1.04214 39 -0.0298735 0.000186052 1.08873 22
 -0.10662 -0.00144614 1.04783 84 -0.0373734 -0.00812052 1.08863 26 -0.129071 0.0268171 1.05305 24
 -0.103664 -0.00782726 1.05068 80 -0.130472 0.0207142 1.05383 40 -0.126043 0.0176954 1.0559 33
 -0.103292 -0.0167767 1.0432 161 -0.111033 0.0418001 1.08427 23 -0.0495385 -0.0234027 1.07355 6
 -0.114555 0.0845952 1.08216 160 -0.0891357 0.085497 1.08814 16 -0.108177 0.0358504 1.07937 6
 -0.119263 0.0717852 1.08455 141 -0.104719 0.0263103 1.04564 31 -0.103693 0.0396745 1.08391 14
 -0.11724 0.0530486 1.0859 46 -0.0708284 -0.0592507 1.04765 39 -0.120439 0.0609182 1.08739 32
 -0.116423 0.0516368 1.08657 51 -0.121608 0.077627 1.08601 40 -0.073648 -0.0755838 1.05802 24
 -0.109665 0.0433267 1.08721 154 -0.101644 0.00895886 1.05407 27 -0.089155 0.0276669 1.09449 5
 -0.10814 0.0336327 1.08438 112 -0.106138 0.00565771 1.05978 44 -0.0833396 0.00565964 1.09982 30
 -0.0907948 0.0908216 1.08567 175 -0.0207538 0.0444441 1.06933 17 -0.0589438 0.0554013 1.09015 3
 -0.0966906 0.0759141 1.09 170 -0.0603834 -0.0317287 1.06548 27 -0.0435872 0.0500051 1.0668 2
 -0.103201 0.056406 1.08947 114 -0.107143 0.0538819 1.08881 52 -0.0738236 -0.0202373 1.061 30
 -0.0968465 0.0575594 1.09197 107 -0.0666184 -0.0179591 1.08039 33 -0.110504 0.0171203 1.05292 29
 -0.0914754 0.00937466 1.08303 87 -0.0951972 0.0420797 1.09369 82 -0.0624023 -0.0154819 1.08217 19
 -0.0829495 0.0220356 1.10207 138 -0.0693906 0.0385866 1.10765 31 -0.0898925 0.0447377 1.10064 18
 -0.0183898 0.0316947 1.07686 119 -0.0899441 0.0953818 1.08509 66 -0.0655466 -0.134415 1.09664 12
 -0.0253951 0.0324713 1.07599 137 -0.0931515 0.0820278 1.09047 51 -0.0766128 -0.136231 1.10433 12
 -0.0304907 0.0163177 1.08473 93 -0.0448668 0.0423808 1.0824 82 -0.0654661 -0.118267 1.09264 10
 -0.0564893 0.0459934 1.09251 112 -0.0402194 -0.0066179 1.09191 38 -0.115228 0.0581621 1.08763 37
 -0.0696679 0.0328665 1.09961 166 -0.0575788 -0.0254893 1.07464 17 -0.0203003 -0.0365824 1.08762 6
 -0.0788978 0.0150295 1.10523 139 -0.0595446 -0.0683995 1.07311 26 -0.0658512 0.0361798 1.11101 16
 -0.0168236 0.0202107 1.08747 153 -0.091397 0.0948186 1.08787 45 -0.0599407 0.0505678 1.09852 2
 -0.0277884 0.00710688 1.09043 190 -0.109216 0.0669621 1.08864 7 -0.0393669 -0.0183152 1.07401 3
 -0.0352951 -0.00480692 1.08759 195 -0.046491 -0.0291708 1.07356 4 -0.0498825 0.0406187 1.08648 1
 -0.0420978 -0.0144973 1.08309 200
 -0.0474859 -0.0346304 1.07512 190 -0.0385755 -0.00415365 1.08489 10
 -0.0666898 -0.0447396 1.06215 101 -0.0659678 -0.0555638 1.06428 55 -0.0928741 0.0120692 1.08426 44
 -0.0872935 -0.0889393 1.06571 200
 -0.0769078 -0.0740068 1.06069 15 -0.10126 -0.122117 1.09549 2 -0.0728489 -0.0806989 1.06693 2
 -0.0927629 -0.00916152 1.07982 80 -0.0956167 0.034561 1.08418 6 -0.0795269 -0.0673488 1.05777 4
 -0.0960859 -0.0147497 1.05481 171 -0.102149 0.0216448 1.08999 27 -0.0616185 -0.0585932 1.07514 1
 -0.102521 0.0792605 1.08666 11 -0.079386 0.0327738 1.10513 8 -0.0895262 0.0411149 1.08818 5
 -0.121463 0.0385175 1.08577 26 -0.08372 -0.0880546 1.06662 21 -0.09632 -0.063025 1.0511 12
