 -0.114326 -0.107562 0.817558 47 -0.113153 -0.185265 0.836616 44 -0.105079 -0.167095 0.821576 43
 -0.115569 -0.174059 0.84489 74 -0.120152 -0.118034 0.825329 64 -0.125907 -0.151003 0.81103 19
 -0.122748 -0.133856 0.834823 130 -0.113807 -0.159716 0.823615 18 -0.0866504 -0.144266 0.857916 15
 -0.12786 -0.126042 0.844752 101 -0.111727 -0.118874 0.820699 41 -0.107 -0.15715 0.826351 34
 -0.127471 -0.129231 0.850496 71 -0.109464 -0.122478 0.825678 45 -0.0706856 -0.161455 0.878217 29
 -0.057105 -0.160214 0.861191 63 -0.122601 -0.161142 0.846089 45 -0.122443 -0.129808 0.841853 44
 -0.0947274 -0.113439 0.823809 85 -0.0779726 -0.157968 0.85239 40 -0.123528 -0.140663 0.818168 36
 -0.0994268 -0.127865 0.816058 66 -0.0949576 -0.190145 0.83464 37 -0.0850818 -0.143587 0.847502 32
 -0.106288 -0.131481 0.820816 191 -0.0889975 -0.150867 0.869466 9
 -0.0862504 -0.130772 0.819593 67 -0.113375 -0.121428 0.830845 37 -0.110068 -0.120071 0.828001 33
 -0.100257 -0.143154 0.824884 140 -0.0833008 -0.157081 0.871099 46 -0.0659628 -0.149982 0.817498 14
 -0.0989717 -0.139255 0.810528 73 -0.0932587 -0.151747 0.827279 57 -0.0958465 -0.142038 0.81 27
 -0.115004 -0.115768 0.821356 58 -0.0656271 -0.158587 0.865986 49 -0.110952 -0.112016 0.822765 39
 -0.089807 -0.129701 0.821269 114 -0.0668414 -0.142362 0.860639 33 -0.0902618 -0.124085 0.864565 31
 -0.0948538 -0.125679 0.824427 115 -0.0958386 -0.125035 0.861902 66 -0.0758242 -0.139579 0.844756 16
 -0.0929029 -0.11899 0.827293 117 -0.0975081 -0.118382 0.867586 83
 -0.0874205 -0.13426 0.823773 139 -0.0766911 -0.141125 0.863326 25 -0.0999402 -0.118321 0.867046 16
 -0.0924769 -0.156109 0.827612 132 -0.0810954 -0.15302 0.874275 14 -0.12024 -0.152185 0.846749 5
 -0.0575563 -0.130005 0.857422 76 -0.0726249 -0.218925 0.964575 62 -0.121334 -0.111154 0.808458 30
 -0.0679889 -0.122628 0.822753 72 -0.0593164 -0.14324 0.86311 62 -0.113736 -0.115626 0.817814 42
 -0.0634207 -0.132021 0.862168 87 -0.101112 -0.119832 0.830661 35 -0.0843028 -0.126216 0.820769 35
 -0.0826701 -0.122618 0.822903 96 -0.105958 -0.110599 0.871417 32 -0.0699681 -0.131138 0.85171 22
 -0.0704061 -0.131086 0.856986 111 -0.0753499 -0.126928 0.826764 54 -0.0796876 -0.165367 0.873818 18
 -0.0812982 -0.147293 0.80037 21 -0.0905561 -0.120697 0.86693 3 -0.0729849 -0.155182 0.869753 1
 -0.081606 -0.117713 0.802764 79 -0.076585 -0.12913 0.84142 56 -0.0513185 -0.144105 0.86509 19
 -0.0665231 -0.138316 0.858954 72 -0.0773699 -0.122689 0.832343 50 -0.0701316 -0.179031 0.878343 20
 -0.0715343 -0.132681 0.856886 56 -0.0800277 -0.116033 0.81726 41 -0.0781872 -0.118973 0.845716 27
 -0.0719647 -0.136554 0.861823 78 -0.0529115 -0.136836 0.816806 25 -0.0751946 -0.124273 0.829658 25
 -0.0770799 -0.147922 0.857415 7 -0.0856011 -0.168407 0.882405 2
 -0.0756093 -0.175057 0.882555 1.5138
 -0.086404 -0.131483 0.82574 129 -0.0804055 -0.154447 0.871189 57 -0.0880031 -0.151876 0.832181 5
 -0.0759225 -0.160147 0.888098 48 -0.0695175 -0.162992 0.92022 24 -0.0947735 -0.152716 0.82345 10
 -0.0863215 -0.150691 0.877521 9.65957
 -0.102708 -0.150634 0.830671 12 -0.0758186 -0.180494 0.863709 8 -0.092778 -0.13861 0.817121 7

 -0.0949836 -0.153376 0.828601 23 -0.105924 -0.175707 0.847416 11 -0.0761027 -0.13656 0.820673 2
