 -0.237268 -0.022266 0.846979 125 -0.215914 0.00346525 0.763992 50 -0.0925933 -0.0446644 0.922109 14
 -0.225486 -0.0256261 0.852259 104 -0.208046 -0.00663452 0.758435 72 -0.10339 -0.040895 0.91637 14
 -0.204171 -0.0260426 0.860727 88 -0.206924 -0.000649496 0.772786 38 -0.160115 -0.00472791 0.841227 32
 -0.190255 -0.0276608 0.863929 94 -0.146277 -0.00464965 0.796854 45 -0.204605 0.000715568 0.781716 18
 -0.182678 -0.0272229 0.866457 128 -0.15981 0.00125048 0.809221 16 -0.185046 -0.010816 0.825145 14
 -0.0897592 -0.0155451 0.842701 107 -0.162248 -0.0372498 0.867589 38 -0.192347 -0.00492479 0.844137 17
 -0.199972 0.0139769 0.779818 116 -0.143989 -0.0166074 0.791489 17 -0.184551 -0.0250419 0.859632 12
 -0.18149 0.00377361 0.825609 70 -0.196216 0.00509752 0.789632 39 -0.189807 0.0130483 0.769968 22
 -0.185251 0.0148003 0.820474 92 -0.199119 0.0113288 0.786428 35 -0.139174 0.00395224 0.852432 33
 -0.187265 0.0214301 0.822987 93 -0.147544 0.0147439 0.852096 37 -0.125446 0.00128876 0.838681 36
 -0.102926 -0.0128009 0.836131 61 -0.172761 0.00724917 0.829883 26 -0.189144 -0.0058233 0.837269 25
 -0.120057 -0.0206629 0.794929 72 -0.12518 -0.0186143 0.83173 54 -0.121744 -0.0304974 0.880727 27
 -0.195254 0.0211516 0.785406 48 -0.183515 0.0200374 0.813392 26 -0.208876 0.0089283 0.767336 21
 -0.191017 0.019405 0.804032 46 -0.112767 -0.0204917 0.79936 40 -0.0883416 -0.0214267 0.920521 16
 -0.161742 0.0165605 0.825008 129 -0.12999 0.00315329 0.849564 35 -0.18839 6.90756e-05 0.849725 18
 -0.166645 0.0274612 0.832121 74 -0.139803 0.0235644 0.846932 36 -0.152987 -0.00315111 0.855343 33
 -0.124098 -0.00619865 0.844771 47 -0.142679 -0.00993846 0.797446 40 -0.15213 0.0136567 0.827385 34
 -0.183846 -0.0188683 0.860831 45 -0.132317 -0.00613015 0.835535 39 -0.159383 0.0206085 0.836817 39
 -0.0890081 -0.0699688 0.957299 71 -0.152365 0.0349274 0.833042 40 -0.204088 0.0135712 0.775818 32
 -0.0969746 -0.0577698 0.952125 123 -0.143238 0.0294428 0.831395 40 -0.109413 -0.00638716 0.853641 15
 -0.12043 0.0128352 0.847633 81 -0.124906 0.0162881 0.844703 49 -0.138096 0.0231486 0.837391 47
 -0.143431 0.0280643 0.845558 83 -0.113381 0.0158342 0.861473 77 -0.186976 0.0263054 0.820504 28
 -0.113809 0.00293698 0.849549 84 -0.127986 0.0091013 0.831706 30 -0.135941 0.0179309 0.846548 30
 -0.158501 -0.00200291 0.813307 40 -0.172891 0.00230882 0.842607 31 -0.136654 -0.0238111 0.803095 15
 -0.0927101 -0.0877885 0.959749 65 -0.153023 0.00891229 0.804124 52 -0.113601 -0.0164338 0.793304 39
 -0.105772 -0.0788732 0.965238 47 -0.12274 -0.0167711 0.800713 44 -0.137092 0.0213264 0.845407 31
 -0.112835 0.00264068 0.85682 105 -0.144591 -0.0412844 0.880657 37 -0.139393 -0.0434159 0.883067 33
 -0.115145 0.00284152 0.862281 178 -0.17586 -0.0239428 0.872284 9 -0.167 -0.0275648 0.876761 6
 -0.148653 -0.0325046 0.87829 120 -0.108454 -0.00718381 0.860324 67 -0.0976923 -0.0169715 0.919418 6
 -0.169582 -0.0203582 0.86659 64 -0.137413 -0.0376118 0.862652 47 -0.109732 -0.0315115 0.890654 10
 -0.101043 -0.0223272 0.909732 129 -0.10823 -0.0190547 0.8446 50 -0.178753 0.00270486 0.819943 9
 -0.107129 -0.0118887 0.858842 83 -0.0999148 -0.0520499 0.968224 70 -0.101315 -0.026556 0.928014 20
 -0.144709 -0.0383411 0.881514 16 -0.127828 -0.0337589 0.787322 9 -0.145423 0.0152145 0.831065 3
 -0.175232 -0.00751256 0.847864 69 -0.186738 -0.0210424 0.866381 42 -0.194618 0.00514161 0.821715 38
 -0.140755 -0.0421066 0.883232 10 -0.141546 -0.000777036 0.83258 1 -0.126012 0.0122586 0.83395 1
 -0.148825 0.00835649 0.8159 43 -0.152671 0.0193847 0.838754 16 -0.19286 0.00480185 0.843879 9
