 -0.0665188 -0.0435454 1.01991 168 -0.00399646 0.0264069 0.983517 25 -0.0338803 -0.0814649 1.04286 5
 -0.0616006 -0.0510379 1.02376 132 -0.00236164 0.0173548 0.983537 53 -0.0310066 -0.0670988 1.02814 14
 -0.00320285 0.00258412 0.98902 54 -0.0603378 -0.0417841 1.02605 47 -0.0259513 -0.0656029 1.02895 34
 -0.0110162 -0.0517509 0.989889 77 -0.0528419 -0.0592334 1.03084 62 -0.00138694 -0.00589201 0.990992 22
 -0.043528 -0.0625956 1.02958 67 -0.0129845 -0.0572933 0.99387 56 -0.0297181 -0.0722434 1.01721 24
 -0.0221644 -0.0783356 1.018 53 -0.017088 -0.107975 1.03605 42 -0.0238196 -0.0732875 1.02335 29
 0.00788891 0.0279331 0.983683 93 0.00176339 -0.00319053 0.98785 52 0.0302081 -0.00310402 1.04132 17
 -0.00188046 -0.0111488 0.986652 85 0.0144956 -0.0698834 0.993862 59 -0.00311877 -0.0181422 0.988079 53
 -0.00197116 -0.0458406 0.995281 86 -0.00286119 -0.0400155 0.994868 78 0.0259365 -0.0614762 0.991346 18
 0.00238063 -0.0614047 1.0022 54 -0.00243557 -0.0481497 0.997992 42 -0.00280441 -0.0409878 0.996888 42
 0.00253022 -0.0335678 1.00123 63 0.0111224 -0.065636 0.997127 47 -0.00203223 -0.0359617 0.997127 44
 -0.0292733 -0.0732373 1.02842 85 -0.00321022 -0.07355 1.01241 41 0.0018048 -0.0691638 1.00456 31
 0.00245133 0.0277667 0.984073 180 0.0346076 0.00974961 1.05061 20
 -0.000269058 0.0109914 0.987215 186 0.0261661 -0.0832209 0.995801 4 0.0405003 0.0115222 1.03797 4
 -0.00212849 -0.00851352 0.993481 148 0.0355633 -0.0829642 0.996064 38 0.0304885 -0.0119399 1.03456 7
 0.0473104 -0.0793173 0.992699 70 -0.00194232 -0.0226072 0.994909 48 0.0168193 -0.017351 0.989892 32
 0.0197362 -0.0335572 1.00982 200
 0.0138065 -0.0414989 1.00332 97 0.0142035 -0.0356789 1.00723 84 0.0199499 -0.0850894 1.00906 18
 0.0384581 0.0108346 1.04457 137 -0.068427 -0.0393662 1.02064 28 -0.00329953 -0.0337757 0.986119 18
 0.033797 -0.00157007 1.04817 146 -0.0631801 -0.0477353 1.03053 38 0.00170637 -0.0249833 0.988209 8
 0.0345432 -0.0160247 1.01532 98 -0.0014175 -0.0135402 0.989546 73 0.0338295 -0.0662626 0.997613 29
 0.0484315 -0.106945 1.00259 76 0.028807 -0.0300415 1.02192 63 -0.00198803 -0.0338439 0.994621 61
 0.0312555 -0.0235455 1.01858 52 -0.00206068 -0.0399984 0.996207 50 0.0355601 -0.0444684 1.00701 36
 -0.00295715 -0.0570414 1.00622 160 0.0291366 -0.0456919 1.01979 36 0.0430341 -0.143551 1.0457 2
 -0.0691209 -0.0394017 1.02414 77 0.000229836 0.0269679 0.986988 55 0.0443602 -0.0742921 0.994781 28
 -0.0614384 -0.0467236 1.02812 64 0.0700645 -0.0740916 0.991956 42 0.0257566 -0.0635333 0.99445 33
 0.0493886 -0.0818259 0.997116 68 0.0476404 -0.0771019 0.997577 64 -0.0410789 -0.0723039 1.03424 41
 0.0479841 -0.0807468 1.00972 105 -0.0311937 -0.076104 1.03979 76 0.0289064 -0.121709 1.03332 8
 0.041477 -0.0924858 1.01198 176 0.0406029 -0.131333 1.04124 11 -0.0138199 -0.117285 1.04599 6
 0.0282731 -0.112242 1.02097 117 0.0478493 -0.0981093 1.01133 78 -0.0195102 -0.0907124 1.03006 3
 0.0131201 -0.135974 1.04592 183 0.023391 -0.0993147 1.00796 16 0.00765671 -0.0861018 1.02239 1
 -0.00195075 -0.144739 1.06247 24 -0.00114319 -0.115749 1.05068 8 0.0369025 -0.140723 1.04729 5
 0.0151906 -0.0874316 1.01931 200
 0.0276394 -0.0846979 1.00726 60 -0.0117304 -0.107071 1.03827 43 -0.000361847 -0.0784115 1.00299 41
 0.0157993 -0.102057 1.02839 200
 0.0123546 -0.141284 1.05129 157 0.0218247 -0.108386 1.02903 14 0.00339293 -0.0821988 1.01718 2
