 -0.141444 -0.119325 0.908443 59 -0.135102 -0.101205 0.921859 30 -0.123901 -0.0686539 0.912851 29
 -0.132338 -0.103551 0.926409 58 -0.139087 -0.129126 0.914785 49 -0.124015 -0.0863504 0.923088 32
 -0.138933 -0.13715 0.921591 87 -0.129186 -0.0994804 0.928076 64 -0.129751 -0.101173 0.923183 20
 -0.118877 -0.119401 0.947819 72 -0.12072 -0.152707 0.936569 52 -0.130321 -0.0906559 0.922139 30
 -0.129165 -0.0970475 0.930936 71 -0.113867 -0.128124 0.950765 65 -0.109333 -0.164206 0.943056 34
 -0.122986 -0.111186 0.937944 85 -0.106753 -0.148847 0.951171 66 -0.127257 -0.14682 0.942921 19
 -0.123626 -0.0805318 0.917207 170 -0.0970205 -0.0622701 0.917212 19 -0.0749867 -0.189269 0.92723 4
 -0.125023 -0.092856 0.924336 171 -0.0892287 -0.180397 0.938283 17 -0.106902 -0.150779 0.945166 11
 -0.120945 -0.104391 0.939406 174 -0.0856133 -0.179042 0.946466 15 -0.0812941 -0.0964016 0.92479 8
 -0.116492 -0.115305 0.948042 50 -0.0576116 -0.103716 0.961428 41 -0.131178 -0.109511 0.938905 36
 -0.0920445 -0.169905 0.943499 71 -0.113251 -0.12075 0.95903 54 -0.108735 -0.122017 0.962382 35
 -0.100137 -0.126611 0.969568 162 -0.0719611 -0.191528 0.952912 18 -0.114776 -0.119278 0.951551 18
 -0.0821695 -0.0737511 0.938866 83 -0.106461 -0.0615578 0.918859 71 -0.0473228 -0.102941 0.954979 40
 -0.0977557 -0.0793352 0.952214 96 -0.111659 -0.0720664 0.923114 57 -0.0706749 -0.0902296 0.930055 43
 -0.100529 -0.0961699 0.959397 141 -0.116359 -0.0929571 0.935028 41 -0.109911 -0.0899188 0.938269 16
 -0.10149 -0.102261 0.966198 106 -0.0450999 -0.126436 0.963524 46 -0.0670149 -0.174182 0.958891 42
 -0.0846745 -0.11552 0.977044 98 -0.0665552 -0.165198 0.961933 37 -0.082686 -0.147271 0.964984 31
 -0.0906734 -0.107206 0.982283 141 -0.0822518 -0.133486 0.979281 35 -0.0807343 -0.126399 0.981418 14
 -0.0579882 -0.0866309 0.935612 86 -0.0417122 -0.0941136 0.948146 58 -0.041145 -0.164983 0.96187 20
 -0.0455571 -0.104245 0.953093 136 -0.052454 -0.162088 0.962856 28 -0.0594256 -0.121774 0.982842 11
 -0.044803 -0.130213 0.964438 109 -0.0854686 -0.0826765 0.938379 28 -0.0478514 -0.158981 0.968696 22
 -0.0488101 -0.144449 0.967718 75 -0.0496074 -0.102762 0.961396 41 -0.0755933 -0.0833235 0.946154 20
 -0.0526322 -0.116895 0.974664 139 -0.0531792 -0.137688 0.967135 40 -0.0841389 -0.116138 0.972113 10
 -0.0824913 -0.11268 0.985312 173 -0.0776302 -0.11835 0.983171 16 -0.128378 -0.151001 0.937134 4
 -0.048823 -0.102706 0.953886 106 -0.0403152 -0.115782 0.959355 32 -0.0618722 -0.0743582 0.941686 16
 -0.0510973 -0.116612 0.962419 132 -0.0504493 -0.22065 0.978135 46 -0.0647262 -0.243246 1.0269 19
 -0.052098 -0.139887 0.962194 165 -0.0343122 -0.176422 0.972064 23 -0.0582716 -0.0952139 0.94274 12
 -0.0496158 -0.14053 0.968776 93 -0.097535 -0.173792 0.949082 62 -0.0648083 -0.192313 0.959575 24
 -0.0505421 -0.145282 0.965248 102 -0.0674444 -0.189558 0.96683 2 -0.0480334 -0.167068 0.970493 1
 -0.0612336 -0.162745 0.959977 138 -0.0975113 -0.15158 0.957383 41 -0.0794354 -0.131139 0.958498 21
 -0.076408 -0.186997 0.958126 74 -0.0531445 -0.210598 0.985853 51 -0.0815191 -0.183959 0.955648 48
 -0.0568501 -0.147686 0.96451 12 -0.0479713 -0.174095 0.983228 5 -0.0692813 -0.184487 0.94548 1
 -0.095123 -0.135531 0.978556 141 -0.0797352 -0.100083 0.938462 4 -0.0822942 -0.164993 0.95253 1
 -0.0998373 -0.146165 0.963248 105 -0.094566 -0.153197 0.959446 95
 -0.105841 -0.13317 0.973172 2 -0.0771749 -0.134791 0.980165 1
 -0.0737863 -0.18272 0.955141 17 -0.0965617 -0.12584 0.967583 16
