 -0.0743017 -0.159094 0.839488 173 -0.060115 -0.180204 0.834984 21 -0.0472186 -0.120666 0.874084 6
 -0.061986 -0.168608 0.848906 90 -0.0370174 -0.161077 0.875063 35 0.0238839 -0.134743 0.90312 20
 -0.0533383 -0.163158 0.862802 160 -0.0389481 -0.122716 0.876878 22 -0.039324 -0.126764 0.877772 6
 -0.0508277 -0.159959 0.874964 125 -0.0147684 -0.138622 0.896747 28 -0.040937 -0.116093 0.874474 27
 -0.041259 -0.121531 0.881903 67 -0.0438891 -0.159569 0.881121 49 -0.0477259 -0.158497 0.879544 44
 -0.0509924 -0.144478 0.875615 95 -0.0378808 -0.124636 0.874888 50 -0.0491521 -0.123335 0.862993 45
 -0.015484 -0.101465 0.855279 164 0.022763 -0.165535 0.916714 11 0.0173331 -0.14738 0.893089 9
 -0.0159498 -0.108345 0.851415 56 -0.0194905 -0.110317 0.857507 55 -0.0241403 -0.146767 0.887713 42
 -0.0330896 -0.1192 0.87765 102 -0.0335844 -0.140398 0.886121 74 -0.0318398 -0.130208 0.884997 14
 -0.0351336 -0.119495 0.883541 166 -0.0283112 -0.157937 0.886521 26 -0.0385835 -0.182737 0.885398 7
 -0.0124544 -0.145566 0.8999 134 -0.0497097 -0.12972 0.86847 30 -0.0283835 -0.108088 0.881213 20
 -0.0102124 -0.166066 0.901735 81 -0.0280837 -0.14377 0.902667 74 -0.0320874 -0.11916 0.887891 18
 -0.00589602 -0.0992851 0.847381 153 0.0024147 -0.143079 0.899149 19 -0.0273112 -0.100998 0.876831 15
 -0.00881326 -0.100287 0.851532 103 -0.0134578 -0.112693 0.893509 55 0.023187 -0.135294 0.899191 19
 -0.0127817 -0.127168 0.901926 150 -0.00995111 -0.112278 0.857261 17 -0.0345742 -0.127959 0.870437 16
 -0.0147729 -0.131742 0.900546 67 -0.0152469 -0.125151 0.89653 56 -0.0139491 -0.134931 0.903026 42
 -0.00597242 -0.136829 0.907829 100 -0.0105006 -0.135678 0.905806 90 -0.0114151 -0.0975558 0.841727 10
 -0.019245 -0.13748 0.904991 173 -0.00157029 -0.153468 0.904257 22 -0.0410869 -0.132604 0.884455 3
 0.0216767 -0.102901 0.839084 179 0.0221654 -0.119965 0.892874 21
 0.0183448 -0.109645 0.84579 176 0.0217255 -0.123438 0.894704 24
 0.0209478 -0.130907 0.90227 109 0.0175799 -0.106962 0.850984 61 0.00431431 -0.114014 0.887163 12
 0.0171437 -0.121339 0.901896 68 0.0150381 -0.15832 0.916646 36 0.013972 -0.100533 0.853604 27
 0.017604 -0.124461 0.901826 163 -0.0416463 -0.117109 0.873625 25 -0.0325399 -0.120097 0.895139 5
 -0.0074811 -0.162928 0.880305 18 -0.00780287 -0.139934 0.91274 10 -0.0415362 -0.146007 0.889289 5
 0.0175862 -0.114636 0.839044 125 0.0100821 -0.220897 0.985748 30 0.0153304 -0.178782 0.90844 23
 0.00160618 -0.207869 0.981959 74 0.0132362 -0.119186 0.895681 45 0.0175998 -0.103894 0.849848 31
 0.0152947 -0.120061 0.892851 74 0.0239155 -0.138915 0.912651 53 0.00265942 -0.150924 0.903851 31
 0.0172415 -0.128571 0.903446 93 -0.00810612 -0.17345 0.908085 19 -0.0123615 -0.204206 1.00287 8
 0.00385478 -0.138152 0.915627 13 -0.0149601 -0.175967 0.897237 10 -0.0121918 -0.192436 0.995987 3
 -0.013221 -0.162911 0.887053 59 0.000733993 -0.154925 0.904162 18 -0.0351346 -0.159903 0.888192 4
 -0.007673 -0.154458 0.901281 100 -0.023194 -0.136393 0.89447 38 -0.0183496 -0.136566 0.896773 17
 0.0112148 -0.147975 0.92179 50 -0.0140318 -0.148054 0.893313 15
 0.00459292 -0.152146 0.882984 16 -0.0140352 -0.113407 0.895924 4
 -0.0301208 -0.140116 0.888188 113 -0.0124621 -0.157061 0.901509 29 -0.0549321 -0.110899 0.858482 11

 -0.0192917 -0.149999 0.886919 49 0.00281204 -0.154146 0.918304 1
