 -0.141544 -0.125888 0.996162 166 -0.165055 -0.0881668 0.95678 27 -0.127413 -0.116468 1.02249 3
 -0.144241 -0.117599 0.984019 85 -0.166054 -0.0571345 0.949714 41 -0.16543 -0.0413704 0.967146 38
 -0.174556 -0.0807781 0.969002 87 -0.172225 -0.0701828 0.961017 44 -0.148674 -0.110453 1.00247 28
 -0.157799 -0.104862 0.998493 75 -0.147248 -0.133417 1.00626 41 -0.165792 -0.0756182 0.957158 38
 -0.159208 -0.104687 0.996776 161 -0.171901 -0.0745145 0.966684 30 -0.13215 -0.0616864 1.0315 5
 -0.167657 -0.097248 0.995036 74 -0.150667 -0.113531 1.00656 59 -0.164044 -0.100258 0.997854 15
 -0.163149 -0.043036 0.961745 156 -0.0871341 -0.112004 1.02242 23 -0.159105 -0.0445502 1.00764 10
 -0.164064 -0.0740226 0.960643 63 -0.171612 -0.0689546 0.962229 63 -0.170338 -0.071733 1.01448 26
 -0.147409 -0.0645277 1.01639 89 -0.152243 -0.1064 0.999288 49 -0.164999 -0.069802 1.01328 29
 -0.155707 -0.063905 1.01697 104 -0.155454 -0.0593251 1.01648 40 -0.167114 -0.10305 0.995792 25
 -0.151043 -0.0714912 1.02318 124 -0.155738 -0.105783 1.01321 37 -0.123297 -0.0850059 1.01686 24
 -0.144175 -0.087934 1.02308 99 -0.148781 -0.0866178 1.02392 99 -0.126976 -0.124767 0.995718 1
 -0.161013 -0.0384383 1.00171 75 -0.159806 -0.0338899 0.960225 62 -0.085223 -0.0480551 0.983583 29
 -0.164443 -0.0515279 1.00643 70 -0.161692 -0.0449928 0.963989 57 -0.174672 -0.0640191 0.952097 42
 -0.160306 -0.105984 1.00227 43 -0.152989 -0.0472772 0.957862 34 -0.18315 -0.0769675 1.00414 23
 -0.0861296 -0.0941776 1.02543 56 -0.177069 -0.0797383 1.00845 50 -0.109485 -0.0811366 1.01796 33
 -0.167415 -0.0838154 1.01681 116 -0.138982 -0.0831738 1.02741 51 -0.105647 -0.0892676 1.00971 22
 -0.137394 -0.0872145 1.02895 69 -0.119363 -0.0985726 1.00556 67 -0.133498 -0.083472 1.02949 34
 -0.0849063 -0.0495176 0.980152 172 -0.170449 -0.0365024 0.963928 20 -0.117554 -0.111933 1.01894 5
 -0.0881559 -0.0652796 0.992016 95 -0.0883682 -0.061353 0.986846 92 -0.172494 -0.0464028 0.974748 12
 -0.0938099 -0.0796447 1.00723 103 -0.15914 -0.0586235 1.01226 63 -0.145013 -0.0648823 1.03014 25
 -0.155759 -0.0648656 1.02258 71 -0.0992167 -0.0879883 1.01497 62 -0.153014 -0.0598977 1.02525 37
 -0.14887 -0.0704703 1.02533 73 -0.156003 -0.062214 1.02218 69 -0.0773468 -0.0917538 1.0158 19
 -0.13423 -0.074453 1.03319 97 -0.123193 -0.0789619 1.03169 30 -0.128719 -0.0767616 1.03293 19
 -0.0825117 -0.0488289 0.983763 91 -0.0832528 -0.0534079 0.98766 72 -0.0792514 -0.0939318 1.01705 18
 -0.0905111 -0.0718227 1.00497 125 -0.163648 -0.0543755 1.01197 25 -0.0975661 -0.1835 1.07545 15
 -0.0970243 -0.0793213 1.00775 139 -0.0997928 -0.0768087 1.00438 50 -0.169467 -0.0605732 1.02115 10
 -0.0995004 -0.0819409 1.01531 185 -0.0858715 -0.119757 1.06116 7 -0.145681 -0.125772 1.01264 3
 -0.0978769 -0.101665 1.02587 107 -0.0942537 -0.104155 1.03031 63 -0.08959 -0.126574 1.05414 17
 -0.144385 -0.101208 1.02518 77 -0.104231 -0.122124 1.03038 66 -0.106089 -0.117209 1.02793 57
 -0.116294 -0.158394 1.0581 98 -0.122499 -0.139718 1.02978 51 -0.11396 -0.15589 1.05448 21
 -0.118758 -0.14643 1.03073 22 -0.0983795 -0.110892 1.03066 6 -0.0941105 -0.124265 1.05342 2
 -0.102427 -0.146482 1.063 46 -0.126852 -0.13425 1.02217 46 -0.131436 -0.0938408 1.03672 45
 -0.144931 -0.110472 1.01553 200

 -0.131766 -0.164912 1.0574 6 -0.126465 -0.13416 1.01918 5 -0.103434 -0.14328 1.05057 3
