 -0.258103 -0.146863 0.980898 81 -0.254881 -0.206315 0.972292 61 -0.182472 -0.127211 0.999846 52
 -0.257717 -0.157857 0.986184 134 -0.192907 -0.131922 1.00161 56 -0.156963 -0.199023 1.01466 5
 -0.245034 -0.212843 0.98419 92 -0.261162 -0.156945 0.980481 51 -0.259881 -0.167491 0.987204 32
 -0.193016 -0.222735 0.997332 95 -0.244878 -0.208226 0.989861 38 -0.253467 -0.175379 0.99437 28
 -0.179326 -0.225703 1.00118 62 -0.224405 -0.210902 0.994897 51 -0.256447 -0.164133 0.991119 46
 -0.25803 -0.167391 0.994503 77 -0.161623 -0.233943 1.00155 56 -0.209285 -0.21528 0.999551 27
 -0.2643 -0.164398 0.977207 81 -0.206117 -0.132632 0.985047 63 -0.239393 -0.138271 0.994349 28
 -0.240661 -0.151094 1.00084 64 -0.259172 -0.175337 0.989521 57 -0.209125 -0.138635 0.991066 33
 -0.227138 -0.146983 1.00317 99 -0.147441 -0.193533 1.02714 37 -0.162689 -0.233029 1.00175 20
 -0.227104 -0.148665 1.01021 42 -0.171767 -0.229357 1.00493 37 -0.138696 -0.186128 1.03064 37
 -0.226529 -0.15618 1.01693 50 -0.223756 -0.158897 1.02091 38 -0.152742 -0.211445 1.01277 28
 -0.227697 -0.173961 1.02095 56 -0.188412 -0.185266 1.02365 50 -0.220242 -0.184554 1.02216 30
 -0.190542 -0.129735 0.990495 88 -0.285285 -0.166038 0.969465 37 -0.180014 -0.150696 1.01397 30
 -0.182772 -0.166558 1.01889 135 -0.191583 -0.142148 0.997104 30 -0.128764 -0.267377 1.09506 27
 -0.172697 -0.158276 1.01565 121 -0.147886 -0.241241 1.00028 17 -0.158166 -0.188822 1.0141 14
 -0.154933 -0.224861 1.00329 54 -0.256859 -0.171878 0.989366 30 -0.188471 -0.136444 1.00352 29
 -0.198531 -0.152269 1.01888 85 -0.165868 -0.183611 1.02088 60 -0.160017 -0.187097 1.02116 34
 -0.194643 -0.174548 1.02979 79 -0.152826 -0.210142 1.02625 48 -0.172073 -0.175214 1.0259 37
 -0.0994071 -0.239077 1.1027 110 -0.185327 -0.134549 1.00275 30 -0.172623 -0.205862 1.02401 15
 -0.108618 -0.244358 1.10058 121 -0.159364 -0.170401 1.0242 41 -0.142886 -0.233257 1.03375 15
 -0.126719 -0.242023 1.04363 55 -0.11286 -0.238287 1.06936 33 -0.172462 -0.146905 1.01376 32
 -0.146738 -0.15258 1.02038 67 -0.132287 -0.215785 1.02361 49 -0.1116 -0.228645 1.09654 23
 -0.153947 -0.169907 1.01895 128 -0.172269 -0.152864 1.01622 35 -0.167478 -0.156116 1.01871 15
 -0.170308 -0.18067 1.02782 65 -0.227395 -0.177068 1.02453 55 -0.150078 -0.221625 1.01574 27
 -0.20288 -0.130115 0.98538 62 -0.100193 -0.256181 1.08589 51 -0.24482 -0.219056 0.976346 19
 -0.120746 -0.25263 1.05579 70 -0.186369 -0.137099 1.00394 48 -0.105606 -0.250483 1.08564 20
 -0.144353 -0.223303 1.00378 112 -0.117519 -0.236441 1.06799 24 -0.107213 -0.243384 1.10779 20
 -0.213571 -0.209661 1.01339 63 -0.165116 -0.158248 1.02715 56 -0.203543 -0.213432 1.0091 33
 -0.182471 -0.220906 1.00797 160 -0.134537 -0.214903 1.04771 26 -0.2177 -0.203284 1.01256 11
 -0.150224 -0.191665 1.02253 151 -0.209182 -0.197183 1.01289 14 -0.177773 -0.208944 1.02475 11
 -0.140255 -0.236272 1.04821 60 -0.223031 -0.171123 1.00411 41 -0.117694 -0.218072 1.07557 34
 -0.134151 -0.214919 1.03942 13 -0.13057 -0.214477 1.07316 6 -0.123294 -0.223756 1.09034 2
 -0.19961 -0.192822 1.02926 116 -0.188103 -0.193449 1.03148 81 -0.215642 -0.167315 1.02826 3
 -0.187088 -0.203336 1.00915 181 -0.247692 -0.180159 1.00628 12 -0.230219 -0.153199 1.02462 7
 -0.159618 -0.226185 1.01376 18 -0.177969 -0.197626 1.02658 9 -0.228149 -0.192852 1.0189 1
 -0.122426 -0.241654 1.0744 2 -0.236195 -0.191197 1.01514 2
