 0.109429 0.124302 1.06092 150 -0.0590548 0.0806751 1.10431 26 0.0449563 0.0491585 1.05796 11
 0.0995263 0.118253 1.06284 196 -0.0535973 0.0714155 1.11435 3 0.0286299 0.010703 1.03684 1
 0.0843896 0.109126 1.06603 79 0.0180652 0.0426867 1.05009 38 0.00208424 0.0278611 1.03495 13
 0.0751617 0.102867 1.06518 109 0.0182919 0.0272186 1.03951 47 -0.0394057 0.0543024 1.06922 12
 0.0720421 0.0985896 1.06219 124 -0.00548264 0.0481971 1.06324 29 0.0328754 0.0279148 1.0447 28
 0.062626 0.089732 1.06304 103 0.00125234 0.0329622 1.05592 76 -0.0307673 0.0319523 1.07879 9
 0.148861 0.0729171 1.04561 40 0.0867562 0.0982753 1.063 37 0.0275814 0.0806238 1.04415 36
 0.0228922 0.0648372 1.05461 72 0.00455081 0.0618895 1.06251 28 0.133327 0.0792137 1.05135 26
 0.116661 0.0784149 1.05503 36 0.0610973 0.0222714 0.994496 28 0.0130184 0.0326958 1.05272 26
 0.10684 0.079835 1.05934 81 0.0488774 0.0785799 1.05555 48 0.069215 0.0260992 0.990989 34
 0.0953043 0.0755585 1.06447 93 0.0442613 0.0611784 1.05376 62 0.0770496 0.0457382 1.07176 17
 0.0756005 0.0712023 1.06731 116 0.0562089 0.0506256 1.06316 40 -0.0191896 0.0522373 1.07441 15
 0.143156 0.0833431 1.0438 54 -0.0503462 0.0727212 1.10716 52 0.106997 0.122596 1.06009 50
 0.100879 0.110319 1.06614 135 0.138109 0.0702063 1.04782 29 0.0994999 0.0492214 1.05635 14
 0.113476 0.0812445 1.05544 85 0.0863571 0.0956294 1.06394 47 0.064236 0.0814462 1.06032 23
 0.102501 0.0795288 1.05994 67 0.0627116 0.0864869 1.06112 37 0.0477881 0.0514739 1.06201 23
 0.0644834 0.0634017 1.0632 154 0.0225525 0.0716289 1.05989 41 0.147762 0.067671 1.04934 2
 0.0575831 0.0570174 1.06824 70 0.0871795 0.0687475 1.06718 36 0.0360592 0.0955274 1.05959 31
 0.143635 0.0399834 1.0195 101 0.108789 0.125162 1.05893 78 0.147516 0.0750907 1.03978 19
 0.101361 0.116987 1.06314 119 0.139722 0.0429292 1.02607 34 0.126917 0.0477348 1.04182 20
 0.0909601 0.107204 1.06353 129 0.11408 0.0646219 1.05001 47 0.0443871 0.0125956 1.03018 12
 0.110073 0.0508719 1.05466 87 0.087961 0.107854 1.06777 43 0.0886635 0.103439 1.06646 29
 0.111809 0.0546497 1.05576 112 0.0546566 0.0826874 1.05464 43 0.0789657 0.0703965 1.06582 11
 0.0756206 0.059752 1.06715 83 0.114675 0.0673357 1.05485 34 0.0258034 0.0801216 1.06414 28
 0.14174 0.0428396 1.02246 159 0.145194 0.0849377 1.0451 25 0.0898991 0.0203873 1.02253 14
 0.0625949 0.00505144 1.00421 56 0.127192 0.068178 1.04246 51 0.133072 0.044358 1.02106 32
 0.113018 0.0489701 1.04506 63 0.0860316 0.029893 1.05847 32 0.065274 0.00745607 1.03531 29
 0.0326527 0.0104798 1.04605 93 0.0274563 0.0115528 1.04992 49 0.12339 0.0535205 1.04433 22
 0.00880352 0.0203171 1.06495 157 0.0610351 0.0074969 1.00981 13 0.0288214 0.016095 1.04897 13
 0.00548669 0.0342937 1.06019 102 0.0756525 0.0351992 1.05914 49 0.0188511 0.0275529 1.04928 39
 -0.01786 0.0605166 1.08409 148 0.0559429 0.0699955 1.05511 50 -0.0431996 0.0388886 1.09934 2
 -0.0155097 0.0339935 1.08879 54 -0.015849 0.0679888 1.09203 3
 0.071521 0.0619767 1.06962 28 0.0441115 0.0543705 1.06684 25 0.0659629 0.0611004 1.06912 20
 0.0189862 0.0371056 1.04912 87 0.0398733 0.0733281 1.05691 43 0.0584683 0.0911085 1.06394 39
 0.0307289 0.0361418 1.05213 30 0.0631829 0.0502654 1.07441 12 0.0811911 0.0977926 1.06446 6
 -0.0150834 0.0554818 1.07774 25 0.056758 0.0490905 1.06099 1
