 -0.153732 -0.0855682 0.91753 73 -0.16271 -0.159667 0.925894 69 -0.113509 -0.181699 0.929338 16
 -0.163983 -0.11699 0.922734 51 -0.154812 -0.0937142 0.923198 49 -0.15186 -0.152896 0.942903 21
 -0.160852 -0.113985 0.925694 93 -0.152985 -0.162751 0.936095 39 -0.161611 -0.126295 0.931692 39
 -0.164336 -0.1276 0.940111 89 -0.174005 -0.152368 0.923752 36 -0.152729 -0.16597 0.938985 35
 -0.160763 -0.110548 0.924854 134 -0.148043 -0.141951 0.950061 30 -0.162714 -0.13348 0.944629 12
 -0.155353 -0.123853 0.931306 153 -0.124085 -0.183934 0.9439 30 -0.167581 -0.161296 0.926369 8
 -0.118299 -0.0948877 0.942996 59 -0.156745 -0.0932019 0.91324 34 -0.102241 -0.202823 0.924975 32
 -0.113526 -0.192808 0.937631 54 -0.150777 -0.111199 0.944782 29 -0.161383 -0.109078 0.918881 18
 -0.15144 -0.117303 0.94191 89 -0.110712 -0.194019 0.944513 40 -0.145937 -0.107087 0.94515 29
 -0.151012 -0.126781 0.949595 91 -0.143452 -0.105725 0.95995 45 -0.0687936 -0.156069 0.958737 21
 -0.141155 -0.111242 0.954447 80 -0.147234 -0.137948 0.95479 66 -0.117145 -0.179923 0.945629 46
 -0.131607 -0.136594 0.963385 155 -0.128714 -0.138118 0.965788 26 -0.114174 -0.169711 0.956984 14
 -0.105256 -0.0838673 0.936233 87 -0.0770019 -0.11422 0.954542 41 -0.142302 -0.0682738 0.913152 23
 -0.106597 -0.0939282 0.933625 106 -0.122986 -0.121868 0.977066 45 -0.145659 -0.0812642 0.916334 28
 -0.150079 -0.106579 0.938084 79 -0.121764 -0.112198 0.968401 54 -0.121757 -0.10223 0.946778 37
 -0.126909 -0.122314 0.963819 63 -0.0866836 -0.182084 0.960523 45 -0.117183 -0.0928547 0.936127 29
 -0.121104 -0.126458 0.979737 99 -0.104719 -0.157086 0.963515 50 -0.131603 -0.109884 0.959682 32
 -0.119646 -0.119493 0.986529 160 -0.107716 -0.152674 0.978183 37 -0.112688 -0.144053 0.980222 3
 -0.0780563 -0.0946788 0.946518 175 -0.102058 -0.196359 0.945345 19 -0.128435 -0.0912103 0.949533 4
 -0.0789693 -0.10678 0.951157 171 -0.0892156 -0.195898 0.949746 21 -0.132697 -0.100598 0.955691 5
 -0.0792869 -0.11651 0.954721 84 -0.0688301 -0.144921 0.960572 21 -0.0937607 -0.0943245 0.941731 20
 -0.0797655 -0.126123 0.963467 82 -0.0791981 -0.133359 0.964196 33 -0.0971431 -0.0849144 0.944747 31
 -0.0890176 -0.128178 0.974142 92 -0.0913721 -0.125265 0.976018 91 -0.132161 -0.108812 0.970809 16
 -0.0957489 -0.138537 0.975083 100 -0.126766 -0.126404 0.979508 32 -0.0946748 -0.146662 0.972283 18
 -0.0769173 -0.111145 0.952985 54 -0.0643943 -0.266654 1.03804 37 -0.0705993 -0.123912 0.958449 36
 -0.0788686 -0.12464 0.959945 98 -0.167279 -0.144996 0.915331 46 -0.0826798 -0.250077 1.02549 25
 -0.0793151 -0.14695 0.959841 140 -0.0923015 -0.0994522 0.94277 21 -0.0879394 -0.198517 0.958669 12
 -0.0828452 -0.201401 0.961299 65 -0.085392 -0.112516 0.963585 50 -0.0756516 -0.147616 0.968603 28
 -0.0776028 -0.163156 0.964059 88 -0.11461 -0.180553 0.948512 38 -0.0650178 -0.183513 0.98556 14
 -0.0855798 -0.164268 0.963926 129 -0.121352 -0.15656 0.965839 19 -0.0838736 -0.187415 0.943567 11
 -0.0734833 -0.193985 0.96748 97 -0.0685016 -0.217554 0.988988 35 -0.0944538 -0.208978 0.973079 32

 -0.121696 -0.150333 0.975667 167 -0.0761615 -0.168837 0.970113 33
 -0.121027 -0.170265 0.956359 113 -0.12671 -0.163845 0.957812 80 -0.123814 -0.167111 0.957544 7
 -0.126808 -0.152424 0.959736 4 -0.0937181 -0.150666 0.963165 1 -0.0961929 -0.106579 0.93306 1
 -0.131043 -0.133479 0.964484 55 -0.109577 -0.213482 0.982845 1 -0.0817066 -0.200287 0.9657 1
