 -0.174928 -0.15193 0.866996 75 -0.177726 -0.111185 0.838096 58 -0.140036 -0.164665 0.878907 25
 -0.164814 -0.155645 0.875657 71 -0.147941 -0.116895 0.873603 63 -0.174842 -0.117684 0.840712 35
 -0.149001 -0.116481 0.874701 90 -0.170585 -0.123446 0.839447 41 -0.138499 -0.160433 0.894184 26
 -0.139986 -0.157227 0.894971 45 -0.132738 -0.157875 0.897076 40 -0.175205 -0.113613 0.840557 28
 -0.117439 -0.158302 0.899228 63 -0.135372 -0.146756 0.896481 37 -0.146876 -0.10427 0.880173 27
 -0.135835 -0.155262 0.899982 110 -0.104608 -0.160703 0.908587 34 -0.151311 -0.11062 0.879235 33
 -0.106496 -0.083934 0.847921 143 -0.111257 -0.128307 0.900619 14 -0.0707201 -0.0947997 0.863343 11
 -0.115851 -0.0882778 0.859886 89 -0.140935 -0.110532 0.877866 47 -0.126725 -0.163966 0.898563 25
 -0.151802 -0.123041 0.885039 93 -0.140578 -0.105835 0.875816 44 -0.123737 -0.112761 0.900112 26
 -0.1448 -0.100132 0.873746 66 -0.129949 -0.108513 0.90462 51 -0.147795 -0.130986 0.897016 24
 -0.109153 -0.13277 0.910476 59 -0.122217 -0.107885 0.900511 51 -0.115455 -0.105845 0.899731 49
 -0.119642 -0.132484 0.909095 130 -0.0735303 -0.157313 0.90798 25 -0.0558951 -0.119965 0.891637 18
 -0.102643 -0.0799618 0.842493 103 -0.177097 -0.105415 0.838064 23 -0.0711213 -0.0881471 0.860674 20
 -0.125582 -0.117066 0.89035 82 -0.112935 -0.0834748 0.851052 49 -0.0655591 -0.210862 0.986817 30
 -0.140088 -0.130417 0.887936 57 -0.0927257 -0.119938 0.906708 52 -0.115024 -0.12797 0.909397 29
 -0.130958 -0.136626 0.8983 63 -0.101077 -0.108021 0.909995 60 -0.0714151 -0.112656 0.891864 24
 -0.110601 -0.112284 0.906096 122 -0.105377 -0.124501 0.907119 75 -0.11549 -0.08455 0.853816 2
 -0.0998043 -0.116846 0.914907 164 -0.0954552 -0.168045 0.912536 13 -0.0991338 -0.124157 0.916101 9
 -0.0393634 -0.206644 0.995011 52 -0.084655 -0.125301 0.903877 37 -0.0588295 -0.107668 0.886074 32
 -0.0530096 -0.11387 0.901501 53 -0.178834 -0.141746 0.869293 28 -0.0940204 -0.112935 0.903936 24
 -0.0725357 -0.109523 0.901151 36 -0.0794546 -0.109888 0.901768 30 -0.0665747 -0.0989431 0.860738 29
 -0.0570333 -0.0991886 0.894985 97 -0.0517548 -0.135539 0.915505 34 -0.0671533 -0.0886865 0.868415 28
 -0.0670881 -0.117661 0.906262 191 -0.140078 -0.110213 0.883075 9
 -0.132078 -0.132432 0.897161 42 -0.0922891 -0.137782 0.914913 35 -0.0714543 -0.140264 0.91104 32
 -0.0400894 -0.22885 0.996952 77 -0.0436894 -0.218937 0.978957 60 -0.0689279 -0.0842343 0.849638 20
 -0.0595757 -0.206054 0.987512 71 -0.0560996 -0.216329 1.00294 55 -0.0697685 -0.106931 0.884005 36
 -0.0688048 -0.107038 0.893779 134 -0.0814135 -0.179864 0.913499 53 -0.0685198 -0.195653 0.968136 8
 -0.0629613 -0.119278 0.908752 89 -0.108264 -0.17098 0.914168 58 -0.100796 -0.174003 0.916693 50
 -0.0641362 -0.130722 0.916446 139 -0.104566 -0.162 0.910078 53 -0.0572968 -0.146504 0.948232 4
 -0.0781051 -0.141662 0.90943 72 -0.0601139 -0.153924 0.92901 71 -0.151155 -0.145233 0.899028 18
 -0.0873276 -0.163434 0.913783 90 -0.0602674 -0.157363 0.938553 56 -0.152454 -0.115139 0.85395 23
 -0.0567021 -0.154068 0.948343 40 -0.0763844 -0.134181 0.909515 39 -0.091332 -0.107841 0.838577 1
 -0.105474 -0.137277 0.920116 98 -0.105028 -0.165267 0.907244 26 -0.14616 -0.118185 0.8916 1
 -0.111516 -0.148052 0.906124 199 -0.0652789 -0.140294 0.894748 1
 -0.0961375 -0.165856 0.912572 31 -0.100574 -0.147862 0.919546 4
 -0.0936066 -0.0960091 0.844005 3 -0.105155 -0.0995548 0.92391 1
