 -0.0991771 0.14356 0.801721 99 -0.139497 0.0759242 0.823554 70 -0.131568 0.120791 0.803786 28
 -0.101517 0.132737 0.80737 104 -0.128581 0.0673294 0.833278 56 -0.131181 0.108204 0.806176 31
 -0.114677 0.0610696 0.841976 167 -0.102354 0.120719 0.824783 19 -0.123686 0.097451 0.836271 4
 -0.111381 0.0662408 0.848584 179 -0.0982645 0.105686 0.852318 13 -0.0136475 0.0902841 0.87247 8
 -0.105536 0.0626163 0.851163 174 -0.0956101 0.0977565 0.857311 14 -0.0164278 0.0849405 0.864834 8
 -0.0963919 0.0575762 0.857285 200
 -0.123322 0.120285 0.8131 169 -0.0746643 0.117603 0.845222 12 -0.0453456 0.128244 0.81031 8
 -0.122471 0.107964 0.824535 127 -0.105631 0.12811 0.824231 36 -0.0572345 0.122427 0.842914 17
 -0.109696 0.10396 0.844477 130 -0.101511 0.0605762 0.850769 28 -0.12923 0.114635 0.815293 14
 -0.101586 0.0969728 0.851863 143 -0.0360482 0.0546222 0.881408 17 -0.128186 0.104445 0.824472 14
 -0.0914573 0.0933411 0.864011 159 -0.121633 0.0902062 0.831985 13 -0.0815452 0.0621044 0.860842 12
 -0.0883015 0.0876297 0.868447 160 -0.0477372 0.0905059 0.877375 38 -0.0906477 0.122952 0.863896 2
 -0.0961168 0.141376 0.804149 118 -0.0281881 0.119433 0.815602 40 -0.129745 0.125921 0.806441 19
 -0.0342288 0.113825 0.828964 94 -0.114947 0.10186 0.839841 38 -0.0628413 0.120148 0.842689 34
 -0.101834 0.0944591 0.85373 63 -0.10221 0.114125 0.841223 55 -0.0765608 0.11147 0.859866 51
 -0.106475 0.116977 0.836336 53 -0.108407 0.116067 0.828155 26 -0.0867203 0.110127 0.858567 22
 -0.0490044 0.100838 0.869433 132 -0.0936766 0.114662 0.859052 58 -0.0513567 0.0506214 0.876347 9
 -0.0639912 0.0911516 0.884448 128 -0.0809013 0.0955456 0.872799 62 -0.0592117 0.0643551 0.867593 9
 -0.0195885 0.116696 0.826928 103 -0.0173992 0.115643 0.832029 55 -0.104853 0.147703 0.808877 26
 -0.0232064 0.112753 0.840176 96 -0.0261981 0.116252 0.834009 65 -0.103481 0.137054 0.812413 17
 -0.0223432 0.0955984 0.861658 177 -0.0368414 0.11548 0.827955 13 -0.0325196 0.114638 0.829534 5
 -0.0243429 0.0857712 0.86907 123 -0.0530885 0.118251 0.837684 23 -0.026999 0.0510243 0.879269 22
 -0.0287488 0.0935804 0.8709 117 -0.0889152 0.101591 0.863797 37 -0.0606175 0.121966 0.853935 32
 -0.0663575 0.105508 0.884945 111 -0.127292 0.0688058 0.834053 38 -0.0326645 0.0754163 0.881646 15
 -0.0196642 0.110777 0.832679 91 -0.0422342 0.130313 0.817138 81 -0.104051 0.144851 0.80384 11
 -0.0396992 0.119976 0.828714 98 -0.022306 0.0970333 0.863598 89 -0.100974 0.132224 0.817256 4
 -0.0351572 0.10723 0.844948 106 -0.0203555 0.0861262 0.873325 61 -0.0267985 0.0564403 0.89121 24
 -0.0264221 0.0962298 0.865915 109 -0.020826 0.0467849 0.900664 84 -0.0223775 0.0672557 0.881053 3
 -0.02631 0.0787635 0.877513 109 -0.0300285 0.0430706 0.900114 89 -0.0274388 0.058495 0.890392 2
 -0.0398581 0.0636969 0.866947 100 -0.0295641 0.0489365 0.887438 94 -0.0770887 0.0609849 0.874146 3
 -0.0500388 0.0228613 0.902377 121 -0.0562826 0.0315405 0.880689 38 -0.0322035 0.0794209 0.866451 20
 -0.0502388 0.0200808 0.895036 112 -0.0284105 0.0313731 0.906701 25 -0.0379936 0.00972809 0.917316 22
 -0.0687813 0.0812903 0.879508 114 -0.0728637 0.0889639 0.878851 72 -0.0605642 0.042138 0.868955 14
 -0.0796811 0.0667798 0.868838 200
 -0.075926 0.0826247 0.876619 23 -0.0474094 0.0275065 0.88731 1 -0.0804467 0.0957609 0.859764 1
 -0.0648273 0.0247391 0.901437 10 -0.0384148 0.0166484 0.901537 4 -0.0766385 0.0849752 0.871792 2
