 -0.0146271 0.00995047 0.977129 59 -0.0443313 -0.120552 0.994929 32 -0.0455976 -0.125293 0.997854 32
 -0.0308736 -0.124716 1.00354 48 -0.0180336 -0.0550389 0.975961 47 -0.0202103 -0.000240152 0.980797 33
 -0.0317672 -0.0327324 0.967804 96 -0.0395848 -0.119078 0.99656 52 -0.0677508 -0.128858 0.998597 19
 -0.0332218 -0.0385337 0.977034 78 -0.0241033 -0.099557 0.99401 57 -0.0625089 -0.077571 0.999289 19
 -0.0340266 -0.0444073 0.98609 93 -0.0352019 -0.108389 0.994696 40 -0.0320275 -0.10397 0.993276 33
 -0.0723014 -0.0750729 0.997906 57 -0.0541902 -0.108366 0.993018 54 -0.0391451 -0.058501 0.988931 38
 -0.0240037 -0.00839203 0.984675 120 -0.0608619 -0.0397854 0.989759 35 -0.054689 -0.124856 1.00208 14
 -0.03026 -0.0209527 0.991749 118 -0.0632058 -0.0519597 0.995609 28 -0.0365035 -0.0559019 0.98087 22
 -0.0138248 -0.079115 0.987312 99 -0.050398 -0.0506304 1.00022 35 -0.0360911 -0.0426582 0.982097 33
 -0.0406865 -0.05062 0.981768 86 -0.0341994 -0.0575641 0.981878 41 -0.0648688 -0.0946024 0.999683 18
 -0.0442816 -0.0794635 1.00212 93 -0.0466713 -0.0898069 1.00078 80 -0.0455576 -0.0854007 1.00147 16
 -0.0604684 -0.0798184 1.0033 108 -0.0571056 -0.0865376 1.0039 90 -0.0388522 -0.0609854 0.992808 2
 -0.0141661 0.0115075 0.977934 197 -0.014964 -0.103118 0.991625 2 -0.0408768 -0.0345573 1.00348 1
 -0.0208757 -0.00654262 0.981851 198 -0.00734104 -0.0244874 1.00126 2
 -0.026126 -0.0248312 0.983173 156 -0.0480849 -0.0557735 0.993871 40 -0.0291727 -0.0334047 1.02255 4
 -0.0336241 -0.0359417 0.979532 149 -0.05427 -0.0693701 1.00134 31 -0.0214872 -0.0994006 0.992936 13
 -0.0399342 -0.076852 1.00881 150 -0.0465621 -0.0875694 0.980264 18 -0.0337823 -0.0355768 1.0141 15
 -0.0531406 -0.0707343 1.00796 96 -0.0411532 -0.0904741 1.00701 83 -0.0440202 -0.0838665 1.00846 8
 -0.0135903 0.0102043 0.974001 195 -0.0218737 -0.0192456 0.974842 5
 -0.0175181 -0.000549258 0.980668 148 -0.00751808 -0.0204601 1.01692 50 -0.0680661 -0.184613 1.06031 1
 -0.0262236 -0.0175143 0.985264 110 -0.0417212 -0.0432522 0.988686 45 -0.0156156 -0.0356537 1.02353 43
 -0.0270199 -0.0711629 0.985361 95 -0.0162407 -0.0403038 1.02907 32 -0.0295916 -0.0246705 0.974146 21
 -0.0266085 -0.0339253 1.02562 72 -0.0332239 -0.047415 0.980172 61 -0.0308325 -0.0851347 0.994779 41
 -0.0296749 -0.071123 0.995099 62 -0.0205851 -0.107511 0.988029 57 -0.048559 -0.045571 0.96402 32
 -0.0166275 0.0057363 0.979177 200
 -0.0200327 -0.0145353 0.986842 95 -0.0275711 -0.104441 0.992848 46 -0.0287882 -0.109426 0.995016 38
 -0.0185444 -0.0869365 0.98567 118 -0.0239527 -0.0225438 1.01607 46 -0.0303372 -0.033391 0.986669 33
 -0.0253855 -0.100427 0.994879 177 -0.0178492 -0.0537144 1.02615 16 -0.0350079 -0.0427709 1.00366 3
 -0.0376351 -0.122121 1.00722 61 -0.0241654 -0.104024 0.992875 59 -0.0351618 -0.119296 1.00464 31
 -0.0397711 -0.125786 1.00863 126 -0.0456065 -0.152333 1.02927 21 -0.0427204 -0.146024 1.02492 3
 -0.0715462 -0.143052 1.0228 197 -0.0507097 -0.0694633 1.01097 3
 -0.0603513 -0.0590599 1.00496 43 -0.0623527 -0.0979306 1.00361 25 -0.0549617 -0.144002 1.02739 4
 -0.0554466 -0.0933627 1.00763 13 -0.0287235 -0.0456401 0.988498 1
 -0.065791 -0.0989749 1.00351 61 -0.0657213 -0.0929328 1.00381 61 -0.063406 -0.0726373 1.00568 32
 -0.0529972 -0.0918513 1.00262 10 -0.0724838 -0.113653 1.01327 7 -0.0820491 -0.137393 1.03478 3
 -0.0542078 -0.0811749 0.998165 150 -0.0780369 -0.154614 1.03892 25 -0.0614906 -0.139459 1.0179 12
