 -0.0211868 0.00984552 0.988492 57 -0.0730101 -0.0607358 1.00926 54 -0.049092 -0.128103 1.01383 49
 -0.0263895 0.000275148 0.98887 72 -0.0764036 -0.076616 1.01386 36 -0.032831 -0.125117 1.01807 28
 -0.0354567 -0.0288999 0.985532 85 -0.0395794 -0.116985 1.0088 59 -0.0725022 -0.0705452 1.01582 15
 -0.024387 -0.0995212 1.00675 76 -0.0384229 -0.0388627 0.995361 71 -0.0713363 -0.0779065 1.01543 24
 -0.0390837 -0.0447195 1.00505 103 -0.0355439 -0.110844 1.01113 68 -0.0738116 -0.116694 1.01085 10
 -0.075065 -0.0682459 1.01596 73 -0.0422312 -0.0723873 1.00656 40 -0.0624482 -0.10702 1.00816 33
 -0.0234372 -0.0121129 0.99414 101 -0.0651862 -0.0452651 1.00208 43 -0.0247382 -0.0528395 0.988463 32
 -0.0336459 -0.0243096 1.00402 75 -0.0286726 -0.0265232 0.999004 39 -0.0676664 -0.0577213 1.00741 34
 -0.0489793 -0.0545782 1.00107 61 -0.0141175 -0.0830397 1.00384 55 -0.0276782 -0.0422572 0.990583 32
 -0.0414846 -0.0519346 0.999617 88 -0.0667111 -0.0916622 1.01143 31 -0.0395233 -0.0763095 1.03092 26
 -0.046379 -0.0732638 1.01599 128 -0.0477992 -0.0850242 1.01183 72
 -0.0594696 -0.0845731 1.01791 198 -0.0448268 -0.0341147 1.01652 2
 -0.0200809 0.00958283 0.989048 197 -0.0161427 0.0216983 1.00896 2 -0.0451475 -0.0325183 1.01317 1
 -0.0274161 -0.0106797 0.995484 200
 -0.0323592 -0.0275333 0.999446 146 -0.0481184 -0.0634815 1.01087 54
 -0.0373636 -0.0409359 1.00128 109 -0.0517235 -0.0763597 1.01567 69 -0.0226877 -0.101112 1.0111 20
 -0.0440702 -0.0694866 1.0108 77 -0.0444911 -0.0758681 1.01769 33 -0.0472441 -0.0862763 1.01105 27
 -0.0413003 -0.0883795 1.02495 156 -0.0576843 -0.0738633 1.02249 31 -0.0366418 -0.0474913 1.00334 8
 -0.0191142 0.00989741 0.985254 199 -0.00832555 -0.0653598 0.988604 1
 -0.0212326 -0.000235707 0.991279 193 -0.0144085 -0.0395285 1.03427 4 -0.0244075 -0.0312876 0.993414 3
 -0.0286602 -0.0176339 0.994259 187 -0.00889601 -0.0394397 1.03509 5 -0.0211122 -0.0589836 1.04145 4
 -0.0346337 -0.081115 0.999228 61 -0.0204693 -0.0607179 0.995144 44 -0.0180319 -0.0420546 1.04227 35
 -0.0278998 -0.0839306 1.00918 74 -0.0300825 -0.0382007 1.03863 51 -0.0331147 -0.0479511 0.991811 46
 -0.0297333 -0.0690342 1.00514 56 -0.0222577 -0.107521 1.00135 25 -0.0281192 -0.0330872 1.04251 23
 -0.0220324 0.0040427 0.990842 192 -0.0129799 -0.0643228 0.991126 6 -0.0239131 -0.0958561 1.00363 2
 -0.0218265 -0.0990068 1.00293 77 -0.0255218 -0.0131273 0.994779 54 -0.0244746 -0.0687333 0.998861 32
 -0.0230669 -0.0977703 1.00334 166 -0.0335729 -0.0340088 1.0028 24 -0.0830876 -0.159675 1.05043 6
 -0.0298659 -0.107495 1.01292 183 -0.0386624 -0.0610446 1.0051 12 -0.0225112 -0.0605202 1.04239 3
 -0.0264032 -0.105228 1.00982 123 -0.0310516 -0.114469 1.0143 76 -0.0620598 -0.098627 1.00987 1
 -0.0427385 -0.123647 1.02106 96 -0.0483663 -0.15708 1.04643 37
 -0.0733745 -0.148603 1.03998 181 -0.0687917 -0.116765 1.01706 16 -0.0548883 -0.067921 1.03394 2
 -0.0679942 -0.104154 1.01997 33 -0.0650931 -0.0624378 1.02217 28 -0.0559193 -0.147943 1.04042 3
 -0.058253 -0.0950314 1.02761 12 -0.0439604 0.00277333 1.00599 1
 -0.0670728 -0.08625 1.01511 134 -0.0393715 -0.104364 1.01932 33 -0.072463 -0.145595 1.02848 22
 -0.0588663 -0.094643 1.01393 13 -0.0719733 -0.10894 1.02488 6 -0.0793591 -0.137704 1.04773 4
 -0.0564117 -0.0776765 1.0129 60 -0.079285 -0.160333 1.05539 47 -0.0696035 -0.120378 1.01298 24
