 -0.206476 -0.0632588 1.00609 196 -0.177685 -0.167467 1.01354 4
 -0.204313 -0.0751531 1.01166 200
 -0.199613 -0.0904337 1.01962 200
 -0.19491 -0.100335 1.02494 174 -0.151259 -0.0343717 1.00966 11 -0.177698 -0.176619 1.02404 10
 -0.190489 -0.105342 1.02679 147 -0.165432 -0.132298 1.02933 33 -0.178949 -0.175503 1.03293 12
 -0.189733 -0.117575 1.02515 164 -0.164617 -0.152695 1.02834 31 -0.16909 -0.148052 1.02834 3
 -0.164242 -0.0370498 1.00918 171 -0.13487 -0.0393534 1.00125 28 -0.170211 -0.0808266 1.03307 1
 -0.169758 -0.0478441 1.01846 200
 -0.171107 -0.0648391 1.02927 198 -0.135712 -0.0854076 1.00842 2
 -0.171125 -0.0755918 1.03104 166 -0.140405 -0.0545686 1.00784 23 -0.172429 -0.158914 1.0242 10
 -0.167099 -0.0879811 1.0354 200
 -0.166968 -0.0990212 1.04001 175 -0.178496 -0.14873 1.03232 12 -0.164699 -0.137176 1.04186 12
 -0.139494 -0.0337445 1.00308 114 -0.157556 -0.0296229 1.00573 71 -0.145006 -0.0323382 1.00382 10
 -0.145416 -0.046056 1.01169 126 -0.149287 -0.0484905 1.01419 61 -0.133547 -0.0928966 1.03781 7
 -0.151704 -0.0655991 1.02447 187 -0.122467 -0.101647 1.00411 6 -0.140186 -0.129628 1.04711 2
 -0.14765 -0.0844851 1.03693 37 -0.15125 -0.0995949 1.0396 36 -0.147451 -0.0795378 1.03512 33
 -0.148725 -0.0715341 1.03698 145 -0.138918 -0.120262 1.04677 53 -0.146118 -0.102497 1.04716 2
 -0.146031 -0.101735 1.05051 200
 -0.135679 -0.0303454 1.00014 94 -0.101054 -0.0881654 0.990498 83 -0.165525 -0.032227 1.0087 23
 -0.110254 -0.0896065 0.99963 98 -0.138334 -0.0427831 1.00372 72 -0.164582 -0.0415017 1.01716 28
 -0.147998 -0.0552284 1.01998 125 -0.11244 -0.110816 1.00195 51 -0.112976 -0.0748798 1.01843 14
 -0.160886 -0.06542 1.02365 93 -0.119593 -0.130954 1.03497 36 -0.121891 -0.0843349 1.0293 33
 -0.127153 -0.0896176 1.04018 126 -0.126987 -0.0858777 1.03693 36 -0.143577 -0.0654982 1.03441 36
 -0.13934 -0.105847 1.05832 107 -0.143699 -0.127602 1.03771 45 -0.139516 -0.0909768 1.0384 25
 -0.0969812 -0.0898031 0.991833 171 -0.138654 -0.0209354 1.00162 15 -0.10861 -0.109344 1.03941 11
 -0.104335 -0.100598 0.999616 186 -0.155026 -0.0514936 1.02329 7 -0.116905 -0.108799 1.07292 4
 -0.106811 -0.120948 1.02094 200
 -0.115857 -0.134422 1.03431 171 -0.121148 -0.0851103 1.00625 15 -0.138263 -0.201549 1.126 10
 -0.12128 -0.152242 1.03788 200
 -0.138015 -0.167064 1.0426 178 -0.131529 -0.11649 1.05431 11 -0.158275 -0.184768 1.03259 1
 -0.145455 -0.175695 1.04734 80 -0.147135 -0.182185 1.05729 65 -0.146124 -0.177943 1.05059 31
 -0.136632 -0.198597 1.12905 11 -0.143177 -0.180776 1.07795 7 -0.130606 -0.15932 1.03777 4
 -0.156757 -0.121761 1.04885 151 -0.153213 -0.152734 1.03884 45 -0.145109 -0.0666226 1.04034 3
 -0.173699 -0.129952 1.03799 200
 -0.157879 -0.168195 1.03967 3 -0.179037 -0.166674 1.03798 2
 -0.157802 -0.176645 1.04586 63 -0.161168 -0.134537 1.04197 23 -0.157459 -0.18603 1.06067 18
