 -0.0115627 -0.0707861 0.956651 139 -0.00667482 -0.114625 0.973695 29 0.0786739 -0.0931042 0.912358 29
 -0.0104006 -0.0817841 0.960046 128 0.0208211 -0.122117 0.969134 29 -0.0066163 -0.125862 0.975471 21
 -0.00223813 -0.102072 0.970312 179 0.0530418 -0.106378 0.918096 20 0.0568635 -0.120028 0.998299 1
 0.000215886 -0.112285 0.976202 197 0.0541291 -0.122472 0.995799 3
 0.00403299 -0.123227 0.980235 197 0.0404909 -0.180207 0.988343 3
 0.00125762 -0.124772 0.980048 185 0.0311815 -0.168225 0.985415 15
 0.034538 -0.100299 0.961143 81 0.0374608 -0.0778376 0.909639 48 0.0300211 -0.157635 0.985961 18
 0.0289398 -0.102169 0.965676 53 0.0288429 -0.0987646 0.960124 51 0.0195437 -0.143945 0.978821 23
 0.0324045 -0.105777 0.967739 76 0.0507436 -0.121892 0.980084 49 0.0327776 -0.0999475 0.961199 42
 0.0249713 -0.102571 0.963293 97 0.0589169 -0.114542 0.982248 49 0.0224816 -0.182686 0.985357 21
 0.0616555 -0.130347 0.989623 79 0.0267847 -0.109089 0.974569 48 0.0345311 -0.131938 0.983196 44
 0.0456923 -0.135764 0.99397 62 0.0303207 -0.116645 0.980858 57 0.0413456 -0.141583 0.992455 52
 0.0372982 -0.0767979 0.910121 64 0.0684149 -0.0930768 0.916228 33 -0.00832526 -0.0779351 0.958561 33
 0.0534514 -0.0887555 0.928554 41 0.0379893 -0.0971452 0.964081 36 0.0338569 -0.0857395 0.91554 22
 0.0418354 -0.10625 0.972435 112 0.0530548 -0.120881 0.985501 49 0.0411579 -0.0887813 0.906723 12
 0.0377236 -0.125753 0.982746 117 0.024 -0.11122 0.968991 23 0.0754368 -0.14032 0.97794 16
 0.0534126 -0.128501 0.98904 52 0.0446953 -0.12861 0.989889 47 0.03133 -0.111673 0.978306 42
 0.041194 -0.129927 0.993238 193 0.0297059 -0.0992838 0.971953 7
 0.0724722 -0.0935274 0.921984 119 -0.0137181 -0.0749263 0.954265 44 0.0862629 -0.145634 0.924091 19
 0.069423 -0.0993721 0.931015 128 -0.00947755 -0.084283 0.962681 38 0.0620347 -0.106666 0.979295 17
 0.0630591 -0.11922 0.983938 84 0.0672512 -0.156997 0.974727 39 0.069956 -0.107035 0.916824 26
 0.0682541 -0.134256 0.988943 86 0.0594584 -0.0886425 0.931549 32 0.055276 -0.160464 0.983154 28
 0.064858 -0.114798 0.98598 145 -0.000732812 -0.128634 0.980281 36 0.0407329 -0.083947 0.964676 10
 0.0526293 -0.137923 0.995063 60 0.031216 -0.117586 0.984619 30 0.0270172 -0.111979 0.980638 26
 0.0723483 -0.0841727 0.921933 73 0.0968737 -0.147987 0.928966 53 -0.0108494 -0.0728163 0.961172 52
 0.0898268 -0.146582 0.934656 56 0.0673535 -0.098169 0.927655 55 0.0748683 -0.156263 0.974383 28
 0.0721676 -0.155242 0.974106 199 0.0655381 -0.133908 0.919942 1
 0.062629 -0.152919 0.978131 126 0.0584239 -0.155934 0.980299 66 0.00459697 -0.117469 0.97942 7
 0.0476752 -0.175209 0.994705 185 0.0695687 -0.152064 0.973812 15
 0.0357768 -0.166215 0.989182 195 -0.00449842 -0.200374 1.04858 5
 0.00346944 -0.18147 1.03885 86 0.0155934 -0.1911 1.01344 35 0.0095898 -0.166335 0.994477 28
 0.00742345 -0.18428 1.02261 36 0.0334747 -0.186591 1.01074 4
 0.0467682 -0.140538 0.99403 119 0.00398595 -0.101317 0.98135 2
 0.0105927 -0.134401 0.986341 191 0.0144781 -0.173124 0.974991 6 0.0107393 -0.091283 0.961687 2
 0.0342941 -0.144326 0.999738 16 0.0114444 -0.111755 0.973794 6
 0.0135574 -0.187724 1.01046 16 0.00891814 -0.183045 1.01374 15 0.0214432 -0.207399 1.03239 14
