 0.0140976 -0.05146 0.892573 103 -0.00495341 -0.0687797 0.924038 44 0.0167059 -0.0892187 0.921478 32
 0.00537822 -0.0543544 0.902757 131 0.0208524 -0.0353 0.882117 19 0.0247911 -0.0413109 0.867639 17
 0.00112215 -0.0565888 0.90836 150 0.0326502 -0.0333435 0.863834 31 0.012956 -0.113153 0.944659 7
 0.00356992 -0.0506116 0.909821 100 -0.0321193 -0.126141 0.959334 31 -0.0174008 -0.062581 0.915528 18
 -0.00876536 -0.0625807 0.918615 62 -0.00429418 -0.0598823 0.919164 55 0.00664284 -0.101101 0.938901 34
 -0.00499888 -0.0580861 0.917157 92 0.00111195 -0.0885324 0.928288 55 -0.0251246 -0.0892061 0.928313 29
 0.0275873 -0.0499005 0.878482 109 0.0254984 -0.0455506 0.88487 69 0.0449019 -0.0346059 0.880735 7
 0.0195004 -0.0537194 0.915995 67 0.0193499 -0.0484234 0.910239 55 0.0219714 -0.0446598 0.878709 39
 0.015281 -0.0547928 0.910205 63 0.0170737 -0.0689226 0.925687 58 0.0402758 -0.0531425 0.867716 42
 0.00799996 -0.049832 0.907583 98 0.0521913 -0.0445039 0.868829 31 0.030258 -0.0730962 0.938336 23
 0.0221971 -0.0850288 0.933274 59 -0.00302988 -0.0717921 0.921846 50 0.0138622 -0.0874006 0.924871 38
 0.0126089 -0.0782085 0.933495 99 0.0261113 -0.1063 0.927 79 0.00255584 -0.0924464 0.935077 10
 0.0283807 -0.0312731 0.884772 119 0.0464313 -0.0498606 0.870887 37 0.0631715 -0.0602708 0.938441 23
 0.0380632 -0.0392225 0.875029 80 0.0162579 -0.0432789 0.896422 36 0.0319391 -0.074591 0.926294 33
 0.0227207 -0.0669888 0.93114 98 0.0415019 -0.0331953 0.896735 68 0.0266601 -0.0597042 0.878961 33
 0.019155 -0.061372 0.919518 147 0.0334953 -0.032813 0.900908 34 0.0223968 -0.0545673 0.881083 5
 0.0362044 -0.06984 0.937608 60 0.0195784 -0.0666335 0.930206 58 0.0214547 -0.0699232 0.933111 47
 0.0284057 -0.072708 0.943668 186 0.027491 -0.0427023 0.911196 5 0.0247237 -0.0491992 0.879037 5
 0.0576654 -0.03776 0.868126 198 0.0720274 -0.106034 0.882812 1 0.0721941 -0.108887 0.907812 1
 0.0528714 -0.0446867 0.87153 179 0.049358 -0.0534625 0.928507 19 0.0652002 -0.105287 0.885409 1
 0.04729 -0.0513981 0.87298 60 0.0319948 -0.0373471 0.880735 50 0.047356 -0.0672423 0.935814 37
 0.0526052 -0.0526219 0.932836 101 0.03231 -0.0250898 0.896611 62 0.021242 -0.0595069 0.878107 18
 0.0457713 -0.0640857 0.937362 186 0.0427947 -0.0483021 0.873808 14
 0.04154 -0.0788989 0.947292 41 0.00857623 -0.127585 0.929058 17 0.0179294 -0.0963499 0.943719 5
 0.0704112 -0.106834 0.879807 81 0.0417613 -0.0370826 0.881368 61 0.0459048 -0.0454334 0.869041 36
 0.0550817 -0.108636 0.911368 51 0.0580513 -0.0969825 0.885069 36 0.0467079 -0.0519357 0.868715 30
 0.0457082 -0.0758112 0.928225 111 0.0491677 -0.110232 0.918821 80 -0.0397907 -0.154082 0.996835 3
 0.0434038 -0.0888565 0.935575 167 -0.00851566 -0.134599 0.972184 15 0.0529869 -0.108108 0.890817 7
 0.0283396 -0.102186 0.925893 136 0.0254498 -0.12032 0.937252 64
 0.00610607 -0.122778 0.9498 87 0.00786866 -0.119623 0.946428 46 0.0100739 -0.112009 0.94082 21
 -0.0230776 -0.120965 0.969415 155 -0.0369241 -0.143226 0.987893 25 0.0184786 -0.0889199 0.935808 9
 -0.0013017 -0.16422 1.01407 1 -0.0132641 -0.138506 0.97542 1 0.00821628 -0.134508 0.963555 1
 0.017902 -0.0752228 0.93359 35 -0.0399768 -0.096379 0.93581 3 0.00106162 -0.100728 0.93557 3
 -0.0100717 -0.107422 0.942218 84 0.00419499 -0.0667158 0.920739 27 0.0163048 -0.0807328 0.942475 22
 0.00426992 -0.0872804 0.933671 26 0.0572538 -0.0414696 0.885635 2
 -0.020987 -0.127571 0.969574 54 0.00297469 -0.112963 0.927631 26 -0.0110348 -0.0899046 0.943756 2
