 0.0238387 -0.234439 1.07963 168 0.11328 -0.201432 1.04709 8 0.178246 -0.152011 1.04157 6
 0.0978237 -0.198075 0.991293 44 0.0283033 -0.237948 1.08963 34 0.0287631 -0.237499 1.08502 25
 0.105019 -0.211487 0.997197 66 0.0409406 -0.238551 1.06269 48 0.106576 -0.207727 0.953615 18
 0.0449923 -0.237602 1.07237 92 0.111369 -0.224531 0.98518 29 0.16605 -0.212577 1.03506 19
 0.0475189 -0.228344 1.0447 60 0.106396 -0.201017 1.00035 26 0.0903594 -0.227357 1.01945 23
 0.106319 -0.208044 0.996475 87 0.0501639 -0.232015 1.06011 62 0.0867283 -0.209367 1.00953 17
 0.129482 -0.19904 1.02999 62 0.102346 -0.188532 0.999981 38 0.120417 -0.221286 0.949377 24
 0.103708 -0.201917 0.99644 56 0.135819 -0.191635 1.04797 34 0.113444 -0.209764 0.975325 30
 0.094543 -0.213372 1.00201 48 0.158135 -0.207597 1.02581 34 0.0516857 -0.225793 1.06877 34
 0.0936008 -0.206841 1.01558 74 0.157605 -0.228199 1.01454 46 0.0894773 -0.205928 1.01727 28
 0.0490094 -0.212908 1.06649 83 0.143193 -0.219104 1.01957 33 0.112844 -0.206401 0.999314 28
 0.0592171 -0.224082 1.07115 69 0.0837846 -0.224349 1.03939 67 0.152629 -0.208728 1.03475 12
 0.179995 -0.156419 1.04488 160 0.0838631 -0.239934 1.04519 9 0.144878 -0.196153 1.04056 8
 0.159503 -0.158071 1.03392 46 0.179501 -0.174774 1.03527 42 0.166085 -0.190281 1.03546 30
 0.158511 -0.205326 1.0356 155 0.127784 -0.188931 1.04762 11 0.205102 -0.218008 1.00095 9
 0.14531 -0.204036 1.04695 69 0.160911 -0.189461 1.03452 50 0.102009 -0.206282 1.00571 18
 0.151837 -0.202327 1.04447 63 0.147124 -0.20377 1.00732 53 0.152464 -0.216972 1.01225 22
 0.137293 -0.20737 1.04746 53 0.13479 -0.199209 1.01567 51 0.0725336 -0.202843 1.01893 35
 0.179497 -0.154754 1.03794 166 0.174421 -0.204489 1.02646 21 0.220972 -0.22985 0.995601 7
 0.175199 -0.165082 1.04502 187 0.159611 -0.208919 1.03135 7 0.15359 -0.224207 1.00535 4
 0.170826 -0.182526 1.03695 160 0.0896356 -0.208737 1.02272 14 0.199563 -0.233198 1.00435 10
 0.164317 -0.189459 1.03782 165 0.169486 -0.217934 1.01893 17 0.0291364 -0.230975 1.06992 12
 0.16526 -0.200846 1.03917 193 0.134977 -0.19687 1.01237 5 0.120451 -0.206767 1.04262 1
 0.169323 -0.205661 1.0386 12 0.0615061 -0.232897 1.04946 10 0.137332 -0.194466 1.05145 6
 0.21013 -0.229857 0.998381 159 0.178036 -0.160855 1.04158 41
 0.189194 -0.22705 1.00412 148 0.165071 -0.176774 1.03915 48 0.0236882 -0.229481 1.09613 3
 0.161623 -0.22628 0.997669 122 0.161967 -0.192795 1.03098 28 0.137561 -0.216848 0.944884 26
 0.139881 -0.221321 1.00421 164 0.114285 -0.208616 0.951363 26 0.158893 -0.201812 1.02851 5
 0.126217 -0.212773 0.97162 3 0.0504044 -0.249726 1.0794 2 0.0736755 -0.245317 1.07157 2
 0.0805617 -0.237714 1.05031 142 0.151393 -0.21278 1.02353 27 0.147073 -0.218581 1.01682 24
 0.0637095 -0.230493 1.05991 155 0.101534 -0.210046 0.99978 23 0.134517 -0.203353 1.01652 10

 0.168762 -0.212645 1.0344 4 0.13808 -0.195503 1.02555 1
 0.110449 -0.209289 1.00929 35 0.0727768 -0.237702 1.05432 29 0.0562166 -0.21343 1.03325 29
 0.157851 -0.197685 1.03561 21 0.136092 -0.213092 1.04132 4 0.0789159 -0.222856 1.05649 1
 0.138647 -0.209136 1.05453 22 0.100117 -0.197824 1.00915 19 0.0502538 -0.215671 1.07094 1
