 -0.177899 -0.0365145 0.907559 196 -0.113566 -0.127359 0.928676 4
 -0.17815 -0.0480361 0.910618 195 -0.123083 -0.120553 0.92892 4 -0.161641 -0.0577871 0.936088 1
 -0.174173 -0.0621321 0.918155 161 -0.161347 -0.0863559 0.934474 31 -0.132058 -0.104589 0.924817 4
 -0.169093 -0.105029 0.94119 96 -0.170739 -0.0760791 0.92896 96 -0.0959266 -0.127169 0.99719 5
 -0.167439 -0.0841247 0.94005 86 -0.164069 -0.108389 0.949092 43 -0.155864 -0.0914156 0.923189 21
 -0.110405 -0.122448 0.965974 61 -0.119375 -0.107232 0.990987 26 -0.100728 -0.122376 0.966009 25
 -0.132635 -0.0428585 0.884922 101 -0.126138 -0.0282026 0.941948 62 -0.172972 -0.0446376 0.908208 16
 -0.136809 -0.052716 0.891974 127 -0.138791 -0.04302 0.932853 53 -0.17683 -0.0780509 0.935517 5
 -0.137668 -0.0641532 0.896879 53 -0.141087 -0.0562403 0.934562 44 -0.142668 -0.0923374 0.924187 34
 -0.15239 -0.072149 0.934744 63 -0.139549 -0.0569667 0.893157 45 -0.149707 -0.0710811 0.971082 37
 -0.143852 -0.0814578 0.975698 61 -0.172506 -0.10329 0.955953 40 -0.136128 -0.106444 0.932507 22
 -0.138965 -0.096884 0.970716 139 -0.14031 -0.104745 0.936808 43 -0.109777 -0.131645 0.952444 7
 -0.123593 -0.0262628 0.935427 199 -0.0849019 -0.123507 1.00136 1
 -0.129771 -0.0360278 0.936861 143 -0.12927 -0.0429254 0.883034 29 -0.127425 -0.052124 0.95857 21
 -0.136463 -0.0605021 0.891857 62 -0.143376 -0.0689507 0.97522 54 -0.139111 -0.0538265 0.937248 48
 -0.137962 -0.0701925 0.975615 81 -0.141074 -0.0670519 0.899769 73 -0.142127 -0.0553411 0.93537 26
 -0.129634 -0.0860707 0.980548 139 -0.152908 -0.0884417 0.929312 14 -0.121441 -0.0995901 0.924687 13
 -0.13743 -0.0878852 0.979703 133 -0.153286 -0.0460808 0.933483 18 -0.133782 -0.0987383 0.915176 17
 -0.125737 -0.0256539 0.937797 184 -0.0961071 -0.144025 1.00779 11 -0.0866315 -0.123568 0.994638 3
 -0.130651 -0.0359147 0.940514 185 -0.121683 -0.067565 0.984287 8 -0.108398 -0.17783 1.0476 4
 -0.120618 -0.0639689 0.978922 77 -0.102381 -0.117184 0.988424 53 -0.133778 -0.0442095 0.936552 24
 -0.116302 -0.076734 0.990024 60 -0.0971892 -0.122779 0.996291 29 -0.124464 -0.0580187 0.977547 28
 -0.115963 -0.101741 1.0007 35 -0.1123 -0.0704155 0.992385 33 -0.135588 -0.0591096 0.97588 28
 -0.145307 -0.0997477 0.903009 82 -0.141959 -0.1115 0.941805 39 -0.117783 -0.107565 0.969492 33
 -0.132861 -0.0285696 0.941218 144 -0.098884 -0.148823 1.01355 17 -0.0975992 -0.19483 1.06089 7
 -0.12517 -0.107149 0.937955 88 -0.132593 -0.050059 0.949998 45 -0.106018 -0.174696 1.04416 18
 -0.118624 -0.112705 0.955752 73 -0.106644 -0.178507 1.03802 37 -0.125306 -0.07383 0.988843 32
 -0.122843 -0.113098 0.958508 91 -0.109839 -0.114798 0.971072 36 -0.136215 -0.0792142 0.968277 21
 -0.109408 -0.10817 0.974181 35 -0.112107 -0.11111 0.969663 34 -0.119259 -0.0723024 1.0043 24
 -0.135538 -0.109658 0.939805 72 -0.108951 -0.125401 0.99339 57 -0.11945 -0.0848699 0.981147 18
 -0.11877 -0.139545 1.01955 116 -0.141277 -0.142898 1.04299 46 -0.168218 -0.0811173 0.932724 11
 -0.0992183 -0.138283 1.0181 3
 -0.109204 -0.144263 1.02638 10 -0.145731 -0.0791044 0.974193 3 -0.129027 -0.107122 0.958613 2
 -0.151203 -0.103022 0.936467 36 -0.157026 -0.116189 0.936346 25 -0.140451 -0.10742 0.974887 16
 -0.109707 -0.133829 1.01031 1 -0.105278 -0.122914 0.96831 1
 -0.139058 -0.154375 1.03909 32 -0.138398 -0.0602889 0.902591 15 -0.135961 -0.0755637 0.890028 1
