 -0.185237 0.00667988 0.978137 87 -0.23519 -0.0593873 0.974956 78 -0.207321 -0.0707235 0.979636 30
 -0.230741 -0.0662814 0.982443 113 -0.189968 -0.00409968 0.984034 84 -0.122311 -0.0402663 1.01457 1
 -0.216521 -0.0751852 0.995459 108 -0.233486 -0.0575921 0.981081 81 -0.188187 -0.0148349 0.988621 6
 -0.210227 -0.0745097 0.997455 169 -0.190349 -0.0368764 0.997691 16 -0.122636 -0.127441 1.02186 8
 -0.202335 -0.0781778 1.00153 84 -0.20411 -0.0730147 1.00161 44 -0.194517 -0.0525371 1.00229 31
 -0.178017 -0.0963918 1.00267 145 -0.197351 -0.068358 1.00344 32 -0.161501 -0.038402 1.02999 8
 -0.20598 -0.0102046 0.970454 134 -0.135838 -0.0146288 0.992558 48 -0.188263 -0.0281334 1.00311 15
 -0.206669 -0.0247423 0.980577 192 -0.160078 -0.113086 0.992598 6 -0.138113 -0.0212071 1.00637 2
 -0.200122 -0.0379516 0.996369 67 -0.200797 -0.0305417 0.990288 54 -0.148845 -0.0335671 0.995091 27
 -0.198011 -0.0487056 1.00069 77 -0.202475 -0.0414531 0.994326 56 -0.131396 -0.0580138 1.00676 40
 -0.154149 -0.0917424 1.014 57 -0.203589 -0.0453813 1.00495 55 -0.168998 -0.052253 1.0214 30
 -0.169619 -0.06209 1.02557 137 -0.192317 -0.060321 1.01724 29 -0.12873 -0.0941247 1.0068 22
 -0.135428 -0.0199963 0.991189 131 -0.183123 0.00222615 0.982221 54 -0.186017 -0.00317079 1.0231 13
 -0.193437 -0.0109494 0.988418 122 -0.13862 -0.0294259 0.996904 52 -0.187602 -0.0200255 1.0284 19
 -0.203449 -0.0322556 0.999585 62 -0.190609 -0.0151336 0.986344 43 -0.189533 -0.0204302 0.992504 34
 -0.190175 -0.0550787 1.00943 65 -0.119127 -0.0806829 1.00778 36 -0.18653 -0.0256904 0.997721 25
 -0.135267 -0.105973 1.00944 42 -0.120614 -0.0703954 1.02923 34 -0.193977 -0.0327266 1.00728 25
 -0.145118 -0.101392 1.0164 54 -0.177564 -0.0671801 1.03199 47 -0.154022 -0.0555117 1.03505 43
 -0.133266 -0.0150177 0.990919 150 -0.181236 0.00341299 0.981705 31 -0.184956 -0.0111728 1.02315 10
 -0.131381 -0.0245076 0.999506 79 -0.128991 -0.0278131 1.00076 70 -0.188413 -0.0112976 0.986942 33
 -0.129755 -0.0353969 1.00266 111 -0.107615 -0.150841 1.0624 52 -0.202796 -0.0267773 0.984958 10
 -0.140648 -0.0251113 0.999616 37 -0.0925687 -0.154455 1.07178 33 -0.128136 -0.0582603 1.01564 32
 -0.138849 -0.0389538 1.01256 130 -0.138235 -0.0679483 1.01093 24 -0.191952 -0.0233413 1.03748 13
 -0.169401 -0.0504888 1.03758 47 -0.122936 -0.102603 1.01609 40 -0.134704 -0.0704138 1.02436 23
 -0.12953 -0.0176144 0.998297 79 -0.187858 0.00388377 0.984288 50 -0.123231 -0.0387542 1.00914 36
 -0.131807 -0.0352948 1.00847 127 -0.107097 -0.169479 1.04904 46 -0.103375 -0.145482 1.05783 14
 -0.129833 -0.0609406 1.0142 69 -0.129717 -0.0562632 1.01523 60 -0.116667 -0.0837157 1.02095 28
 -0.124639 -0.0624737 1.0237 61 -0.17561 -0.100508 1.00559 20 -0.132964 -0.0422653 1.01989 19
 -0.115293 -0.083357 1.02563 36 -0.129855 -0.111318 1.01355 24 -0.130378 -0.0630272 1.01801 9
 -0.121589 -0.101924 1.01836 131 -0.110078 -0.113886 1.03551 38 -0.14581 -0.0440708 1.00771 14
 -0.127991 -0.134782 1.02898 125 -0.157646 -0.0973517 1.00644 71 -0.161019 -0.072123 1.02514 3
 -0.134463 -0.132818 1.01675 11
 -0.172863 -0.0675532 1.0359 87 -0.139851 -0.0833092 1.02183 42 -0.115934 -0.129837 1.05171 30
 -0.177516 -0.0800734 1.01868 199 -0.121166 -0.0765538 1.01524 1
 -0.142944 -0.122441 1.01723 18 -0.130393 -0.087909 1.00816 14 -0.141328 -0.0285169 0.99106 3
 -0.117068 -0.130626 1.03746 9 -0.146246 -0.136643 1.03039 5 -0.148549 -0.0977783 1.01266 5
