 -0.152207 -0.0977422 0.82191 113 -0.13355 -0.110967 0.903406 36 -0.143027 -0.16232 0.842375 18
 -0.15244 -0.107489 0.82685 98 -0.14859 -0.154403 0.84114 29 -0.135512 -0.10787 0.885949 23
 -0.135303 -0.157313 0.880288 62 -0.14904 -0.122103 0.873158 53 -0.154395 -0.106961 0.828394 21
 -0.139826 -0.126159 0.883456 36 -0.127263 -0.165555 0.893 33 -0.143272 -0.154755 0.852073 30
 -0.136089 -0.122343 0.891669 59 -0.118512 -0.170287 0.899581 50 -0.129579 -0.150426 0.893953 29
 -0.106913 -0.168387 0.910108 81 -0.0505616 -0.159874 0.923344 38 -0.148541 -0.119515 0.871473 29
 -0.114583 -0.105334 0.90686 66 -0.132366 -0.101801 0.882298 50 -0.0853417 -0.15422 0.909427 20
 -0.136133 -0.111159 0.883456 106 -0.122135 -0.105796 0.913232 44 -0.147695 -0.14125 0.860974 16
 -0.132545 -0.11821 0.893959 63 -0.132379 -0.113819 0.889897 48 -0.143769 -0.12759 0.877742 32
 -0.134261 -0.112922 0.893636 164 -0.154164 -0.127688 0.875054 14 -0.101916 -0.182709 0.913453 10
 -0.129528 -0.119769 0.900027 171 -0.0991705 -0.157333 0.91652 20 -0.102815 -0.143935 0.913524 4
 -0.12741 -0.130051 0.906246 85 -0.0767721 -0.157194 0.906743 51 -0.118469 -0.143836 0.912592 32
 -0.0732962 -0.0985088 0.857774 97 -0.0620726 -0.225851 0.97781 20 -0.0618326 -0.228945 0.983537 20
 -0.110496 -0.107612 0.899597 51 -0.0915332 -0.117773 0.895271 49 -0.139641 -0.119659 0.889269 35
 -0.111367 -0.1242 0.908906 164 -0.0715008 -0.183262 0.928267 31 -0.0631324 -0.194738 0.954332 4
 -0.111859 -0.109215 0.908164 110 -0.120333 -0.142105 0.905356 29 -0.0815686 -0.15598 0.917719 22
 -0.109067 -0.128593 0.90788 200
 -0.110762 -0.130606 0.91609 65 -0.0871845 -0.142099 0.913363 55 -0.118315 -0.107021 0.917007 49
 -0.0746878 -0.160276 0.905418 51 -0.0883007 -0.145905 0.905485 34 -0.039669 -0.207259 0.994096 34
 -0.054698 -0.119373 0.902156 75 -0.124446 -0.111693 0.906827 45 -0.0742278 -0.125529 0.896371 18
 -0.121101 -0.105484 0.90093 88 -0.0542444 -0.130354 0.911776 46 -0.0863193 -0.109253 0.900338 22
 -0.0626957 -0.107554 0.896534 54 -0.105363 -0.110787 0.91067 32 -0.0440936 -0.158267 0.957065 28
 -0.0783205 -0.124439 0.906451 156 -0.131942 -0.109642 0.896043 16 -0.107368 -0.11307 0.91691 11
 -0.123784 -0.157879 0.907497 22 -0.101069 -0.133301 0.91376 18 -0.0881594 -0.132527 0.902036 17
 -0.0428863 -0.234878 0.999441 64 -0.0454158 -0.223284 0.980622 47 -0.1016 -0.0956633 0.893208 31
 -0.0612288 -0.20955 0.988269 56 -0.05759 -0.221071 1.00664 55 -0.0750307 -0.112719 0.887914 21
 -0.0719782 -0.117478 0.898317 139 -0.0845957 -0.186572 0.913513 46 -0.0610094 -0.145943 0.942822 15
 -0.069112 -0.127979 0.910441 99 -0.103308 -0.181343 0.918394 87 -0.0580914 -0.159614 0.955125 14
 -0.068679 -0.13175 0.909776 129 -0.061199 -0.14553 0.946048 37 -0.0984005 -0.178259 0.917434 30
 -0.0843765 -0.149557 0.917132 123 -0.0643876 -0.161634 0.930299 50 -0.0667944 -0.158173 0.927567 11
 -0.0917637 -0.170612 0.915712 88 -0.0616265 -0.162914 0.940826 78 -0.126147 -0.138049 0.888969 23
 -0.0609468 -0.160679 0.944002 61 -0.108487 -0.145864 0.89052 5 -0.0574696 -0.178206 0.975896 1
 -0.107815 -0.141251 0.918677 50 -0.120528 -0.152762 0.911881 40 -0.0801786 -0.143558 0.919188 7
 -0.119962 -0.150566 0.904233 198 -0.0617128 -0.157206 0.910748 2
 -0.110161 -0.150825 0.917774 20 -0.0988798 -0.164927 0.917822 19
 -0.119326 -0.153591 0.897061 8 -0.114574 -0.111872 0.916539 3 -0.12348 -0.1058 0.89194 1
