 -0.127619 -0.0917902 1.02067 59 -0.0934532 -0.00083087 1.00487 45 -0.123445 -0.127871 1.03092 40
 -0.100231 -0.011477 1.00551 62 -0.125231 -0.0899936 1.01441 37 -0.130911 -0.0643986 0.998199 30
 -0.133593 -0.0930288 1.02242 89 -0.128956 -0.0756557 1.01107 80 -0.108174 -0.0260659 1.00798 11
 -0.132746 -0.0999907 1.02707 65 -0.132698 -0.0834765 1.02097 46 -0.108401 -0.0558573 1.01014 39
 -0.129556 -0.104987 1.02926 49 -0.112693 -0.0649144 1.01538 48 -0.0935674 -0.136853 1.02635 47
 -0.123253 -0.0825282 1.02279 110 -0.133375 -0.103081 1.02667 48 -0.133746 -0.0966889 1.02663 29
 -0.108654 -0.0210618 1.0045 164 -0.104936 -0.0179942 1.00457 14 -0.0950233 -0.138387 1.01614 11
 -0.116645 -0.0380078 1.00932 115 -0.109193 -0.028821 1.01047 77 -0.0826791 -0.0384906 1.03091 4
 -0.114654 -0.0513423 1.0042 73 -0.109183 -0.051066 1.01979 43 -0.110916 -0.0546047 1.02068 35
 -0.118944 -0.0650609 1.01059 103 -0.100829 -0.0485169 1.0241 40 -0.103692 -0.13346 1.02716 23
 -0.108595 -0.0578972 1.03256 134 -0.110551 -0.107389 1.0364 50 -0.122739 -0.164386 1.05525 8
 -0.11524 -0.118938 1.03738 99 -0.108592 -0.0768256 1.03519 46 -0.123272 -0.0938046 1.03595 31
 -0.096979 -0.00762149 1.00643 200
 -0.102236 -0.0221484 1.01497 200
 -0.105838 -0.0473424 1.0278 107 -0.106862 -0.0558347 1.03223 85 -0.114709 -0.170248 1.06131 7
 -0.108967 -0.0753205 1.03955 98 -0.10583 -0.0531988 1.03183 38 -0.100499 -0.0257663 1.01607 33
 -0.106738 -0.0654905 1.04005 68 -0.112575 -0.106292 1.0422 41 -0.0893807 -0.059725 1.03463 31
 -0.113027 -0.09407 1.04485 55 -0.109286 -0.0813493 1.04331 44 -0.114816 -0.150023 1.04371 34
 -0.0645065 -0.0286193 0.996352 101 -0.09411 -0.00398532 1.00569 99
 -0.0703427 -0.0412052 1.02081 96 -0.0694614 -0.0388079 1.01492 94 -0.0943684 -0.0180754 1.00912 6
 -0.0741283 -0.054639 1.03149 176 -0.100659 -0.0509157 1.03282 12 -0.0845196 -0.0830138 1.02307 5
 -0.0779579 -0.058989 1.0363 193 -0.115909 -0.0321705 1.005 3 -0.0879286 -0.0967955 0.996613 2
 -0.0872305 -0.0629437 1.04526 173 -0.0865637 -0.115073 1.02297 23 -0.0863574 -0.0429367 1.00824 2
 -0.0931843 -0.0855116 1.05394 70 -0.0852217 -0.099167 0.998381 38 -0.0842445 -0.137967 1.02122 11
 -0.0982109 -0.00576416 1.00671 76 -0.0808695 -0.0934681 0.985485 59 -0.0676676 -0.0444 1.00991 35
 -0.082007 -0.111602 1.00785 78 -0.0806125 -0.108058 1.00462 67 -0.129782 -0.203351 1.07246 19
 -0.0766449 -0.108035 1.01031 194 -0.0953174 -0.0700751 1.04647 2 -0.078325 -0.0906536 1.06168 2
 -0.0844381 -0.127993 1.02464 124 -0.0889749 -0.0490827 1.0305 63 -0.0836504 -0.10499 1.05581 12
 -0.0896149 -0.143684 1.03502 120 -0.133942 -0.143187 1.04597 29 -0.0895582 -0.162269 1.07655 14
 -0.101727 -0.146555 1.03458 167 -0.087232 -0.102883 1.05174 8 -0.0668517 -0.0645964 1.02611 1
 -0.120762 -0.168833 1.0641 106 -0.114019 -0.155296 1.0413 32 -0.114357 -0.0892939 1.04925 23
 -0.100092 -0.166065 1.07519 12 -0.100724 -0.155422 1.0428 11 -0.0996761 -0.107232 1.02343 4
 -0.110138 -0.106806 1.04731 97 -0.113809 -0.131583 1.04032 29
 -0.125606 -0.120509 1.03893 86 -0.125525 -0.11618 1.0393 61 -0.1203 -0.0829644 1.03532 50
 -0.117079 -0.131029 1.02745 19
 -0.130817 -0.162954 1.06334 26 -0.126462 -0.15334 1.04742 25 -0.108062 -0.0992348 1.04869 18
