 -0.122558 0.00989421 1.10926 83 -0.113831 -0.161847 1.14385 76 0.0126118 -0.0156842 1.06298 23
 0.00698255 -0.0256695 1.06154 66 -0.123396 -0.0012386 1.11204 54 -0.115445 -0.151481 1.14357 38
 -0.00461757 -0.0379743 1.06486 115 -0.0603387 0.0235789 1.03497 35 -0.12369 -0.010401 1.10637 19
 -0.01398 -0.0427551 1.0636 126 -0.052267 0.0293605 1.03797 32 -0.0832027 0.00650977 1.03888 21
 -0.0197334 -0.046752 1.06024 151 -0.0528006 0.0251377 1.04157 27 -0.084694 0.00133475 1.05038 10
 -0.0269299 -0.0590417 1.06743 133 -0.0694525 -0.0724722 1.05758 12 -0.0625165 -0.0946955 1.07467 12
 -0.0507459 -0.0526059 1.05962 46 -0.0501338 0.0438778 1.03495 37 -0.0684881 0.0285675 1.0342 30
 -0.0703943 0.0126932 1.03785 104 -0.0274392 0.00730193 1.04014 52 -0.0680874 -0.0255437 1.0517 20
 -0.0689936 0.0073323 1.0389 60 -0.06929 0.00313532 1.04005 56 -0.0297316 0.00388734 1.04118 42
 -0.0326934 -0.00213312 1.04229 79 -0.0735772 0.0198425 1.0444 54 -0.0688251 -0.017387 1.05135 29
 -0.0386596 -0.0206202 1.05523 114 -0.0692386 -0.0320948 1.05914 46 -0.0604549 -0.018906 1.04322 19
 -0.0505847 -0.0270234 1.05094 73 -0.0475026 -0.0242739 1.0489 33 -0.0374722 -0.0118303 1.0417 31
 -0.0487213 0.0436877 1.03464 98 -0.0398021 0.0370794 1.01051 82 -0.01116 0.0211495 1.04478 19
 -0.048354 0.0312241 1.01582 96 -0.0176337 0.0194185 1.0451 39 -0.0488146 0.00482742 1.02959 25
 -0.0486969 7.24416e-05 1.02947 92 -0.0535919 0.0172088 1.01599 44 -0.023811 0.0104212 1.05145 22
 -0.0507091 -0.00935111 1.0349 149 -0.0619782 0.0327312 1.04449 26 -0.0105809 0.0203273 1.05582 12
 -0.0567162 -0.00806145 1.04272 122 -0.0739281 -0.01798 1.06087 43 -0.0474744 0.0190944 1.01955 14
 -0.0774989 -0.0178593 1.06035 78 -0.064068 -0.017194 1.05469 40 -0.050084 -0.00279743 1.04094 21
 -0.00569677 0.0261706 1.04464 84 0.0131942 -0.0149643 1.06757 52 -0.0536228 0.0466594 1.0359 25
 -0.00895493 0.0158065 1.04765 75 0.00390691 -0.0215034 1.07231 38 -0.0588278 0.0355373 1.0396 22
 -0.0673833 0.0205543 1.03964 113 -0.019865 0.0152714 1.04549 39 -0.0464253 0.02919 1.01201 24
 -0.033906 -0.0879094 1.07071 77 -0.019565 0.0116813 1.04603 41 -0.00623193 -0.0249924 1.0691 33
 -0.076917 -0.00138981 1.05003 71 -0.0198422 0.0188153 1.05066 36 -0.0290964 -0.0539987 1.06683 23
 -0.0779736 -0.028687 1.0696 140 -0.0747874 -0.00314472 1.05742 26 -0.00907901 -0.0158018 1.07384 11
 0.00869235 -0.0160099 1.06825 119 -0.00714959 0.0255518 1.05035 25 -0.05183 0.0145253 1.02033 21
 -0.119222 -0.00953654 1.11324 102 -0.00326197 -0.0289792 1.06621 44 -0.0501257 0.000810769 1.03378 24
 -0.112763 -0.0306299 1.11408 109 -0.0169521 -0.0335222 1.04607 40 -0.0108982 -0.0287972 1.06981 17
 -0.107378 -0.0459411 1.10697 147 -0.0268782 -0.047577 1.07133 21 -0.0970312 -0.0790905 1.1038 15
 -0.0401234 -0.0770288 1.08365 122 -0.0339695 -0.0481324 1.06618 33 -0.0965885 -0.0648781 1.10293 17
 -0.0545599 -0.0713948 1.07398 72 -0.0531979 -0.0880885 1.08447 37 -0.059564 -0.121007 1.11594 30
 -0.0824648 -0.113039 1.11044 195 -0.0669734 -0.0368014 1.05956 4 -0.0712242 -0.0742843 1.07823 1
 -0.0883733 -0.0673549 1.10734 9 -0.0966043 -0.111906 1.13576 5 -0.0841688 -0.0420706 1.08677 5
 -0.0448818 -0.0188456 1.05577 101 -0.0587458 -0.0543658 1.06848 52 -0.0848391 -0.0588495 1.08639 19
 -0.0869429 -0.0385343 1.06358 128 -0.0529387 -0.0695829 1.0763 36 -0.0592511 -0.00353441 1.04147 28
 -0.0657523 -0.0502004 1.07137 99 -0.0826488 -0.0759466 1.09926 54 -0.0801515 -0.0731335 1.09532 37
 -0.0789901 -0.121379 1.11515 173 -0.0750272 -0.0339075 1.06908 18 -0.0825084 -0.0491658 1.08456 7
