 -0.129352 -0.0335334 0.869493 77 -0.17952 0.0185702 0.838445 47 -0.188513 0.0057896 0.775149 20
 -0.177951 -0.0234329 0.824215 82 -0.134239 -0.0394369 0.862241 58 -0.181706 0.00687723 0.829996 16
 -0.182767 -0.0308848 0.815058 71 -0.140153 -0.0550623 0.861727 37 -0.174968 -0.0241889 0.836759 33
 -0.181724 -0.0251508 0.826256 83 -0.167211 -0.0353938 0.841101 59 -0.150662 -0.0550369 0.85489 26
 -0.159225 -0.0380754 0.847995 89 -0.177834 -0.0227249 0.835706 72 -0.161542 -0.0354568 0.845577 16
 -0.179262 -0.0155504 0.834758 93 -0.145327 -0.0405126 0.854254 51 -0.149001 0.0197983 0.847439 33
 -0.158138 0.0278589 0.84401 73 -0.156319 -0.0129708 0.856112 51 -0.163682 0.024421 0.770841 39
 -0.168568 0.0263692 0.848523 92 -0.166952 0.00956248 0.775622 42 -0.148381 -0.0260721 0.848555 29
 -0.166531 0.0140913 0.839164 130 -0.121964 -0.0031282 0.848054 31 -0.163293 -0.0313275 0.843596 24
 -0.170743 0.0178799 0.842098 167 -0.137309 -0.00840219 0.846611 20 -0.156218 -0.0399839 0.852396 13
 -0.156469 -0.000496171 0.850985 113 -0.164851 0.0138461 0.840967 57 -0.127985 -0.00116928 0.855835 18
 -0.1551 0.00173684 0.851206 76 -0.124538 -0.0247988 0.868208 40 -0.127362 -0.0182794 0.845049 27
 -0.178952 0.0120074 0.769261 93 -0.177324 0.0277259 0.823644 46 -0.166915 0.0402179 0.834063 36
 -0.176604 0.0155986 0.832765 107 -0.169787 0.0244494 0.837359 48 -0.176906 0.0163636 0.77257 25
 -0.149707 0.014358 0.847129 169 -0.174211 0.00172525 0.841278 30 -0.104814 -0.00884555 0.89847 1
 -0.152986 0.0253712 0.847944 99 -0.179726 0.0148381 0.837613 60 -0.151981 -0.00917871 0.857392 16
 -0.15351 0.00285561 0.843406 146 -0.137379 -0.0191153 0.862529 31 -0.114455 -0.00204442 0.848647 13
 -0.143292 0.00332557 0.861711 102 -0.155511 0.020347 0.852718 34 -0.162757 -0.0225312 0.844204 27
 -0.0919191 -0.0724065 0.935831 94 -0.176334 0.0268045 0.821645 40 -0.112768 0.0242473 0.828908 19
 -0.0966031 -0.0598723 0.937101 73 -0.162379 0.0205814 0.835609 36 -0.161233 0.0264069 0.835523 29
 -0.144185 0.0222652 0.850037 101 -0.171684 0.0219889 0.834668 28 -0.16894 0.0184542 0.839798 16
 -0.163944 0.0328452 0.845279 102 -0.101997 -0.00805309 0.864232 27 -0.139042 0.0191434 0.840134 20
 -0.153371 0.018435 0.853077 93 -0.131379 0.000882116 0.853013 41 -0.177793 -0.0196305 0.825373 36
 -0.120471 -0.00342567 0.853045 25 -0.127459 0.00489552 0.840549 9 -0.147479 2.61466e-05 0.860111 7
 -0.0941758 -0.0902061 0.940295 76 -0.119125 0.0302044 0.779586 73 -0.127362 0.0240342 0.822771 45
 -0.109732 -0.0805465 0.945065 97 -0.13449 0.0196151 0.83436 35 -0.142691 0.0212664 0.836639 20
 -0.121453 0.0169642 0.835279 160 -0.120327 0.0233998 0.78827 40
 -0.118911 0.0124091 0.845196 174 -0.118987 -0.0101011 0.872523 13 -0.102512 0.000338599 0.901009 7
 -0.113833 -0.00380657 0.85788 163 -0.110379 -0.00511521 0.897952 30 -0.14548 -0.0435359 0.865703 7
 -0.120124 -0.0147661 0.865722 170 -0.10371 -0.0193238 0.910346 26 -0.154227 -0.0232572 0.85881 4
 -0.10898 -0.0261167 0.904342 63 -0.131095 -0.0464097 0.911423 55 -0.111746 -0.0296495 0.902503 50
 -0.126076 -0.00736892 0.861091 84 -0.113332 -0.0217025 0.90653 16 -0.104417 -0.046908 0.938037 1
 -0.161281 -0.0231566 0.857625 116 -0.130686 -0.0214732 0.873652 17 -0.149525 0.00101569 0.865255 7
 -0.165364 -0.0168137 0.849142 130 -0.1702 -0.0139191 0.847558 48 -0.156356 -0.0222318 0.852511 16
 -0.150683 -0.0281266 0.860971 105 -0.129012 1.37999e-05 0.842345 1
 -0.148469 0.0108003 0.846382 34 -0.160896 0.0301348 0.80846 1
