 -0.0770477 -0.108185 0.913393 64 -0.0812864 -0.0782931 0.892274 60 -0.0789819 -0.0712715 0.885805 58
 -0.0784225 -0.0788565 0.890912 78 -0.0814174 -0.0940914 0.904465 78 -0.0812861 -0.0902481 0.901555 12
 -0.0794544 -0.0919335 0.905935 200
 -0.0853167 -0.0976251 0.911781 200
 -0.0874379 -0.106155 0.914757 200
 -0.0882805 -0.113268 0.915668 198 -0.104362 -0.173569 0.935766 2
 -0.0484232 -0.081127 0.900657 90 -0.031325 -0.0693182 0.88235 41 -0.0726633 -0.0704686 0.882901 24
 -0.0567696 -0.0913875 0.910327 170 -0.0764351 -0.0762786 0.88908 16 -0.0688604 -0.0713039 0.886666 14
 -0.0684116 -0.0984013 0.914302 97 -0.0539542 -0.0942955 0.918665 70 -0.0530916 -0.0680819 0.889385 20
 -0.0762122 -0.0989333 0.913561 58 -0.0794082 -0.152527 0.926735 31 -0.0540941 -0.0870397 0.913856 28
 -0.0556007 -0.0824547 0.908209 52 -0.0702908 -0.0978535 0.913499 42 -0.0565321 -0.0910905 0.914407 35
 -0.0618756 -0.0907456 0.917202 64 -0.0736573 -0.115002 0.922144 49 -0.0943982 -0.145017 0.928658 46
 -0.0275616 -0.0645463 0.88183 129 -0.00599132 -0.0749508 0.875755 25 -0.0740525 -0.0652321 0.881638 20
 -0.0239952 -0.0780291 0.898913 84 -0.0464172 -0.115059 0.927709 42 -0.0218026 -0.10403 0.931012 39
 -0.0447898 -0.0933188 0.919091 66 -0.0438866 -0.0893343 0.914352 64 -0.0601294 -0.102272 0.921174 48
 -0.0617471 -0.116331 0.926854 96 -0.0530745 -0.0886537 0.916113 69 -0.0276604 -0.0921836 0.92848 19
 -0.0465747 -0.118315 0.946229 86 -0.051944 -0.0947505 0.92944 62 -0.0451471 -0.093945 0.932302 43
 -0.0480511 -0.111995 0.946405 185 -0.0879962 -0.165799 0.933996 7 -0.0441692 -0.0831104 0.897594 4
 -0.00330113 -0.0712698 0.878282 99 0.00189601 -0.100532 0.907985 43 0.00154247 -0.139552 0.900027 31
 -0.00427387 -0.0805211 0.883813 66 -0.00481086 -0.110395 0.919191 37 -0.00294767 -0.123854 0.912405 29
 -0.0195933 -0.0956279 0.929671 87 -0.0230058 -0.079078 0.896274 64 -0.0212871 -0.151731 0.934169 22
 -0.0160715 -0.0963265 0.937422 53 -0.0258058 -0.0667908 0.896421 52 -0.0325937 -0.11695 0.946913 18
 -0.0448683 -0.144647 0.946568 59 -0.0184068 -0.0909473 0.914996 38 -0.0292092 -0.0947097 0.936969 29
 -0.047122 -0.115161 0.949833 116 -0.0825741 -0.173617 0.946581 32 -0.0220983 -0.119386 0.929037 6
 0.00460551 -0.134848 0.900376 73 -0.00387258 -0.0797542 0.878778 40 -0.0130522 -0.158492 0.930214 34
 -0.00951711 -0.138845 0.916038 108 0.00182854 -0.119564 0.901765 27 -0.0256521 -0.159525 0.935656 22
 -0.0184438 -0.146695 0.937096 76 -0.00432674 -0.121945 0.90412 58 -0.00876432 -0.125196 0.909769 27
 -0.0367513 -0.158552 0.940831 161 0.000134861 -0.127902 0.906775 21 -0.0305241 -0.0991471 0.941599 11
 -0.0510966 -0.166966 0.942718 197 -0.0358018 -0.117142 0.949482 3
 -0.066272 -0.161616 0.943085 196 -0.0509326 -0.148378 0.925986 4
 -0.0906406 -0.150949 0.92958 198 -0.121957 -0.165342 0.990219 2
 -0.0455143 -0.132101 0.95141 16 -0.104047 -0.165937 0.960433 3 -0.00641643 -0.10903 0.899037 2
 -0.0632361 -0.132199 0.938393 14 -0.0565707 -0.115566 0.947885 7 -0.0591821 -0.123119 0.944618 6
 -0.0784285 -0.126604 0.928971 189 -0.0768847 -0.0836673 0.917041 6 -0.0127861 -0.112655 0.92224 4
 -0.0696891 -0.140938 0.945192 11 -0.0462916 -0.145696 0.954066 6 -0.0587681 -0.126392 0.925948 1
 -0.103371 -0.166521 0.958721 7 -0.0876136 -0.163093 0.933354 4 -0.0988607 -0.144085 0.932366 3
