 -0.0943314 -0.0174861 0.968008 71 -0.110258 -0.0134512 1.00409 42 -0.0498435 -0.0680027 1.00924 40
 -0.104535 -0.00460059 0.979445 93 -0.072138 -0.0167796 0.96218 47 -0.12757 -0.012433 1.00915 27
 -0.113336 -0.00391779 0.988515 146 -0.0814968 0.00561587 0.972422 36 -0.134107 -0.030895 1.02683 7
 -0.119676 -0.0030951 1.00313 47 -0.112506 0.00364764 0.987974 40 -0.0900328 -0.0580928 1.02193 32
 -0.118724 -0.00036164 1.00212 71 -0.122533 -0.00248239 1.00532 63 -0.128441 -0.0282803 1.00775 31
 -0.128732 -0.0128816 1.02015 166 -0.1316 -0.0398539 1.03778 13 -0.107781 -0.0493545 1.04032 12
 -0.0902496 -0.0124755 0.972202 179 -0.0934891 -0.025206 1.04149 14 -0.0538113 -0.00750992 0.968084 7
 -0.0975701 -0.00550608 0.977171 154 -0.0694424 -0.00392071 0.974411 30 -0.101295 -0.0152836 1.04266 9
 -0.0956639 0.00221629 0.979368 191 -0.0988007 -0.0207629 1.0314 9
 -0.104205 0.00849334 0.990967 162 -0.0579435 -0.00384766 0.974059 24 -0.081332 0.015336 0.976552 10
 -0.09215 -0.0361301 1.03622 62 -0.114126 -0.012245 1.01891 60 -0.083918 -0.0033609 0.979375 40
 -0.116931 -0.0347087 1.04025 131 -0.0961913 -0.0298676 1.04024 25 -0.110248 -0.0102939 1.02162 21
 -0.0746048 -0.0164083 0.973027 130 -0.0782704 -0.018521 1.02492 30 -0.0890295 0.0246191 0.982361 25
 -0.0775383 -0.0021921 0.975605 192 -0.099404 -0.040851 1.02535 5 -0.0569237 -0.0608739 1.02367 3
 -0.0804941 0.00255155 0.977919 163 -0.0829501 -0.0603946 1.02411 29 -0.0804024 -0.0281725 1.03481 8
 -0.0595875 0.00212248 0.985199 100 -0.0863762 0.00815043 0.980803 60 -0.0729523 -0.0559867 1.03255 35
 -0.104123 -0.0209619 1.04123 121 -0.0854981 0.0116826 0.975226 58 -0.102679 -0.00968751 0.966219 12
 -0.0981043 -0.0231689 1.04775 150 -0.0870836 -0.00521086 0.979222 50
 -0.0553313 0.0183187 0.988294 159 -0.0458826 -0.0658124 1.0049 41
 -0.0588646 -0.0127464 0.979135 185 -0.0573948 0.00454328 0.992548 12 -0.0577038 -0.0685095 1.01356 3
 -0.0638873 -0.00338218 0.981928 193 -0.0624453 -0.0402304 1.0404 3 -0.0689436 -0.0573638 1.02759 2
 -0.059514 0.0164914 0.983802 103 -0.0695776 -0.0433192 1.03519 70 -0.0913028 0.00259069 0.98592 10
 -0.0669607 -0.00749111 0.979335 91 -0.0721001 -0.0517231 1.03154 46 -0.0998957 -0.029469 1.04016 16
 -0.0755265 -0.0271479 1.04177 47 -0.103897 0.00315175 0.991291 5 -0.122588 -0.0532212 1.04987 2
 -0.0451572 -0.069231 1.00988 146 -0.0640465 -0.0184917 0.975677 26 -0.0502416 0.0280843 0.997791 13
 -0.0587693 -0.067157 1.02201 141 -0.0714298 -0.0129691 0.980875 35 -0.0829042 -0.0292958 1.03578 12
 -0.0645523 0.0117525 0.969977 119 -0.0746934 -0.0315006 1.0292 27 -0.0810444 -0.0525134 1.03783 24
 -0.0647546 -0.000653133 0.986598 100 -0.077567 -0.0377788 1.03798 100
 -0.0865407 -0.0565692 1.03967 173 -0.0623277 -0.00909374 0.981758 20 -0.0673002 -0.0221577 1.04127 4
 -0.108506 -0.0584612 1.04813 193 -0.0795901 -0.0359007 1.02719 4 -0.073129 -0.0347757 0.967691 2
 -0.143736 -0.0605502 1.07676 198 -0.0895636 -0.0108895 0.969958 2
 -0.124856 -0.0696213 1.0867 2 -0.149536 -0.0744424 1.09176 1
 -0.116462 -0.0507916 1.05215 15 -0.101622 -0.0187403 1.03803 7 -0.0885727 -0.0274098 1.05126 5
 -0.120866 -0.0261898 1.03189 167 -0.126763 -0.0358662 1.03659 19 -0.104458 0.00437919 0.966323 10
 -0.122283 -0.0471603 1.0514 45 -0.084998 0.0243915 0.99566 1
 -0.146419 -0.0645315 1.08271 27 -0.10518 -0.0129906 0.999017 20 -0.132439 -0.0903275 1.1026 6
