 -0.148903 -0.0425096 0.982155 108 -0.154116 -0.10954 1.01202 38 -0.0584017 -0.128967 0.942214 28
 -0.147243 -0.0514952 0.98344 115 -0.157874 -0.104052 1.00293 34 -0.131269 -0.126628 1.01825 33
 -0.136237 -0.0396283 0.974372 118 -0.141149 -0.0730882 1.00187 67 -0.15434 -0.0910249 1.00297 13
 -0.141237 -0.0396684 0.98214 144 -0.0873429 -0.10877 1.01208 35 -0.147078 -0.0760797 0.998747 11
 -0.14565 -0.052239 0.99028 70 -0.142228 -0.0424218 0.985998 65 -0.144068 -0.0468926 0.987679 44
 -0.145235 -0.0638659 0.997409 166 -0.145128 -0.11459 1.00925 29 -0.13291 -0.042625 0.978685 2
 -0.126082 -0.0270371 0.975329 152 -0.121376 -0.114077 1.01489 44 -0.0955554 -0.138379 0.995039 4
 -0.131755 -0.0396134 0.985462 146 -0.127759 -0.100631 1.00958 50 -0.105243 -0.127985 0.988169 4
 -0.123921 -0.0517923 0.996566 183 -0.0896123 -0.0956166 1.00963 9 -0.146967 -0.108607 1.00443 8
 -0.122244 -0.0458143 0.991657 88 -0.12787 -0.0470682 0.992382 65 -0.118084 -0.08176 1.00937 16
 -0.126804 -0.0592236 0.998805 78 -0.127921 -0.0748552 1.00294 42 -0.126801 -0.0948069 1.01415 21
 -0.131498 -0.0722772 1.0055 86 -0.130081 -0.0934578 1.01315 60 -0.130035 -0.088435 1.01092 41
 -0.112628 -0.0115276 0.961325 200
 -0.119207 -0.0278516 0.973116 199 -0.0783278 -0.121182 1.00108 1
 -0.120604 -0.0483693 0.998084 162 -0.104207 -0.040209 0.982299 30 -0.0868701 -0.0972591 1.00357 7
 -0.120856 -0.0598919 1.00369 177 -0.0914522 -0.0375118 0.985389 12 -0.0918453 -0.0432266 0.989279 11
 -0.113886 -0.0761053 1.01047 73 -0.114857 -0.0715238 1.00974 42 -0.11809 -0.0431364 0.991651 28
 -0.117639 -0.0760075 1.01223 198 -0.0997358 -0.10316 1.01062 2
 -0.0875186 -0.0169554 0.959996 198 -0.126943 -0.0463364 0.962879 2
 -0.0924743 -0.0233699 0.966987 129 -0.0821492 -0.0488081 0.9907 67 -0.0861941 -0.0374045 0.979553 2
 -0.0872601 -0.0635535 0.999525 112 -0.0983658 -0.0388945 0.989681 73 -0.0922944 -0.0494747 0.994366 6
 -0.0927623 -0.0652334 1.00475 177 -0.0928603 -0.0325012 0.989356 10 -0.125264 -0.0323448 0.965532 6
 -0.0993222 -0.0538054 1.0041 184 -0.108936 -0.132829 1.00768 14 -0.0926421 -0.125463 0.996105 2
 -0.102212 -0.0748378 1.01542 56 -0.103711 -0.111949 1.02003 20 -0.105163 -0.135519 1.00527 2
 -0.08608 -0.030732 0.963803 90 -0.0571116 -0.119943 0.945911 71 -0.0856965 -0.0341163 0.974756 31
 -0.0665233 -0.11904 0.960068 49 -0.092277 -0.052195 0.993007 39 -0.143427 -0.196373 1.05975 28
 -0.0917116 -0.11143 0.998517 69 -0.0975312 -0.0260415 0.968779 37 -0.0918242 -0.0545453 1.00019 34
 -0.0861329 -0.126896 0.996271 124 -0.0941288 -0.107013 1.0168 23 -0.0963181 -0.0358984 0.983021 21
 -0.102205 -0.138101 1.00975 125 -0.0935138 -0.0596967 1.00736 31 -0.0778166 -0.12683 0.956762 22
 -0.123532 -0.143526 1.02291 192 -0.121928 -0.0555897 0.979594 6 -0.100066 -0.133022 0.984656 2
 -0.138425 -0.156861 1.0489 111 -0.127665 -0.136163 1.02126 65 -0.129292 -0.0678934 1.00071 7
 -0.110451 -0.145393 1.0103 26 -0.116349 -0.159143 1.06019 16 -0.148544 -0.139623 1.03168 2
 -0.125587 -0.107142 1.02229 200
 -0.14074 -0.0982597 1.01321 198 -0.141235 -0.139209 1.02366 2
 -0.118232 -0.114755 1.02824 14 -0.134467 -0.127271 1.01574 12 -0.107819 -0.134221 1.01423 1
 -0.133094 -0.174216 1.07042 26 -0.149095 -0.144049 1.03931 22
