 -0.136997 0.0533308 1.05726 185 -0.115349 0.0921238 1.09698 7 -0.0692067 -0.0552617 1.06331 3
 -0.13323 0.043041 1.06049 181 -0.10092 0.00406458 1.0524 11 -0.116523 0.0793544 1.09892 7
 -0.126689 0.0329796 1.06287 114 -0.0863019 -0.0694004 1.06213 35 -0.0999485 -0.000927112 1.05702 33
 -0.120596 0.024242 1.06804 108 -0.0917289 -0.0573561 1.05876 45 -0.100925 -0.0036277 1.06154 23
 -0.123334 0.0253323 1.06729 47 -0.100632 -0.00885974 1.0654 38 -0.109486 0.00515488 1.0694 36
 -0.0997883 -0.0219148 1.05761 114 -0.108833 0.00505841 1.06428 58 -0.0997183 0.0408967 1.09937 14
 -0.106786 0.089439 1.09481 153 -0.0764149 0.089964 1.09996 41 -0.0501433 0.0551071 1.10562 2
 -0.111133 0.0741046 1.09839 173 -0.0233597 0.010338 1.09909 8 -0.0971288 -0.047568 1.05845 7
 -0.107887 0.0584748 1.09914 117 -0.0744607 -0.0536279 1.06063 54 -0.0973815 0.00513691 1.06702 15
 -0.108963 0.0502443 1.09673 110 -0.0824446 -0.0406951 1.06189 35 -0.10095 0.039284 1.10252 30
 -0.103358 0.0298702 1.08515 78 -0.102527 0.0427566 1.09838 45 -0.104091 0.0399907 1.09501 43
 -0.100183 0.035785 1.09717 106 -0.100003 0.00694374 1.07584 60 -0.100412 0.0106663 1.07773 14
 -0.0793331 0.0948248 1.09731 111 -0.100057 0.0761996 1.0983 63 -0.0165376 0.0387834 1.08906 14
 -0.0840374 0.0816025 1.10208 163 -0.0255425 0.0331328 1.09084 9 -0.0549012 0.0378446 1.10483 9
 -0.0876905 0.0644166 1.10323 154 -0.105665 0.0447638 1.09734 30 -0.0711569 0.0297237 1.11984 6
 -0.0849191 0.0541687 1.10552 110 -0.101101 0.0170712 1.06457 35 -0.0327868 -0.00431574 1.10369 21
 -0.0883131 0.0383142 1.1045 78 -0.082911 0.04445 1.10767 66 -0.0876214 0.00321829 1.09626 40
 -0.080403 0.018032 1.11343 158 -0.0946082 0.0114467 1.08889 33 -0.110928 -0.000967466 1.07215 5
 -0.0143687 0.0287313 1.08938 147 -0.0798171 0.10089 1.09583 35 -0.0685423 -0.134816 1.11166 10
 -0.0216382 0.0228019 1.09389 135 -0.0838309 0.0895395 1.101 46 -0.0796085 -0.136632 1.11936 10
 -0.0982539 0.061986 1.09882 44 -0.0323846 0.00571457 1.10489 39 -0.0369974 0.0422001 1.09698 36
 -0.0489621 0.0473977 1.10496 87 -0.0565693 0.0187091 1.10912 25 -0.0990468 0.0631911 1.10419 25
 -0.0599776 0.0406659 1.10996 159 -0.0726878 0.0147496 1.11334 11 -0.0364889 -0.0165009 1.1045 11
 -0.0744781 0.0121504 1.12207 142 -0.0627428 0.0324548 1.1205 37 -0.0636053 -0.0106541 1.11332 14
 -0.0160023 0.0211616 1.09657 112 -0.0768094 0.0984841 1.09925 83 -0.110442 0.0952066 1.09455 5
 -0.0254067 0.00754177 1.10314 179 -0.0985118 0.0768692 1.10123 15 -0.0498758 0.0526609 1.11374 5
 -0.0331841 -0.00401175 1.105 184 -0.0558776 -0.0112235 1.09148 12 -0.0525452 -0.014234 1.09124 2
 -0.0381078 -0.018136 1.10023 189 -0.0544662 0.0100821 1.09009 11
 -0.0474589 -0.0335122 1.09375 192 -0.0328739 -0.00685845 1.09989 7 -0.0973662 -0.0349407 1.06457 1
 -0.0648747 -0.054425 1.08146 185 -0.0884901 0.0144897 1.09843 15
 -0.0914009 -0.0893182 1.08412 200
 -0.0741922 -0.0789206 1.08405 20 -0.103236 -0.122159 1.10949 5 -0.0776718 -0.0730463 1.07439 4
 -0.088263 -0.0081988 1.09514 65 -0.0817623 0.00179988 1.11485 10 -0.0954756 0.0355678 1.10251 10
 -0.0935299 -0.0108678 1.07498 186 -0.0923468 0.00820487 1.10791 7 -0.0651418 -0.0614642 1.09015 2
 -0.0896859 -0.066475 1.07388 3 -0.0796169 0.0437876 1.10417 2 -0.086982 -0.00538885 1.10434 1
 -0.114132 0.0379747 1.09591 17 -0.0933207 -0.064555 1.06366 15 -0.0999912 -0.096083 1.09125 9
