 -0.138207 0.137744 0.956291 199 -0.118784 0.0562714 0.994047 1
 -0.137331 0.126908 0.964334 200
 -0.134426 0.114473 0.977382 191 -0.127275 0.0441906 0.993967 7 -0.0724229 0.122776 0.972885 1
 -0.132064 0.107626 0.984214 196 -0.127494 0.060141 0.971935 3 -0.060176 0.0571686 0.998226 1
 -0.130827 0.103305 0.986293 197 -0.130419 0.0595516 0.979817 3
 -0.131279 0.0911488 0.987874 192 -0.10569 0.037516 0.985531 6 -0.143975 -0.0127624 1.01382 1
 -0.0929206 0.149031 0.942494 193 -0.126697 0.135372 0.952789 6 -0.0939481 0.109198 0.985597 1
 -0.0962985 0.14361 0.958043 141 -0.114257 0.057358 0.990275 53 -0.127423 0.120911 0.96711 6
 -0.0988731 0.132174 0.970689 193 -0.0673686 0.0701301 0.989343 6 -0.0641818 0.102174 0.975841 1
 -0.103402 0.123453 0.978091 181 -0.0785528 0.0640755 0.992353 6 -0.0747178 0.129405 0.962871 5
 -0.116153 0.0973633 0.989694 73 -0.101871 0.109674 0.98606 65 -0.109233 0.102622 0.988193 41
 -0.116941 0.0715252 0.997331 109 -0.103601 0.0991554 0.992475 80 -0.111884 0.0875136 0.994692 7
 -0.091295 0.153802 0.939598 115 -0.0657108 0.149381 0.931581 28 -0.0757406 0.138308 0.964337 25
 -0.0911288 0.137755 0.964323 172 -0.0623668 0.149674 0.927674 11 -0.0592254 0.129939 0.938606 9
 -0.098885 0.119666 0.978871 193 -0.0914155 0.0629999 0.991992 6 -0.0745105 0.142701 0.942976 1
 -0.101399 0.106035 0.985941 108 -0.101636 0.101686 0.98645 68 -0.0801455 0.121909 0.977716 13
 -0.0987426 0.0974166 0.990705 159 -0.0945845 0.121568 0.970954 39 -0.0949693 0.119393 0.97528 1
 -0.0980568 0.0834538 0.99728 182 -0.0899777 0.106436 0.994195 18
 -0.0322983 0.0299007 0.927907 64 -0.0682026 0.136895 0.96471 59 -0.0627993 0.146135 0.927607 32
 -0.0660969 0.135327 0.930262 50 -0.0643502 0.0421918 0.965343 39 -0.0710307 0.12387 0.970564 36
 -0.0637509 0.109297 0.970171 167 -0.0902841 0.135562 0.96274 15 -0.0697941 0.0807616 0.982801 11
 -0.0696821 0.102225 0.975366 139 -0.0565636 0.0377829 0.957903 61
 -0.0719483 0.0895173 0.986365 185 -0.0757252 0.116539 0.983029 13 -0.0765016 0.0442962 0.975501 2
 -0.0798302 0.0762613 0.996111 196 -0.0986282 0.102462 0.976559 3 -0.11156 0.0706438 1.0107 1
 -0.0313159 0.0343643 0.927838 153 -0.0636588 0.0293449 0.958329 30 -0.0635783 0.141764 0.930322 7
 -0.041649 0.0411283 0.938848 179 -0.0384835 0.113511 0.950451 10 -0.0462634 0.0534483 0.966983 4
 -0.0586929 0.0464859 0.944031 190 -0.0530259 0.106749 0.969918 8 -0.133102 -0.000896657 1.01999 1
 -0.0597162 0.0403923 0.958947 89 -0.0669226 0.036309 0.970538 65 -0.0634424 0.0377877 0.965477 29
 -0.0898396 0.0213565 0.991446 199 -0.110514 0.0103574 1.02477 1
 -0.114963 0.0204621 1.00419 152 -0.125197 0.0908056 0.994071 30 -0.100107 0.0654443 0.992132 10
 -0.135951 0.0124108 1.02025 184 -0.12909 0.0778977 0.986896 16
 -0.151197 -0.017137 1.03367 16 -0.114541 0.0103487 1.023 11 -0.140184 0.0105658 1.02487 2
 -0.116784 0.058552 1.00246 71 -0.11074 0.0620483 1.00263 57 -0.121899 0.0564709 1.00215 24
 -0.125642 0.0627036 0.995715 192 -0.0920275 0.0324192 0.987654 7 -0.105607 0.0225804 0.995214 1
 -0.0998622 0.0439044 0.993731 43 -0.129397 0.0277075 1.00629 10
 -0.121108 0.00762372 1.0184 152 -0.129344 -0.0110485 1.02943 33 -0.126355 0.0482713 0.995469 13
