 -0.0115093 -0.0254539 0.962539 165 -0.00467677 -0.059261 0.969472 22 0.0595842 -0.025212 0.942226 13
 -0.0109193 -0.0365671 0.965467 167 -0.00496788 -0.069513 0.969875 30 -0.00627482 -0.0624715 0.969629 2
 -0.00688731 -0.0533425 0.9717 198 0.0686532 -0.116136 0.979876 1 0.0330414 -0.0616858 0.964721 1
 -0.00404685 -0.065767 0.975246 179 0.0453573 -0.0409186 0.960971 18 0.0247171 -0.176878 0.98645 2
 -0.00121243 -0.0748091 0.974623 194 0.0334651 -0.14908 0.976771 3 0.0155831 -0.173629 0.98715 2
 -0.00206696 -0.0794229 0.97339 178 0.0321989 -0.140505 0.97756 11 -0.0102412 -0.13134 0.970764 10
 0.0391562 -0.0349208 0.955514 173 0.0602327 -0.0590884 0.96738 22 -0.00765718 -0.0433558 0.965964 1
 0.0381955 -0.0431119 0.962968 176 0.0672809 -0.090677 0.953718 11 0.0290052 -0.132779 0.989625 8
 0.0265541 -0.0363812 0.962731 73 0.0242866 -0.0742055 0.980597 60 0.0570226 -0.0641505 0.954549 48
 0.0199146 -0.0846509 0.978233 71 0.0233897 -0.0463996 0.970402 71 0.0571641 -0.0641517 0.963127 25
 0.0254438 -0.0658545 0.980387 167 0.0156889 -0.100732 0.976484 21 0.019194 -0.0459245 0.961387 8
 0.0243889 -0.0824268 0.982789 197 0.0584314 -0.10128 0.96542 1 0.0719343 -0.0710513 0.959507 1
 0.0514664 -0.0304527 0.948804 182 -0.00908198 -0.0245981 0.964584 17 0.0565353 -0.0660775 0.962304 1
 0.0436534 -0.0457348 0.965151 192 0.0431837 -0.0687374 0.987993 7 0.00299766 -0.105437 0.966425 1
 0.0352823 -0.0543453 0.974007 54 0.0405708 -0.0861707 1.00331 45 0.0703607 -0.0803714 0.957224 21
 0.0365802 -0.070526 0.988842 141 0.0305341 -0.0990044 0.988623 36 0.0521426 -0.135962 0.971332 12
 0.0327747 -0.0761303 0.993715 176 0.0311658 -0.0463851 0.972671 19 0.0577387 -0.0881714 0.955547 4
 0.0406318 -0.0850025 0.999065 200
 0.058847 -0.0296776 0.944464 128 0.0735937 -0.0633011 0.953493 38 0.089057 -0.111002 0.961382 19
 0.056448 -0.0488769 0.9678 80 0.0688261 -0.0701082 0.962369 48 0.0567999 -0.0407816 0.951738 46
 0.0569827 -0.0589461 0.967762 165 0.0437015 -0.143361 0.978359 13 -0.000470731 -0.178133 0.995753 7
 0.0573991 -0.0599615 0.974232 141 0.0578317 -0.071213 1.01069 15 0.0368947 -0.0321821 0.956927 12
 0.0570135 -0.0836092 1.00397 145 0.0749473 -0.106648 0.971326 22 0.0460155 -0.0513471 0.976074 20
 0.0503063 -0.0831593 1.01535 196 0.0494033 -0.118875 0.976728 3 0.0615763 -0.0844092 0.963685 1
 0.0766785 -0.077186 0.946907 70 0.0530666 -0.0320183 0.949359 38 0.0845397 -0.103684 0.960124 33
 0.0767399 -0.0941449 0.957846 112 0.0757463 -0.101933 0.964911 75 0.0766722 -0.0974512 0.960544 10
 0.0689555 -0.103458 0.969309 106 0.0657967 -0.11089 0.974784 94
 0.0632335 -0.112171 0.977974 199 0.0515466 -0.0927632 1.02503 1
 0.037846 -0.137286 0.97834 197 0.0514302 -0.0851774 1.01635 2 -0.00358385 -0.115526 0.967867 1
 0.0193373 -0.157731 0.983309 93 0.020517 -0.153584 0.981593 59 0.0315646 -0.122928 0.983094 41
 -0.00858119 -0.158137 0.990219 195 0.0021557 -0.179393 1.01135 2 -0.00134263 -0.112156 0.97179 2
 -0.0148504 -0.15133 0.996377 29 0.0101693 -0.163076 0.993403 9 0.0375771 -0.125169 0.973577 6
 0.0252591 -0.0986853 0.993114 95 0.0135784 -0.112251 0.97403 24 0.0525049 -0.100379 0.987531 1
 0.00413821 -0.0987545 0.978168 200
 0.0234755 -0.121524 0.984552 31 0.0159158 -0.0890749 0.957601 19 0.0239871 -0.0716095 0.98098 2
 -0.0109756 -0.161888 0.992553 197 -0.0322687 -0.183987 1.00803 3
