 0.0634387 0.0653947 0.804714 45 0.0457371 0.0510775 0.829412 37 0.0612728 0.00889582 0.832774 17
 0.0484714 0.0449908 0.833241 75 0.0538845 0.00848137 0.836249 42 0.072106 0.062195 0.82463 20
 0.0448458 0.0420177 0.836579 83 0.0409719 0.0163309 0.859647 40 0.0212476 0.0686001 0.870833 39
 0.0350508 0.018083 0.867324 52 0.0177703 0.0743959 0.876815 47 0.0377114 0.0420905 0.843865 46
 0.0196142 0.062844 0.866979 51 0.0325675 0.0629646 0.83237 43 0.0417376 0.0226599 0.863497 31
 0.0140975 0.0658131 0.875897 84 0.0369395 0.0893241 0.8723 40 0.0315216 0.0253081 0.881773 26
 0.0725928 0.0475379 0.819038 70 0.0686219 0.0463846 0.816126 36 0.0710647 0.0671955 0.822142 17
 0.0684858 0.0741229 0.821204 117 0.0549759 0.0614332 0.831687 18 0.0426744 0.0526279 0.836709 13
 0.03772 0.0786804 0.86708 87 0.0475369 0.0441264 0.837316 41 0.0487186 0.0663619 0.834936 23
 0.0331015 0.0841851 0.87426 85 0.0387338 0.0549075 0.840154 71 0.0617205 0.0769527 0.859947 26
 0.0237645 0.038971 0.885649 52 0.0330857 0.0656925 0.859586 43 0.0366021 0.0611043 0.855587 34
 0.0285463 0.0524319 0.872133 139 0.0453095 0.0736606 0.855975 35 0.0313809 0.0795533 0.878128 17
 0.074762 0.0454544 0.820695 178 0.0514318 0.0884667 0.861257 11 0.0901344 0.0651667 0.818999 5
 0.0771542 0.0727275 0.81958 63 0.0572943 0.0629307 0.826577 38 0.0565737 0.0585987 0.827983 32
 0.0561538 0.0801573 0.860642 155 0.0491711 0.0614982 0.83147 45
 0.052572 0.0864419 0.865639 160 0.0525494 0.0757192 0.832495 36 0.0519863 0.0763574 0.846236 3
 0.0606912 0.0794258 0.860371 128 0.0513252 0.0711277 0.838206 29 0.022743 0.0783222 0.88417 25
 0.0628677 0.0831087 0.86561 129 0.0339173 0.0535938 0.872197 35 0.0546545 0.0664344 0.82565 17
 0.0733747 0.0728923 0.821216 167 0.0875757 0.0968406 0.865262 31 0.0626252 0.00794747 0.841124 2
 0.0824655 0.068886 0.820374 116 0.0827146 0.084938 0.870851 65 0.0453334 0.0887884 0.859105 19
 0.0805842 0.0709662 0.825753 119 0.0831784 0.0822849 0.867129 52 0.0401433 0.0698002 0.86272 19
 0.0786323 0.0902356 0.870079 119 0.0611314 0.0853295 0.859374 53 0.0781475 0.0678842 0.826175 17
 0.0748064 0.08977 0.864727 147 0.0778642 0.0701717 0.826035 26 0.0208989 0.0679473 0.874687 16
 0.0477135 0.0604892 0.845519 52 0.015841 0.0615525 0.888646 24 0.0287526 0.0882514 0.883807 10
 0.0888031 0.0639059 0.822301 125 0.0893676 0.0877104 0.869651 44 0.0655429 0.0107589 0.840468 28
 0.0743217 0.0683183 0.828106 85 0.0750566 0.0829535 0.868612 40 0.0200148 0.0446074 0.868936 32
 0.0756486 0.062625 0.81327 40 0.0239235 0.0334781 0.874632 26 0.0278523 0.0709807 0.865671 22
 0.0566604 0.0277122 0.836662 71 0.0631219 0.0549352 0.825496 71 0.0289933 0.0282399 0.883979 42
 0.0328244 0.0271862 0.871868 41 0.0273647 0.0147507 0.965189 19 0.043006 0.0459297 0.846606 19
 0.0298869 0.029348 0.880719 63 0.0148707 0.0278003 0.932367 36 0.0603189 0.0480924 0.810651 5
 0.00189583 0.0374949 0.955725 193 0.0254697 0.0814237 0.876442 5 0.0505506 0.0860232 0.86831 1
 0.00802014 0.0160211 0.973408 18 -0.00406892 0.0317259 0.958764 5 0.0320602 0.0304077 0.892098 3
 0.0407402 0.0696905 0.873563 17 0.0456163 0.0655765 0.84872 15 0.0269441 0.0490471 0.889497 9
 0.0388754 0.0620595 0.867653 54 0.0332112 0.0543264 0.869205 35 0.0409624 0.0655998 0.868122 30
 0.0543762 0.0773861 0.857374 51 0.023752 0.0514056 0.870244 9 0.0138661 0.0566416 0.933178 5
 -0.00539983 0.0486515 0.965955 90 0.0407835 0.0883494 0.877208 65 0.0278535 0.0606357 0.883452 40
