 -0.176385 -0.0306296 0.867526 193 -0.181721 -0.0589396 0.830075 3 -0.11216 -0.026835 0.902719 2
 -0.178207 -0.0413466 0.872887 150 -0.163415 -0.0819139 0.861715 19 -0.130795 -0.0336602 0.915172 11
 -0.176549 -0.0578083 0.87865 102 -0.178863 -0.0699676 0.906422 57 -0.172403 -0.0750989 0.86077 23
 -0.174424 -0.0493939 0.87851 89 -0.174092 -0.0779799 0.91068 74 -0.18202 -0.0710685 0.859652 32
 -0.172391 -0.0489337 0.882592 55 -0.180746 -0.0737306 0.867725 33 -0.166497 -0.0448174 0.877839 32
 -0.171004 -0.0844372 0.901524 68 -0.11732 -0.0790913 0.931948 39 -0.127716 -0.0563967 0.914063 27
 -0.136833 -0.0371468 0.856176 105 -0.117045 -0.0978045 0.940773 52 -0.166933 -0.0263535 0.867915 21
 -0.140207 -0.0496412 0.862208 68 -0.12727 -0.0854364 0.941727 62 -0.141187 -0.0432641 0.936069 44
 -0.147958 -0.0589298 0.869574 117 -0.162885 -0.0686664 0.91156 37 -0.158241 -0.0439507 0.86454 23
 -0.151834 -0.0422199 0.866913 73 -0.168727 -0.0621844 0.92993 68 -0.15022 -0.075621 0.896076 17
 -0.16249 -0.0633412 0.926476 58 -0.155915 -0.083501 0.899628 32 -0.138014 -0.0921376 0.919575 28
 -0.151705 -0.0867788 0.910435 142 -0.145686 -0.112097 0.998667 35 -0.167288 -0.0679836 0.927943 9
 -0.136572 -0.0297812 0.854283 116 -0.116084 -0.0300452 0.894975 48 -0.141298 -0.0494955 0.940066 23
 -0.140792 -0.0453568 0.861272 103 -0.117771 -0.0430142 0.903469 54 -0.132522 -0.047682 0.936118 29
 -0.143036 -0.0589402 0.870961 97 -0.139141 -0.0618641 0.945035 73 -0.134502 -0.11382 0.92642 12
 -0.145364 -0.0469072 0.939632 52 -0.14205 -0.0373208 0.860191 39 -0.148006 -0.0703694 0.902645 29
 -0.151883 -0.0596811 0.941464 44 -0.143863 -0.0889805 0.914119 44 -0.145864 -0.0928082 0.920338 39
 -0.154177 -0.0884208 0.911646 138 -0.131624 -0.0860993 0.927405 29 -0.159132 -0.0600136 0.944589 12
 -0.115108 -0.0311195 0.899893 199 -0.119379 -0.178905 1.0359 1
 -0.118654 -0.0426989 0.903909 199 -0.186157 -0.0621861 0.893792 1
 -0.115212 -0.0551618 0.905441 127 -0.117974 -0.142745 1.02419 22 -0.104644 -0.0859752 0.958376 14
 -0.113919 -0.0671697 0.909176 62 -0.125232 -0.0394068 0.905064 58 -0.102778 -0.139833 1.03107 22
 -0.126159 -0.0450513 0.907552 44 -0.125991 -0.0601466 0.913257 39 -0.12616 -0.0545573 0.909802 33
 -0.148733 -0.0833211 0.900129 19 -0.145009 -0.0909934 0.876728 15 -0.146099 -0.0803592 0.906964 10
 -0.114286 -0.170165 1.02991 132 -0.117597 -0.031094 0.904898 35 -0.153546 -0.0383306 0.842501 29
 -0.130599 -0.157283 1.03656 113 -0.133279 -0.142445 0.992554 37 -0.143899 -0.0440044 0.858422 23
 -0.131002 -0.108639 0.943165 77 -0.129443 -0.117109 1.00354 42 -0.132881 -0.0741224 0.911722 21
 -0.140731 -0.0981558 0.928013 64 -0.123798 -0.087018 0.942981 37 -0.138786 -0.0943385 0.92801 28
 -0.126882 -0.0756053 0.926538 34 -0.134813 -0.093816 0.933554 31 -0.121356 -0.0814135 0.95453 29
 -0.134621 -0.0695107 0.919536 162 -0.139264 -0.106968 0.933993 6 -0.136844 -0.129468 1.00454 3
 -0.128576 -0.113842 0.994953 142 -0.152429 -0.119948 1.02637 31 -0.12367 -0.0966178 0.937123 23
 -0.117691 -0.0806756 0.957902 12 -0.122679 -0.11443 0.986401 2 -0.151771 -0.11931 1.00947 1
 -0.152132 -0.0842022 0.920952 22 -0.143008 -0.0546266 0.882466 4 -0.141009 -0.128627 1.00252 1
 -0.152271 -0.0934788 0.918797 166 -0.160334 -0.0748187 0.894201 26 -0.129815 -0.0632303 0.90087 5

 -0.151283 -0.135616 1.03781 23 -0.170753 -0.0528897 0.881754 16 -0.147802 -0.0830787 0.897756 8
