 -0.0641182 -0.0823067 0.958933 104 -0.0503398 -0.0982675 0.975633 53 -0.00672024 -0.073009 0.944193 31
 -0.0639545 -0.0784878 0.958652 136 -0.0425973 -0.0588818 0.953382 38 -0.0676053 -0.136984 0.978746 14
 -0.0662896 -0.0741719 0.959566 138 -0.0346414 -0.0506007 0.949866 38 -0.0712897 -0.124648 0.971356 12
 -0.0684463 -0.0645787 0.96306 134 -0.0892438 -0.0820573 0.976636 31 -0.0693418 -0.101213 0.977135 24
 -0.0689168 -0.0681482 0.968491 167 -0.0888814 -0.0899702 0.980977 28 -0.0339681 -0.107519 0.964539 4
 -0.07569 -0.0741915 0.97573 161 -0.0645675 -0.142022 0.973672 12 -0.0139215 -0.0936607 0.964157 11
 -0.0361429 -0.0579788 0.955905 124 -0.0464966 -0.0910274 0.972464 53 -0.0589038 -0.122623 0.976926 12
 -0.0502014 -0.0709408 0.959813 190 -0.0203959 -0.0612606 0.953408 9 -0.0260459 -0.0625381 0.955442 1
 -0.053411 -0.0610412 0.959707 156 -0.0282193 -0.0699201 0.952098 31 -0.0335631 -0.0703084 0.952835 8
 -0.0570409 -0.0694671 0.961492 124 -0.0150894 -0.0617571 0.954861 38 -0.0575371 -0.107292 0.971781 16
 -0.0552533 -0.0685117 0.961111 90 -0.0327643 -0.0931642 0.963978 57 -0.060943 -0.0912402 0.976686 26
 -0.0586201 -0.0734565 0.968751 181 -0.0386715 -0.0987394 0.97913 18 -0.021281 -0.0784762 0.951507 1
 -0.0292041 -0.0493591 0.952221 126 -0.0119985 -0.0832453 0.95482 68 -0.032404 -0.0610621 0.954384 4
 -0.0351619 -0.0610146 0.955161 191 -0.0562278 -0.0905645 0.97436 7 -0.0374845 -0.0927211 0.954725 1
 -0.0360947 -0.0658789 0.960665 200
 -0.0363938 -0.0574175 0.960385 179 -0.0500738 -0.0860749 0.972494 12 -0.0158674 -0.0923053 0.960447 8
 -0.0445387 -0.0810029 0.969704 200
 -0.0439623 -0.0766823 0.973224 115 -0.0445134 -0.0712512 0.97063 61 -0.0694078 -0.0854734 0.96594 24
 -0.0119476 -0.0536178 0.951385 200
 -0.0121337 -0.0718423 0.947985 200
 -0.0138499 -0.090003 0.958398 162 -0.0255034 -0.055775 0.963183 37 -0.00231536 -0.0623563 0.944663 1
 -0.0217738 -0.0538892 0.960377 181 -0.0230676 -0.0959324 0.968162 10 -0.0104453 -0.112031 0.962133 7
 -0.0242651 -0.0836841 0.964153 147 -0.0789099 -0.0863956 0.973311 44 -0.0467608 -0.0737999 0.960473 5
 -0.0421668 -0.0479766 0.967435 19 -0.0382373 -0.0472069 0.966357 9 -0.0183961 -0.0948245 0.963216 5
 -0.00592341 -0.0721642 0.945955 151 -0.00117381 -0.0399413 0.966745 37 -0.0977118 -0.21545 1.06514 9
 -0.0170524 -0.0758395 0.949833 136 -0.00854198 -0.0579809 0.973368 33 -0.0391535 -0.0579733 0.96539 15
 -0.0260372 -0.0946836 0.959073 97 -0.0191163 -0.0764618 0.942034 78 -0.024703 -0.0908381 0.955504 18
 -0.0205355 -0.0948023 0.963601 200
 -0.0353747 -0.118269 0.974089 200
 -0.0456402 -0.143151 0.993425 82 -0.0512873 -0.127677 0.979184 60 -0.0375422 -0.0999519 0.962673 42
 -0.0813624 -0.15198 1.0135 180 -0.0571196 -0.0735862 0.962172 10 -0.0745233 -0.111702 0.982219 10
 -0.0572941 -0.0814509 0.970476 8 -0.0823828 -0.110824 0.99501 6
 -0.0700492 -0.134753 0.994487 6 -0.0343759 -0.0946274 0.977204 6 -0.0599952 -0.101301 0.978999 6
 -0.0690102 -0.0949424 0.979962 109 -0.041514 -0.0703509 0.97067 42 -0.0689024 -0.133474 0.986871 25
 -0.0610389 -0.117584 0.980049 45
 -0.0584865 -0.123837 0.973621 44 -0.065208 -0.100241 0.979323 24 -0.0609145 -0.115047 0.976017 14
