 -0.162296 0.0445902 1.00664 55 -0.196869 -0.00787465 0.971893 32 -0.15563 -0.0310729 0.94443 23
 -0.169317 0.0342228 1.00888 102 -0.157753 -0.038284 0.954134 25 -0.136054 -0.0829763 0.981699 21
 -0.145018 -0.074086 0.9691 47 -0.20081 -0.0532495 0.977083 35 -0.187427 -0.12348 0.996744 29
 -0.199098 -0.064648 0.981562 132 -0.153855 -0.102162 0.987594 20 -0.213413 -0.0324863 0.985999 13
 -0.197062 -0.0747218 0.982432 144 -0.158019 -0.0973616 0.982691 11 -0.175941 -0.0409979 0.955886 9
 -0.199439 -0.0644777 0.98183 132 -0.193284 -0.09381 0.980461 39 -0.197146 -0.0243925 0.988484 17
 -0.180915 0.0209643 0.96166 168 -0.166659 0.00712779 1.01934 32
 -0.185044 0.00542891 0.970222 183 -0.185765 0.0126276 1.01697 12 -0.167679 -0.0470967 0.961736 3
 -0.188159 -0.00603038 0.978097 94 -0.185228 -0.064043 0.983266 37 -0.164392 -0.0321697 0.949636 31
 -0.170337 -0.0562487 1.00292 47 -0.165172 -0.0774775 0.986894 32 -0.174854 -0.000336806 1.01361 29
 -0.178837 -0.0191891 0.994542 108 -0.16749 -0.0676947 0.987847 36 -0.192629 -0.0853466 0.974222 27
 -0.182515 -0.0752924 0.990843 133 -0.184494 -0.0793664 0.990454 35 -0.210998 -0.0460954 0.977565 17
 -0.176367 0.0285618 0.959783 103 -0.159512 0.0434875 1.00791 93 -0.181009 0.0258773 1.01417 4
 -0.179089 0.011262 0.967933 170 -0.174934 0.022003 1.01627 24 -0.165841 -0.0504059 0.948297 3
 -0.18301 -0.009839 0.979534 139 -0.183147 0.000125165 1.01702 36 -0.18331 -0.054804 0.998205 14
 -0.18134 -0.0164478 1.01974 85 -0.183821 -0.0625415 1.00234 34 -0.17857 -0.0215619 0.993603 23
 -0.186115 -0.0262307 0.992807 61 -0.177513 -0.0620889 1.00113 58 -0.158974 -0.0347031 0.949433 36
 -0.189334 -0.0652466 0.987622 142 -0.173443 -0.0391813 0.956927 42 -0.181115 -0.0158291 1.02269 9
 -0.158572 0.0376978 1.00949 197 -0.154641 -0.0404651 0.945166 3
 -0.161851 0.021317 1.01416 199 -0.136243 -0.0259382 0.95875 1
 -0.165968 0.0047225 1.02199 199 -0.140904 -0.0438226 0.966729 1
 -0.166929 -0.00529231 1.02087 125 -0.145464 -0.0532171 0.964048 67 -0.16244 -0.0230781 0.945931 3
 -0.164693 -0.00448449 1.02357 129 -0.157229 -0.0327234 0.957421 36 -0.164375 -0.0674847 0.982005 18
 -0.158145 -0.0684004 0.988883 14 -0.165632 -0.0616507 1.00078 7 -0.161218 -0.0273007 0.957964 4
 -0.134222 -0.0353625 0.9597 74 -0.160669 0.0350702 1.00958 54 -0.189315 -0.175667 1.03931 39
 -0.148036 -0.0498459 0.96664 143 -0.172841 0.0181847 1.02251 28 -0.158624 -0.0327625 1.03543 12
 -0.149662 -0.0610199 0.978052 193 -0.16847 -0.0252795 1.03389 5 -0.16279 -0.0629265 0.999823 1
 -0.150446 -0.0743032 0.986985 194 -0.16417 -0.0366982 1.0405 5 -0.166475 -0.0118641 1.03533 1
 -0.155247 -0.084454 0.987672 177 -0.16608 -0.110553 1.00965 22 -0.194488 -0.126196 1.00154 1
 -0.168233 -0.0976731 0.989803 127 -0.16606 -0.102529 0.9947 72 -0.166881 -0.048884 1.02318 1
 -0.181966 -0.116078 0.99732 124 -0.175798 -0.0760778 0.988692 57 -0.190185 -0.056473 0.974465 9
 -0.172051 -0.115828 1.00557 27 -0.202893 -0.121525 0.994479 11 -0.168716 -0.134863 1.04467 2
 -0.184741 -0.0653493 1.00607 37 -0.172151 -0.112456 1.0092 35 -0.182336 -0.0949433 0.996445 28
 -0.196945 -0.0667072 0.984912 148 -0.194909 -0.0903617 0.984116 46 -0.214016 -0.0245129 0.998363 2
 -0.169728 -0.034597 0.958229 12 -0.177855 -0.0931934 0.992711 10 -0.17808 -0.0385509 1.00304 8
 -0.187277 -0.08136 0.98431 50 -0.196837 -0.12513 0.998085 48 -0.184191 -0.129208 1.01861 7
