 0.175167 0.0835386 1.02166 136 0.000707483 0.0442919 1.04676 40 0.20889 0.0428358 1.01652 11
 0.164496 0.0780249 1.02376 155 0.00275633 0.0214718 1.02887 17 0.201256 0.0421067 1.01988 12
 0.149598 0.070057 1.02778 121 0.0186685 0.0157608 1.03659 32 0.0344845 0.0161313 1.02945 18
 0.028395 0.0119933 1.0407 69 0.139481 0.0628313 1.02267 68 0.0701127 -0.0118517 1.00401 33
 0.131771 0.0577313 1.02395 116 0.113969 -0.0274863 0.995866 20 0.05213 0.0246623 1.031 18
 0.0905946 0.0500538 1.0147 129 0.122753 0.0520871 1.02088 35 0.0314666 0.00829157 1.03369 16
 0.21169 0.0297582 1.01699 57 0.146317 0.0629639 1.02408 28 0.0738541 0.0527485 1.00669 26
 0.0751858 0.0352234 1.01895 104 0.0804197 0.0347002 1.01806 67 0.140635 0.0663933 1.0277 11
 0.186486 0.0396555 1.02117 74 0.0995184 0.0389354 1.01202 68 0.154721 0.0603573 1.02598 26
 0.174988 0.0387078 1.02376 100 0.0915488 0.0474506 1.01362 48 0.0358239 0.00876873 1.03406 17
 0.159096 0.0322239 1.03145 120 0.0787854 0.0269021 1.00521 28 0.110075 0.0286804 1.01997 18
 0.0874478 0.0205462 1.01822 66 0.140715 0.0323736 1.02821 64 0.1119 0.00639182 1.01811 40
 0.172752 0.0803724 1.02088 113 0.205996 0.0410645 1.01764 56 0.00326495 0.0494609 1.05886 17
 0.166817 0.0671186 1.02689 100 0.193095 0.0377328 1.0233 28 0.197547 0.00189492 0.987426 23
 0.174036 0.0427871 1.02414 100 0.11787 0.0411079 1.01708 48 0.079672 0.00452972 1.01643 21
 0.162223 0.0403 1.02738 104 0.113684 0.0473625 1.01421 29 0.0760466 0.0158182 1.02519 21
 0.118765 0.0285609 1.02698 75 0.158114 0.00291976 1.02757 32 0.0813188 0.0443989 1.02054 31
 0.109351 0.0184551 1.02805 72 0.143116 0.0188875 1.03059 63 0.135814 0.0819953 1.03192 14
 0.17564 0.0816666 1.0198 76 0.200258 -0.00412769 0.999509 74 0.214033 0.0373157 1.01253 42
 0.168111 0.0751437 1.02341 65 0.201553 0.0387634 1.01676 61 0.138819 0.0324873 1.02094 28
 0.186716 0.039198 1.02131 55 0.155778 0.0688127 1.02522 29 0.198538 -0.00227808 1.00729 28
 0.165274 0.00873462 1.02397 63 0.152665 0.0460464 1.02687 47 0.147623 0.011048 1.0253 32
 0.175422 0.0116246 1.02295 109 0.154618 0.0658225 1.03148 18 0.134081 -0.0105244 1.0263 15
 0.142817 0.01745 1.03287 89 0.120523 0.0474949 1.02326 38 0.0890511 0.045506 1.02289 30
 0.209382 -0.00233723 0.991146 62 0.206017 -0.00120352 0.995081 62 0.205444 0.0420555 1.01733 25
 0.126488 -0.0324987 0.974302 83 0.204645 0.00293186 0.99791 36 0.188428 0.0312758 1.02547 30
 0.183815 0.0106799 1.01532 90 0.10448 -0.0183353 1.00577 52 0.163719 0.0210253 1.02457 23
 0.0657203 -0.0112605 1.03087 92 0.0992944 -0.0254973 1.00722 82 0.18002 0.00411986 1.0176 7
 0.0681936 -0.00727159 1.02747 98 0.0758625 -0.00753719 1.02133 58 0.0821209 -0.00676996 1.01709 44
 0.0606513 0.005704 1.02526 184 0.147673 0.000196005 1.0316 15 0.122197 -0.015651 0.990901 1
 0.0451957 0.0348908 1.03773 178 0.0125047 0.0378216 1.04834 16 0.140363 -0.0068925 1.0221 4
 0.0501139 0.00789338 1.04109 55 0.0537324 0.00774739 1.0381 41 0.160255 0.0127971 1.01873 2
 0.0985459 0.0153188 1.02413 56 0.138883 0.0229286 1.03564 55 0.18204 -0.00774148 1.01174 20
 0.0812181 0.00349301 1.01368 125 0.112798 0.0450719 1.02252 71 0.14187 0.0465103 1.0304 3
 0.129255 0.0516822 1.02456 35 0.10448 0.0251377 1.01584 4
 0.0452203 0.0353732 1.03562 38 0.188494 0.0432652 1.02392 1
