 -0.121458 -0.15299 0.842706 59 -0.0943368 -0.171738 0.829712 35 -0.101688 -0.174297 0.834615 26
 -0.11467 -0.161721 0.847585 55 -0.11478 -0.143734 0.837489 43 -0.115966 -0.137526 0.837223 40
 -0.115575 -0.137695 0.835883 150 -0.113996 -0.164333 0.846963 50
 -0.118879 -0.131401 0.841067 138 -0.12085 -0.157166 0.850584 49 -0.140804 -0.168663 0.840487 10
 -0.120472 -0.133307 0.85153 126 -0.0639872 -0.146158 0.817074 38 -0.0689839 -0.156191 0.848262 25
 -0.114988 -0.129795 0.847143 85 -0.117589 -0.164505 0.853589 55 -0.0701673 -0.147619 0.830785 20
 -0.0697264 -0.163687 0.86689 76 -0.0996694 -0.125812 0.822675 46 -0.0759748 -0.15113 0.818027 26
 -0.0961391 -0.143052 0.822218 152 -0.0687745 -0.152289 0.875647 30 -0.119203 -0.116455 0.839476 10
 -0.0978662 -0.132146 0.827999 151 -0.103196 -0.130714 0.829677 37 -0.111957 -0.13248 0.843951 12
 -0.107371 -0.124225 0.840314 200
 -0.0891935 -0.137208 0.828915 174 -0.103632 -0.127874 0.853949 20 -0.0652494 -0.137855 0.829864 6
 -0.0950334 -0.159604 0.828727 99 -0.0933804 -0.154836 0.824961 78 -0.103832 -0.128798 0.842735 16
 -0.0993102 -0.11613 0.859332 39 -0.112752 -0.117868 0.832252 30 -0.0752729 -0.140947 0.856354 27
 -0.0846959 -0.130175 0.821605 139 -0.0621953 -0.137562 0.869457 52 -0.114979 -0.124453 0.8565 5
 -0.0898165 -0.126406 0.861168 118 -0.0843998 -0.124991 0.831257 56 -0.0645673 -0.147484 0.872342 23
 -0.0934476 -0.12049 0.866787 165 -0.0871062 -0.118545 0.83135 35
 -0.0847962 -0.133437 0.829734 137 -0.0899131 -0.124051 0.865215 52 -0.089373 -0.163602 0.800228 11
 -0.103958 -0.15041 0.842417 116 -0.107282 -0.151036 0.846157 38 -0.099531 -0.152382 0.838132 30
 -0.0578959 -0.120065 0.859855 98 -0.0597176 -0.120931 0.824835 43 -0.0764934 -0.227586 0.990707 40
 -0.0590645 -0.133062 0.865496 124 -0.0617954 -0.125957 0.825473 43 -0.0658014 -0.169738 0.892023 13
 -0.068271 -0.124702 0.848342 170 -0.0624358 -0.136583 0.869314 22 -0.0692377 -0.166276 0.885878 7
 -0.0722904 -0.116037 0.859127 182 -0.0808113 -0.156706 0.830902 11 -0.0697135 -0.123527 0.831533 4
 -0.0734591 -0.127103 0.86109 143 -0.0758558 -0.12543 0.834412 54 -0.0759441 -0.124633 0.84086 3
 -0.0863083 -0.136756 0.827796 8 -0.121842 -0.126477 0.847301 3 -0.10762 -0.16777 0.85867 1
 -0.0557963 -0.138062 0.866091 100 -0.0657615 -0.133256 0.822584 56 -0.105954 -0.13699 0.815855 16
 -0.0667845 -0.135026 0.865742 117 -0.0986739 -0.145521 0.820531 60 -0.0865513 -0.219867 0.99998 9
 -0.0747272 -0.116032 0.854573 61 -0.0726701 -0.145036 0.87025 49 -0.0873698 -0.159228 0.834996 48
 -0.0744108 -0.141094 0.865628 29 -0.0940883 -0.19289 0.854983 11 -0.0735413 -0.12726 0.835239 9

 -0.0846576 -0.146524 0.813183 3
 -0.0798461 -0.13509 0.825435 114 -0.0797469 -0.140571 0.82841 76 -0.096809 -0.124141 0.849472 7
 -0.0758601 -0.161786 0.899259 32 -0.0829423 -0.201367 0.984844 10 -0.08373 -0.199828 0.976089 7
 -0.0855627 -0.161745 0.81935 3
 -0.0925731 -0.133067 0.861676 4 -0.0968091 -0.136893 0.827712 3 -0.0747799 -0.18331 0.878449 2

 -0.102372 -0.172827 0.856928 20 -0.0909085 -0.157948 0.840406 5 -0.0968816 -0.165234 0.849287 3
