 -0.12969 0.0442376 0.969536 120 -0.151318 -0.0166284 0.939468 71 -0.116177 -0.0513657 0.948312 5
 -0.138016 0.0175593 0.969022 58 -0.1428 -0.0298576 0.949509 50 -0.148041 -0.025682 0.945485 40
 -0.149446 -0.0206576 0.944506 70 -0.137604 0.0228021 0.970055 54 -0.141368 0.000258675 0.971151 48
 -0.134919 -0.0335931 0.952064 90 -0.0782235 -0.117209 0.956915 31 -0.132092 0.00938341 0.976207 31
 -0.128838 -0.0240309 0.968819 72 -0.109422 -0.0543941 0.950331 67 -0.100481 -0.090338 0.930787 20
 -0.106454 -0.0795628 0.937879 137 -0.122758 -0.0389739 0.969551 29 -0.136855 -0.0121708 0.975444 14
 -0.12789 0.0341696 0.97175 177 -0.0855808 -0.000690907 0.985018 12 -0.0885124 0.0231693 0.974766 11
 -0.134616 0.0207802 0.976258 187 -0.0845865 -0.0151425 0.980581 12 -0.0626004 -0.0984981 0.954355 1
 -0.129865 0.0146075 0.980603 133 -0.117573 -0.0446406 0.95303 37 -0.0723343 -0.0814787 0.947795 22
 -0.129581 0.00364264 0.980162 119 -0.0785438 -0.0691961 0.951327 39 -0.124156 -0.0131707 0.977215 29
 -0.125691 -0.00689861 0.975168 49 -0.0708385 -0.0769536 0.943361 37 -0.108484 -0.0464539 0.952964 34
 -0.0756887 -0.0609653 0.967379 82 -0.123597 -0.0151385 0.976424 64 -0.0953109 -0.0283013 0.981284 42
 -0.12342 0.0463994 0.971712 159 -0.020504 0.0187567 0.976386 19 -0.0868403 0.0392631 0.973296 19
 -0.125499 0.0305649 0.979953 131 -0.0942952 0.0270322 0.982571 36 -0.02912 -0.00312024 0.976802 29
 -0.12521 0.00630199 0.984495 44 -0.112376 -0.000136293 0.98957 39 -0.12223 0.0274365 0.981979 38
 -0.126167 -0.000949015 0.986434 55 -0.113977 -0.0368002 0.946232 50 -0.118852 0.00584371 0.990218 44
 -0.121173 0.0132785 0.994708 95 -0.10361 -0.0409337 0.962353 43 -0.101462 -0.0214142 0.985468 40
 -0.0939053 -0.0292749 0.983923 138 -0.0738795 -0.0455813 0.971227 46 -0.121559 -0.0077905 0.98677 14
 -0.0204198 0.0151868 0.972882 136 -0.0863271 0.040634 0.969344 64
 -0.0250845 0.00138796 0.974954 160 -0.0902555 0.0279635 0.973993 32 -0.108404 0.0174482 0.981113 8
 -0.0297543 -0.0158693 0.980157 184 -0.101904 0.0083713 0.995248 16
 -0.0344967 -0.0311274 0.97936 68 -0.0945064 0.032979 0.982766 45 -0.0980927 0.0161493 0.993657 37
 -0.0961343 0.0133985 0.997285 52 -0.0945688 0.00784546 0.997733 49 -0.0425858 -0.0440366 0.972093 31
 -0.085283 -0.020797 0.99462 190 -0.0513865 -0.0772862 0.964887 10
 -0.0227 0.0100445 0.979484 197 -0.0869599 0.0334298 0.975686 2 -0.0455676 -0.130456 0.976708 1
 -0.0281222 -0.00776589 0.980064 119 -0.0658758 -0.149656 0.990587 30 -0.0324978 -0.0368948 0.963747 26
 -0.0345496 -0.0274022 0.97899 192 -0.0352345 -0.0664569 0.962678 8
 -0.0379954 -0.0483666 0.970216 194 -0.128563 -0.0408075 0.958988 6
 -0.0396886 -0.0681326 0.966037 110 -0.0442412 -0.088149 0.965509 69 -0.0426584 -0.0811778 0.965647 19
 -0.0480946 -0.0918274 0.967998 169 -0.0465734 -0.0559092 0.957623 18 -0.0519272 -0.0664452 0.955681 7
 -0.0665903 -0.116022 0.969092 100 -0.0918286 -0.0972892 0.947458 50 -0.0707483 -0.132967 0.995601 20
 -0.0499904 -0.0998052 0.971527 35 -0.0462167 -0.0323861 0.970905 5 -0.0916475 -0.141397 1.00908 3
 -0.0731516 -0.0461668 0.982875 138 -0.118159 -0.02753 0.984083 59 -0.132436 0.00682932 0.994696 2
 -0.0932608 -0.0682916 0.948323 157 -0.101762 -0.0361903 0.976009 38 -0.126413 -0.0160136 0.983541 4
 -0.0820854 -0.0513822 0.974628 45 -0.101422 -0.0286712 0.986185 6 -0.0676675 -0.0906237 0.95193 1
 -0.0819964 -0.115951 0.973252 17 -0.0949285 -0.02586 0.990471 10 -0.0775754 -0.152817 1.00779 3
