 -0.0735665 -0.0713672 0.925566 87 -0.0502464 -0.0504177 0.899257 46 -0.0718069 -0.0671989 0.921362 32
 -0.0654237 -0.0561057 0.917428 166 -0.0407115 -0.0399553 0.878864 13 -0.00591599 -0.0508219 0.894812 9
 -0.069682 -0.0571988 0.921538 175 -0.102399 -0.131331 0.978495 14 -0.0332965 -0.0322801 0.876174 10
 -0.0792719 -0.0599647 0.926214 174 -0.0403051 -0.116614 0.932825 14 -0.103535 -0.121674 0.974932 6
 -0.0806352 -0.0655339 0.931657 173 -0.0511672 -0.11561 0.93781 21 -0.0685675 -0.131524 0.961246 2
 -0.089427 -0.0830388 0.934603 97 -0.0723083 -0.0604549 0.92936 64 -0.0770546 -0.065696 0.930553 19
 -0.0424054 -0.0457308 0.899537 151 -0.00135506 -0.0470912 0.889415 27 -0.00557878 -0.102083 0.878974 13
 -0.0489102 -0.0431725 0.912622 111 -0.0514414 -0.0548491 0.927253 72 -0.0511771 -0.0495057 0.921369 13
 -0.0574795 -0.0649706 0.928067 121 -0.0542981 -0.0564878 0.922954 65 -0.0245525 -0.0522865 0.878341 14
 -0.0627516 -0.0524126 0.924047 140 -0.0417278 -0.0768996 0.950473 34 -0.0132344 -0.0428684 0.88035 13
 -0.0475854 -0.0849149 0.937074 198 -0.0453081 -0.0243584 0.899192 1 -0.0534953 -0.0628726 0.928833 1
 -0.0673014 -0.0900104 0.948164 139 -0.0521446 -0.113388 0.93844 38 -0.0583787 -0.074119 0.939948 14
 -0.0347373 -0.0321487 0.895985 74 -0.0344261 -0.0335519 0.890075 66 -0.00509648 -0.0475762 0.883967 32
 -0.0337162 -0.0427141 0.887582 106 -0.00460672 -0.0647192 0.887941 29 -0.0401929 -0.076492 0.937227 26
 -0.0427001 -0.0629887 0.941614 160 -0.0274824 -0.0495894 0.882421 13 -0.0378879 -0.0569239 0.89544 9
 -0.0498216 -0.0615668 0.929513 151 -0.0415929 -0.0792044 0.951477 41 -0.0323485 -0.0275233 0.912837 5
 -0.0464044 -0.0721224 0.947598 128 -0.049625 -0.0679664 0.945126 72
 -0.048427 -0.0767361 0.954877 198 -0.0876568 -0.120137 0.954411 2
 -0.0130247 -0.036019 0.879921 184 0.00276036 -0.105013 0.888576 7 -0.00939594 -0.114517 0.912565 5
 -0.0178931 -0.0432385 0.886071 137 -0.0274069 -0.0600702 0.94414 29 -0.0214294 -0.0556436 0.942199 17
 -0.0165266 -0.0601055 0.944762 63 -0.023677 -0.0454087 0.884857 61 -0.0392196 -0.0362549 0.896352 29
 -0.0265355 -0.0506989 0.943694 66 -0.0190371 -0.0735981 0.949346 62 -0.0395385 -0.0266094 0.91253 42
 -0.026519 -0.0640201 0.947819 192 -0.0197146 -0.0445481 0.883933 8
 -0.0303655 -0.078399 0.961492 98
 -0.0141491 -0.0482044 0.880434 110 -0.0265376 -0.0400975 0.894323 45 0.00231844 -0.106917 0.886798 24
 -0.0214363 -0.110214 0.922815 110 0.00150434 -0.104631 0.887429 46 -0.0151722 -0.046728 0.882913 27
 -0.0248277 -0.0841864 0.932239 178 -0.0237808 -0.108326 0.92939 11 -0.0798692 -0.128087 0.961037 2
 -0.028339 -0.0844892 0.954075 60 -0.0128076 -0.0905061 0.945488 59 -0.0322281 -0.102223 0.935978 45
 -0.0448538 -0.119969 0.944942 80 -0.0414279 -0.110964 0.9393 51 -0.0399377 -0.106444 0.93704 40
 -0.0615972 -0.117576 0.950181 120 -0.0388308 -0.103185 0.915916 24 -0.069889 -0.13901 0.97129 23
 -0.0959797 -0.116759 0.979785 74 -0.0885918 -0.119113 0.965678 69 -0.106299 -0.146908 0.999843 27
 -0.0946311 -0.109844 0.972755 8 -0.0771582 -0.139917 0.984422 2 -0.0687907 -0.0689143 0.931921 2
 -0.0530114 -0.0722762 0.924711 7 -0.0480817 -0.074792 0.9449 2 -0.0511696 -0.0731603 0.932229 1
 -0.0855141 -0.101885 0.943135 144 -0.0636942 -0.07157 0.938259 54 -0.105313 -0.11771 0.98706 2
 -0.0792172 -0.0906095 0.944356 15
 -0.0888151 -0.123206 0.970017 107 -0.0603657 -0.0838136 0.924968 2
