 -0.138642 0.018502 1.03784 117 -0.129404 -0.0359675 1.00854 23 -0.109527 -0.0758746 0.988394 18
 -0.138245 0.00739014 1.04127 117 -0.131624 -0.0444905 1.01253 35 -0.101449 -0.0676829 0.98261 10
 -0.126252 -0.0544245 1.01978 69 -0.0978759 -0.131563 1.02982 35 -0.110178 -0.0748506 0.995538 26
 -0.0932743 -0.139794 1.02455 38 -0.129615 -0.123745 1.02172 28 -0.125836 -0.0531469 1.01994 19
 -0.0972611 -0.12951 1.02261 47 -0.12931 -0.128206 1.02474 33 -0.124659 -0.0582971 1.02165 28
 -0.131273 -0.094424 1.01858 114 -0.109175 -0.146772 1.02536 39 -0.133616 -0.123502 1.01971 24
 -0.119984 -0.0145912 1.00033 52 -0.0926758 -0.0354096 1.02915 35 -0.0919263 -0.0925552 0.99551 33
 -0.122604 -0.0352151 1.01073 118 -0.10381 -0.0623297 0.985413 26 -0.133662 -0.0859364 1.01247 23
 -0.0997224 -0.0700936 0.990141 81 -0.126114 -0.0553125 1.01791 32 -0.11408 -0.0277282 1.03453 19
 -0.103992 -0.0808521 0.995009 89 -0.102136 -0.115849 1.02283 52 -0.125079 -0.0794593 1.01227 24
 -0.117129 -0.100239 1.02689 47 -0.113917 -0.110722 1.02827 32 -0.114117 -0.0649455 0.99655 32
 -0.117344 -0.110958 1.0276 138 -0.121569 -0.0442351 1.02593 16 -0.110594 -0.0847005 0.994375 16
 -0.131403 0.0122308 1.03899 100 -0.096497 -0.0117302 1.01532 51 -0.120698 -0.011746 0.998004 32
 -0.109962 -0.0236827 1.02134 76 -0.121708 -0.0127113 0.996693 60 -0.134525 -0.00288852 1.04547 20
 -0.125486 -0.0312149 1.00568 94 -0.0954967 -0.0646738 1.04238 26 -0.104044 -0.0676994 0.991215 26
 -0.129374 -0.0438504 1.01236 40 -0.0897 -0.0656795 0.982508 31 -0.0935768 -0.0459593 1.0383 25
 -0.106804 -0.105513 1.03351 74 -0.0934204 -0.128296 1.01873 35 -0.12521 -0.0710909 1.02677 24
 -0.122768 -0.102274 1.03406 81 -0.116829 -0.158951 1.05629 31 -0.12785 -0.068083 1.0228 30
 -0.0940092 -0.0102049 1.01501 97 -0.140262 0.018671 1.03627 73 -0.0900515 -0.0363142 1.03561 22
 -0.0968022 -0.0246215 1.02584 74 -0.135931 0.00994235 1.04349 64 -0.0954976 -0.0307029 1.03028 40
 -0.0988663 -0.0473162 1.04158 58 -0.0942465 -0.0309028 1.03242 50 -0.0889434 -0.0863839 0.997136 41
 -0.0974842 -0.0409452 1.03819 81 -0.0927522 -0.0911892 0.999098 53 -0.0982947 -0.072285 1.04872 32
 -0.0993914 -0.063005 1.04747 128 -0.095241 -0.100939 1.00623 46 -0.123614 -0.0621513 1.02209 7
 -0.117862 -0.0634592 0.972207 11 -0.103378 -0.0681164 1.05126 11 -0.120054 -0.0719275 1.03439 8
 -0.140812 0.0222768 1.04124 53 -0.0984637 -0.0189954 1.01861 48 -0.0808814 -0.114572 1.0118 16
 -0.122284 -0.144403 1.03208 51 -0.0908624 -0.0475855 1.04641 30 -0.0977251 -0.0809429 0.991487 19
 -0.0896345 -0.103753 1.01159 101 -0.0921878 -0.0659902 1.05047 48 -0.0878585 -0.0836277 1.05565 14
 -0.0903492 -0.119891 1.02312 137 -0.0920713 -0.0837719 1.0558 54 -0.0878844 -0.0870459 1.00275 5
 -0.0902934 -0.121553 1.02178 122 -0.0960001 -0.0957785 1.04738 31 -0.132836 -0.126885 1.03039 23
 -0.101916 -0.112843 1.01294 61 -0.100145 -0.146483 1.03123 38 -0.0960151 -0.0294073 1.04002 20
 -0.119545 -0.148164 1.03754 67 -0.116824 -0.1295 1.02897 50 -0.124703 -0.167177 1.0619 34
 -0.108633 -0.149025 1.04914 29 -0.126409 -0.122996 1.03061 8 -0.140894 -0.151998 1.03676 6
 -0.11939 -0.12633 1.03799 78 -0.104845 -0.0872395 1.00865 11 -0.112025 -0.0353026 1.03189 1
 -0.128496 -0.109376 1.02809 130 -0.128477 -0.105054 1.02725 35 -0.106649 -0.12329 1.03237 26
 -0.120633 -0.113428 1.02518 9 -0.120292 -0.098805 1.02074 8 -0.120543 -0.118339 1.02702 7
 -0.127158 -0.153779 1.04581 86 -0.130073 -0.164683 1.06354 63 -0.121677 -0.11707 1.02229 28
