 -0.00874604 -0.0661175 0.934889 103 -0.0264348 -0.0799884 0.970236 46 -0.0270126 -0.0712588 0.964602 18
 -0.0195193 -0.0627239 0.948481 184 -0.0448354 -0.0848519 0.983108 9 0.00368559 -0.122401 0.9725 4
 -0.028105 -0.0646453 0.964117 121 -0.0015053 -0.0429422 0.927557 41 -0.0309159 -0.127106 0.987907 32
 -0.0354886 -0.0683221 0.974613 108 -0.0365293 -0.111539 0.97462 44 0.0182643 -0.0438859 0.930201 41
 -0.0374025 -0.088258 0.974792 64 -0.0306727 -0.0926782 0.970885 40 -0.0362592 -0.114624 0.988722 23
 -0.0307675 -0.0730885 0.981649 153 -0.0194471 -0.105882 0.985377 46 -0.0386978 -0.136641 1.01183 1
 -0.00281643 -0.0597157 0.937053 136 -0.00478653 -0.0521181 0.945293 51 -0.00770539 -0.0738854 0.997853 13
 -0.00828566 -0.0554444 0.944145 192 -0.0137161 -0.0672296 0.977899 7 -0.0064306 -0.0936614 1.00213 1
 -0.0160061 -0.0610161 0.956205 81 -0.0191736 -0.0821686 0.98589 78 0.00646871 -0.0636073 0.930584 41
 -0.0213479 -0.0547473 0.959138 68 -0.0126237 -0.0834864 0.992328 53 0.0180368 -0.0541031 0.932545 40
 -0.0187858 -0.0928458 0.98547 132 -0.0109876 -0.0483244 0.930793 27 -0.0295537 -0.0625439 0.95831 13
 -0.0309485 -0.0959429 0.989871 101 -0.0257504 -0.0797939 0.980688 40 -0.0285314 -0.0908785 0.987885 29
 -0.00404112 -0.0383148 0.948099 128 0.0105505 -0.0617693 0.930421 20 0.00254003 -0.0399897 0.921153 16
 0.000826468 -0.0550642 0.929047 90 -0.010473 -0.0515602 0.951845 83 -0.00535148 -0.0506983 0.947158 14
 0.00526924 -0.0465156 0.960936 91 -0.00862984 -0.0767866 0.984766 46 -0.00493643 -0.0688035 0.934917 42
 -0.0108967 -0.0850466 0.987735 85 0.0209935 -0.0575106 0.930211 76 -0.000622934 -0.0460303 0.965441 39
 -0.00733232 -0.0776671 0.991009 136 -0.0125001 -0.0577462 0.966101 29 -0.0107558 -0.0545311 0.926116 24
 -0.00591708 -0.0860976 0.992704 70 -0.00840689 -0.038168 0.948439 20 -0.034393 -0.104961 0.985685 19
 0.0228125 -0.0470123 0.93143 192 0.00933375 -0.0778275 0.988492 6 -0.0154921 -0.0418543 0.946362 2
 0.0219742 -0.0563141 0.923978 174 0.00865857 -0.069589 0.990906 22 0.02429 -0.0635919 0.958973 2
 0.0181482 -0.0687203 0.932327 158 0.00402337 -0.0862454 0.998731 42
 0.0233154 -0.0517533 0.930234 155 -0.0108764 -0.0800289 0.931818 19 -0.00909306 -0.0573056 0.948182 13
 0.0134874 -0.0795323 0.991896 68 -0.0218637 -0.143497 1.00348 37 0.00814132 -0.107875 0.979551 34
 -0.0313096 -0.151825 1.01653 11 -0.013976 -0.0964172 0.991567 7 0.0180871 -0.10504 0.969965 3
 0.0267715 -0.0658043 0.932327 81 0.0181566 -0.0510143 0.936509 78 0.0140626 -0.069713 0.97006 24
 0.011119 -0.0846071 0.986269 97 0.0195136 -0.0685404 0.935879 67 0.023511 -0.0531886 0.946586 19
 0.0193412 -0.0898236 0.965917 122 0.0157422 -0.0475131 0.914993 78
 0.0160431 -0.0987984 0.976831 96 0.01558 -0.0600869 0.931579 75 0.00801016 -0.116212 0.986847 27
 -0.000599049 -0.12364 0.991998 200
 -0.00665142 -0.134112 1.00158 64 -0.00789881 -0.140414 1.00894 63 -0.0071268 -0.136675 1.00474 55
 -0.0394434 -0.14654 1.02371 200
 -0.0213045 -0.14599 1.02037 16 -0.0209124 -0.0968512 0.987955 3 -0.0446127 -0.158731 1.03376 2
 -0.0207194 -0.0980064 0.992029 14 -0.030196 -0.127991 1.0003 7 -0.0125528 -0.0768988 1.00264 2
 -0.0347523 -0.103567 0.992029 93 -0.032671 -0.109796 0.993511 65 0.00185466 -0.0894062 0.986195 27
 -0.0207094 -0.0950186 0.995883 19 -0.0234521 -0.0661109 0.972246 12 -0.0341179 -0.113932 0.999477 1
 -0.0422517 -0.155619 1.03602 88 -0.0166035 -0.0721616 0.977478 42 -0.0325082 -0.148087 1.01121 20
