 -0.0548192 -0.0131531 0.97916 132 -0.0458624 -0.0673724 0.985643 37 -0.00971537 0.0301809 0.980223 29
 -0.0546206 -0.0245936 0.980948 73 -0.0436149 -0.0745354 0.989738 34 -0.0506453 -0.0544301 0.987045 30
 -0.0509526 -0.044374 0.986684 68 -0.0500948 -0.0694546 0.994154 55 0.00391564 -0.0591166 0.997279 42
 -0.0500283 -0.0517548 0.990479 126 -0.00432552 -0.0658745 0.994869 61 -0.0480058 -0.0807543 1.00102 11
 -0.0455616 -0.0418527 0.98292 63 -0.0429081 -0.0684265 0.992114 48 -0.0358049 -0.0715414 0.991182 41
 -0.0526733 -0.0366403 0.986207 54 -0.0288425 -0.0868869 1.00575 41 -0.0434984 -0.0701487 0.986892 39
 -0.0410027 0.00921897 0.97335 195 -0.0328168 -0.0385034 0.976214 2 -0.0192047 -0.0842446 0.989626 2
 -0.0448776 -0.00516286 0.978881 185 -0.0338148 -0.0574476 0.983822 15
 -0.0447533 -0.0247146 0.986371 197 -0.00107999 -0.0543163 1.00251 3
 -0.0383154 -0.0418682 0.986952 106 -0.0420136 -0.00947352 0.979011 44 -0.0363022 -0.00719112 0.978635 38
 -0.0508216 -0.0485369 0.993691 89 -0.0370584 -0.0339512 0.988028 73 -0.0397792 -0.0381448 0.989032 17
 -0.0358116 -0.0333983 0.986433 195 -0.0283426 -0.107373 1.01842 5
 -0.0137438 0.025674 0.977881 200
 -0.0250967 0.00645336 0.975062 200
 -0.0294144 -0.0108579 0.978079 198 -0.0593233 -0.00362082 0.982894 2
 -0.031545 -0.0270333 0.981153 167 -0.0075615 -0.071601 1.00062 15 -0.0181986 -0.0669599 0.992692 11
 -0.0313711 -0.0371102 0.986477 191 -0.0221486 -0.0967396 1.00984 5 -0.0209273 -0.0921642 1.00645 4
 -0.0380361 -0.044625 0.988425 86 -0.0170243 -0.101691 1.02031 17 -0.0149018 -0.0633433 1.00362 8
 -0.00936592 0.0241161 0.977729 199 -0.0131268 -0.16805 1.07324 1
 -0.0144268 0.0131381 0.979699 200
 -0.0262388 -0.0064859 0.978284 173 0.00264898 -0.0274413 0.997861 16 -0.00630403 -0.0252997 0.996541 11
 -0.00458289 -0.110473 1.01278 65 -0.0350751 -0.0093857 0.981606 38 -0.0304634 -0.0158186 0.984598 32
 -0.0154178 -0.0147477 0.997995 126 -0.00140479 -0.0409141 1.01052 42 -0.0173801 -0.1446 1.04426 28
 -0.0111557 -0.0396919 1.01075 17 -0.0443172 -0.0390485 0.977277 14 -0.00980295 -0.0130509 1.01397 11
 -0.0175864 0.0239195 0.978695 150 -0.0454942 -0.063957 0.972231 28 -0.0503297 -0.106599 1.0179 8
 -0.025018 0.00701276 0.981772 116 -0.00196057 -0.0346142 1.00745 31 -0.0367736 -0.0735103 0.993132 28
 -0.0116926 -0.0419671 1.00344 94 -0.000551241 -0.0691309 1.01302 74 -0.000794493 -0.0650638 1.01192 24
 -0.00973651 -0.0946518 1.02508 165 -0.00512269 -0.0588788 1.0096 27 -0.04011 -0.163969 1.0752 5
 -0.0124269 -0.0737422 1.01055 182 -0.00971957 -0.0992109 1.02793 18
 -0.0164782 -0.105632 1.02287 89 -0.00707043 -0.0629314 1.00666 58 -0.020348 -0.0455717 0.989448 47
 -0.0370565 -0.121815 1.04575 200
 -0.0169973 -0.0956931 1.02395 75 -0.0131733 -0.127374 1.05082 12 -0.0440121 -0.157392 1.07149 5
 -0.035458 -0.0638757 0.993565 143 -0.0332448 -0.108446 1.02914 2
 -0.0419564 -0.0760448 1.00475 91 -0.0181971 -0.0762473 1.00405 66 -0.0472097 -0.0943841 1.02602 32
 -0.0324421 -0.0926272 1.01537 10 -0.0423603 -0.125093 1.04287 4
 -0.0389454 -0.130368 1.04961 33
