 -0.189227 -0.0602052 1.01477 198 -0.154139 -0.129132 1.01772 1 -0.119659 -0.0245967 0.993717 1
 -0.18848 -0.0733137 1.02007 200
 -0.184911 -0.0880211 1.02744 192 -0.105054 -0.13195 1.02847 5 -0.176232 -0.143273 1.02469 2
 -0.182067 -0.0925138 1.02918 137 -0.173927 -0.171354 1.0294 52 -0.135128 -0.0395476 1.00348 6
 -0.179023 -0.0973769 1.03056 135 -0.174652 -0.171784 1.03817 51 -0.120433 -0.136261 1.0197 6
 -0.176855 -0.108868 1.03002 195 -0.1648 -0.152793 1.02998 5
 -0.146571 -0.0377732 1.00813 188 -0.185534 -0.0611741 1.01311 9 -0.174295 -0.123025 1.01176 3
 -0.150815 -0.0498571 1.01908 181 -0.184309 -0.0708402 1.02424 9 -0.144412 -0.15956 1.03691 7
 -0.156204 -0.0619107 1.02885 107 -0.156264 -0.0584479 1.02675 83 -0.15043 -0.145388 1.03733 5
 -0.157476 -0.0750612 1.03419 148 -0.16873 -0.153803 1.02952 47 -0.123469 -0.0634142 1.00679 5
 -0.153363 -0.085964 1.03931 191 -0.119827 -0.11433 1.04918 6 -0.108738 -0.0709599 1.02002 2
 -0.154234 -0.101143 1.04012 193 -0.179939 -0.151672 1.03467 7
 -0.121287 -0.0385369 0.998691 141 -0.142272 -0.0338807 1.00661 54 -0.134635 -0.0365406 1.00446 3
 -0.131059 -0.0516977 1.01333 116 -0.134871 -0.0522642 1.01527 80 -0.150402 -0.0809629 1.03828 3
 -0.150682 -0.0711514 1.03201 158 -0.149618 -0.171527 1.03746 21 -0.142974 -0.116555 1.04071 14
 -0.134498 -0.0557486 1.01636 64 -0.121616 -0.133063 1.01712 52 -0.15454 -0.0842488 1.03637 28
 -0.134852 -0.104297 1.04543 91 -0.137146 -0.0973621 1.04378 77 -0.135147 -0.067776 1.02813 28
 -0.13945 -0.107007 1.04414 198 -0.111365 -0.0777768 1.02648 2
 -0.118004 -0.0330297 0.996972 117 -0.0958536 -0.0894655 0.981567 40 -0.101776 -0.0762553 1.004 25
 -0.121663 -0.04518 1.00147 151 -0.0992301 -0.0966923 0.976998 38 -0.108508 -0.0784815 1.02091 5
 -0.127805 -0.0561374 1.01675 121 -0.105786 -0.111162 0.988266 38 -0.116843 -0.116135 1.03092 22
 -0.141194 -0.0576027 1.02129 88 -0.127654 -0.0784715 1.03503 43 -0.120804 -0.129645 1.03659 19
 -0.127209 -0.0747042 1.03643 93 -0.127907 -0.0811148 1.04005 89 -0.106587 -0.103643 0.989402 7
 -0.132799 -0.100557 1.0487 120 -0.14183 -0.128712 1.03658 16 -0.126332 -0.183235 1.08998 2
 -0.0929875 -0.0994443 0.980947 150 -0.102406 -0.102618 1.04085 24 -0.117258 -0.033024 0.997873 11
 -0.0986869 -0.102872 0.989974 166 -0.10772 -0.125553 1.03029 17 -0.130951 -0.0609119 1.02037 6
 -0.107666 -0.129622 1.01886 194 -0.13039 -0.0705234 1.03329 4 -0.132218 -0.119594 1.01705 1
 -0.112039 -0.141546 1.02986 191 -0.125315 -0.0871289 1.04141 3 -0.179676 -0.104733 1.03655 2
 -0.116219 -0.151653 1.03056 149 -0.171565 -0.185074 1.06037 27 -0.177378 -0.161283 1.03907 21
 -0.130931 -0.157759 1.03018 140 -0.136977 -0.133407 1.03832 4 -0.114041 -0.108968 1.03955 2
 -0.135405 -0.157093 1.03221 62 -0.144243 -0.179153 1.05205 51 -0.137534 -0.163994 1.03763 42
 -0.135312 -0.161788 1.03399 2
 -0.154196 -0.122725 1.04495 199 -0.157585 -0.0577419 1.02761 1
 -0.164713 -0.130849 1.03822 200
 -0.123511 -0.107582 1.04081 2.13005
 -0.15117 -0.184752 1.06461 53 -0.151629 -0.172293 1.04383 29 -0.151715 -0.177369 1.05154 17
