 -0.154173 -0.1724 0.868605 177 -0.155326 -0.169829 0.906252 23
 -0.152788 -0.180633 0.870892 143 -0.155573 -0.178252 0.911469 33 -0.154085 -0.22294 0.877794 14
 -0.153895 -0.176714 0.91041 80 -0.148487 -0.193018 0.87742 53 -0.122281 -0.228078 0.888908 27
 -0.154543 -0.173722 0.912921 75 -0.149336 -0.179481 0.871092 54 -0.148516 -0.209067 0.932783 25
 -0.12961 -0.217469 0.928005 46 -0.130087 -0.216842 0.885677 41 -0.148334 -0.182606 0.875018 38
 -0.151616 -0.19508 0.867217 48 -0.0575003 -0.225117 0.967718 44 -0.147184 -0.212793 0.944269 44
 -0.122402 -0.170704 0.952822 83 -0.135202 -0.160203 0.915762 44 -0.138883 -0.162813 0.913715 38
 -0.134327 -0.171409 0.951523 94 -0.121197 -0.226832 0.920089 42 -0.146618 -0.179251 0.91295 36
 -0.129443 -0.215296 0.935646 89 -0.127896 -0.186075 0.95197 66 -0.141055 -0.171564 0.90998 17
 -0.131139 -0.202102 0.953887 106 -0.146339 -0.164823 0.912845 28 -0.0752416 -0.223021 0.931486 24
 -0.137507 -0.190786 0.954819 132 -0.125456 -0.207605 0.95386 58 -0.130899 -0.171445 0.909983 8
 -0.134528 -0.208759 0.954858 120 -0.112365 -0.22138 0.908892 68 -0.100196 -0.220564 0.951116 7
 -0.104494 -0.245729 0.911664 72 -0.114142 -0.1668 0.9626 72 -0.135114 -0.150252 0.918694 52
 -0.105633 -0.227642 0.92487 68 -0.0687148 -0.247713 1.02135 41 -0.0700108 -0.258105 1.03546 33
 -0.116188 -0.190739 0.953858 66 -0.120872 -0.18285 0.958045 43 -0.0826104 -0.214058 0.954114 31
 -0.0809657 -0.211298 0.951151 70 -0.104955 -0.215459 0.953411 60 -0.121227 -0.167748 0.961572 49
 -0.115883 -0.201413 0.958981 129 -0.0795676 -0.211551 0.97731 47 -0.126357 -0.145166 0.920379 14
 -0.109251 -0.207542 0.962897 180 -0.120777 -0.178616 0.964541 11 -0.0868517 -0.191835 0.985307 4
 -0.0799729 -0.241956 0.9336 42 -0.0603332 -0.253819 1.02069 41 -0.0617064 -0.264407 1.03503 34
 -0.0669981 -0.224809 0.971864 60 -0.0621719 -0.245134 1.01012 44 -0.07855 -0.234898 0.942696 43
 -0.0760642 -0.231262 0.960571 84 -0.068437 -0.237645 0.995418 50 -0.0857934 -0.188655 0.962116 38
 -0.062334 -0.22784 0.969509 71 -0.104403 -0.174528 0.96829 56 -0.126198 -0.176271 0.956309 45
 -0.0855752 -0.20696 0.960614 133 -0.113993 -0.180299 0.962745 62 -0.137933 -0.212858 0.951554 2
 -0.105541 -0.196242 0.969046 158 -0.135715 -0.228245 0.905133 41 -0.124797 -0.204481 0.961558 1
 -0.0553662 -0.255494 1.02472 100 -0.0558251 -0.258501 1.02951 82 -0.0868192 -0.236464 0.92827 9
 -0.072327 -0.228984 0.953516 123 -0.0905559 -0.180683 0.973764 41 -0.0696728 -0.246772 1.02437 16
 -0.0673637 -0.211944 0.975562 109 -0.0583999 -0.232631 1.0146 67 -0.0715677 -0.22822 0.955823 14
 -0.0765746 -0.218329 0.97147 123 -0.0704239 -0.245643 1.01329 48 -0.0872647 -0.228905 0.939814 17
 -0.108874 -0.229118 0.924101 100 -0.0640107 -0.225315 0.968206 8 -0.091617 -0.223886 0.952527 5
 -0.149716 -0.217613 0.930995 12 -0.12977 -0.208866 0.967152 7 -0.118765 -0.220979 0.878658 3
 -0.128363 -0.201313 0.947985 46 -0.119538 -0.211322 0.929065 8 -0.124695 -0.197454 0.869012 2

 -0.116832 -0.215762 0.959151 134 -0.14082 -0.214013 0.915212 2 -0.146045 -0.19264 0.952994 2
 -0.14213 -0.211693 0.95472 90 -0.0933754 -0.227147 0.932115 25 -0.134378 -0.215496 0.911723 2
 -0.127032 -0.21589 0.95779 1 -0.106389 -0.191672 0.95916 1
 -0.127848 -0.216198 0.92759 0.831744
