 -0.229913 0.108185 0.934135 136 -0.232462 0.0501105 0.933126 40 -0.238051 -0.0216323 0.944671 20
 -0.230698 0.0953286 0.936217 152 -0.230568 0.0642693 0.933492 29 -0.200499 0.0505534 0.894391 9
 -0.230079 0.0829251 0.941976 91 -0.228927 0.0930133 0.939249 44 -0.200347 0.0506825 0.954687 28
 -0.233058 0.071083 0.938179 121 -0.188365 0.0522332 0.961642 34 -0.249992 0.0410349 0.944788 12
 -0.234351 0.0648548 0.941305 60 -0.232825 0.0779937 0.941995 36 -0.24051 0.0432121 0.945926 34
 -0.227917 0.0684996 0.942495 101 -0.193881 0.0275198 0.920855 29 -0.245179 -0.00329474 0.944753 29
 -0.186923 0.120213 0.908139 110 -0.222255 0.108448 0.934566 78 -0.21942 0.00685107 0.93498 6
 -0.191879 0.109916 0.916921 81 -0.19844 0.0400589 0.89972 38 -0.219192 0.0952279 0.938468 33
 -0.223499 0.070809 0.939415 129 -0.206036 0.0549891 0.897565 43 -0.198585 0.0728124 0.955267 13
 -0.228675 0.0536603 0.940433 107 -0.219063 0.0885954 0.94185 69 -0.244382 -0.0023301 0.943589 10
 -0.21472 0.0913572 0.939661 87 -0.207871 0.101391 0.905513 37 -0.205605 0.0868395 0.872899 25
 -0.219065 0.084883 0.942878 108 -0.208365 0.0706111 0.885514 51 -0.231308 0.0395376 0.949108 14
 -0.188785 0.122016 0.908889 200
 -0.195165 0.10743 0.922518 198 -0.190779 0.0821563 0.879104 2
 -0.203268 0.0875499 0.940756 137 -0.187008 0.100474 0.909182 54 -0.171391 0.0813459 0.958494 7
 -0.195623 0.109897 0.920257 144 -0.204099 0.0833995 0.944818 31 -0.19642 0.0595358 0.889667 16
 -0.208927 0.0859195 0.946346 164 -0.190008 0.109843 0.917937 21 -0.209025 0.0524802 0.890613 13
 -0.19987 0.0886369 0.946876 57 -0.199166 0.0493188 0.902736 52 -0.21914 0.0479232 0.946789 47
 -0.163744 0.110554 0.925405 194 -0.18867 0.127173 0.901593 6
 -0.167546 0.100201 0.933447 191 -0.18707 0.114032 0.912761 6 -0.182131 0.0442729 0.903718 3
 -0.181088 0.089686 0.943671 194 -0.186541 0.0346246 0.915236 6
 -0.182674 0.0763329 0.956677 119 -0.199533 0.0995822 0.9389 32 -0.198976 0.0958472 0.943246 23
 -0.192884 0.0849027 0.956711 183 -0.195086 0.00977544 0.93802 12 -0.227267 0.0638638 0.943326 4
 -0.197779 0.0572205 0.966291 77 -0.192647 0.0211711 0.932084 57 -0.220934 0.102637 0.933004 3
 -0.185247 0.120911 0.912509 81 -0.166475 0.0802064 0.955371 75 -0.199302 0.0539237 0.888273 23
 -0.197635 0.0451939 0.901902 69 -0.179401 0.102376 0.916769 49 -0.183438 0.0904253 0.953184 31
 -0.194228 0.0256683 0.927417 82 -0.185736 0.0738087 0.957959 50 -0.185699 0.0787274 0.955515 35
 -0.19089 0.0119269 0.942043 90 -0.191646 0.0440408 0.965116 70 -0.191944 0.070037 0.96496 39
 -0.200845 -0.00336421 0.95338 176 -0.183399 0.0380091 0.965273 15 -0.18681 0.0765749 0.965439 7
 -0.208162 -0.0077937 0.947603 90 -0.201045 0.0590044 0.955712 68 -0.193465 0.0409436 0.914526 41
 -0.224093 0.0278618 0.946668 82 -0.229408 -0.0192769 0.959592 57 -0.220043 0.00589748 0.944453 33
 -0.211713 -0.021674 0.975038 67 -0.242395 0.00050111 0.953503 55 -0.253546 -0.028202 0.961386 11
 -0.226739 -0.0156907 0.958302 35 -0.230392 0.0611501 0.948064 33 -0.237673 0.0249357 0.950045 6
 -0.231048 0.0033759 0.953245 196 -0.206104 0.00596309 0.945709 4
 -0.21586 0.0267621 0.943413 36 -0.218335 -0.0188783 0.963616 25 -0.201939 0.0478475 0.903441 10
 -0.233824 -0.0307847 0.971515 139 -0.230448 0.024796 0.952362 30 -0.22121 -0.000415694 0.946252 30
