 -0.127374 -0.0841737 1.08141 60 -0.104839 -0.057893 1.05272 41 -0.0573 -0.0863426 1.0118 22
 -0.11304 -0.0778095 1.06708 49 -0.125431 -0.0853754 1.08792 36 0.0255756 -0.0555066 1.0604 33
 -0.116602 -0.0749641 1.07295 44 -0.101342 -0.08421 1.04719 41 -0.0471671 -0.0825478 1.00634 20
 -0.080529 -0.0976583 1.02459 43 -0.102832 -0.0774165 1.05474 38 -0.00624867 -0.0574668 1.01233 32
 -0.0812472 -0.0910332 1.02876 32 -0.0176718 -0.0555653 1.01295 32 -0.0704629 -0.0946081 0.996061 27
 -0.0706747 -0.105028 1.00829 169 -0.0990846 -0.0595585 1.05279 10 -0.125928 -0.078507 1.07035 9
 -0.0648775 -0.0512472 1.02162 69 0.0340704 -0.112139 1.00263 48 -0.016939 -0.143385 0.989044 35
 0.0206554 -0.113433 0.998228 31 -0.0633747 -0.0595338 1.03684 29 -0.0335313 -0.121762 0.989 27
 -0.0330173 -0.12267 0.991841 168 -0.0954933 -0.0605734 1.058 9 -0.0518878 -0.0620757 1.02933 7
 -0.039495 -0.105129 0.99336 126 0.0169635 -0.0825333 0.999246 32 -0.0995734 -0.0622335 1.06429 18
 -0.0151855 -0.101887 0.994002 64 -0.0499395 -0.0787285 1.01098 46 -0.0468083 -0.0820746 1.00606 45
 -0.043304 -0.0983547 1.00079 140 -0.056708 -0.0655041 1.0229 38 -0.0350474 -0.0606014 1.03294 8
 0.0376461 -0.0548022 1.0584 83 -0.0494357 -0.0532246 1.03138 78 0.0134973 -0.147833 0.999877 18
 0.00284097 -0.127171 0.990882 86 0.0293625 -0.112889 0.998995 58 -0.0482586 -0.0686763 1.01621 24
 -0.000677692 -0.1145 0.991528 167 -0.0236322 -0.0989191 0.99989 25 -0.0219128 -0.105784 0.998421 7
 -0.00359193 -0.105237 0.994894 117 -0.0268116 -0.0891041 1.00604 35 -0.0253659 -0.0941693 1.0038 25
 -0.0126099 -0.0867502 0.999905 166 -0.0427826 -0.0723986 1.01092 30 -0.0329613 -0.0769557 1.00795 3
 -0.0117723 -0.0826052 1.00579 115 -0.0537051 -0.0865859 1.01277 39 -0.0217942 -0.120335 0.995399 29
 0.0316135 -0.0575814 1.05307 174 -0.103849 -0.117684 1.09586 15 0.0346504 -0.125616 0.997755 11
 0.0226256 -0.0715319 1.04083 76 0.0311977 -0.065532 1.06267 76 0.0242903 -0.0770635 0.995491 25
 0.0200902 -0.0961097 0.997882 85 0.0203573 -0.115017 0.986528 53 -0.0289961 -0.134925 0.989461 37
 0.0190198 -0.101558 1.00159 65 0.0101605 -0.0659668 1.0172 54 0.0190759 -0.0632 1.06802 32
 0.0112937 -0.0756033 1.01418 156 -0.0116919 -0.0595937 1.02039 22 0.0261048 -0.0608458 1.06654 8
 -0.0233239 -0.0616438 1.02692 83 0.00799133 -0.0912666 1.01058 23 -0.0272949 -0.0929868 1.00224 19
 0.0403845 -0.0477252 1.05862 139 0.0349201 -0.123812 0.999762 52 0.00326092 -0.120785 0.984754 3
 0.0272075 -0.0603977 1.06332 84 0.0215488 -0.0867627 0.99937 65 0.0253312 -0.122385 1.0024 50
 0.0235835 -0.129226 0.997843 95 0.0406649 -0.113631 1.00248 40 0.032966 -0.122421 1.00197 34
 0.0226567 -0.123503 1.00309 103 0.00474245 -0.12496 1.00019 67 0.0191454 -0.092163 1.00223 8
 -0.032539 -0.109816 0.996201 63 -0.040243 -0.106211 1.00055 56 -0.0183972 -0.0377573 1.01969 10
 -0.048656 -0.0990663 1.00685 86 -0.0697413 -0.0879291 1.0131 16 -0.00611971 -0.145341 0.99365 1
 -0.078931 -0.0700589 1.04256 74 -0.0081487 -0.0814331 1.00516 55 -0.0884499 -0.0695259 1.05174 43
 -0.0123966 -0.0713299 1.0184 10 -0.000104147 -0.110852 0.9912 1
 -0.00228923 -0.0961208 1.0076 125 -0.0416435 -0.0770673 1.02063 74 -0.0244901 -0.0894864 1.00905 1
 -0.0660394 -0.0872414 1.02069 79 -0.0631794 -0.0902208 1.01795 61 -0.0244223 -0.111204 0.994002 56
 -0.0252244 -0.0922828 1.00856 198 -0.0564215 -0.0727951 1.0385 2
 -0.0369803 -0.0683952 1.02275 163 -0.0283511 -0.115302 0.991358 20 -0.00289666 -0.0758207 1.00623 16
