 0.121632 -0.0744001 0.900548 42 0.113451 -0.0826533 0.90869 37 0.105955 -0.157977 0.940424 29
 0.109726 -0.0984778 0.919032 98 0.177506 -0.0691856 0.925447 31 0.117551 -0.0830904 0.9074 23
 0.114802 -0.0959124 0.915957 115 0.0657384 -0.183532 0.978864 55 0.170604 -0.0659362 0.931913 11
 0.10394 -0.0965991 0.922404 124 0.0907682 -0.172076 0.972282 30 0.0753401 -0.186889 0.96104 22
 0.106899 -0.100783 0.924267 148 0.0826177 -0.174298 0.973827 43 0.134935 -0.166886 0.952972 6
 0.101224 -0.121989 0.933829 176 0.108939 -0.150971 0.938805 23 0.184057 -0.118594 0.959724 1
 0.124642 -0.0752071 0.90368 76 0.11359 -0.0901361 0.921184 51 0.174176 -0.0668216 0.915677 35
 0.117541 -0.0898014 0.914479 79 0.16557 -0.0701318 0.927654 41 0.11328 -0.0982177 0.923358 38
 0.125977 -0.0993593 0.932545 92 0.131232 -0.101109 0.939907 40 0.159103 -0.0810014 0.931224 31
 0.13095 -0.111334 0.945543 68 0.13967 -0.0881287 0.936565 30 0.161556 -0.101006 0.960425 27
 0.127781 -0.100328 0.944566 126 0.157036 -0.106888 0.967622 21 0.136266 -0.140914 0.969048 14
 0.140193 -0.11317 0.96446 136 0.121208 -0.158405 0.925428 32 0.0880762 -0.142095 0.930913 13
 0.180176 -0.0631297 0.917646 58 0.18953 -0.102589 0.951898 55 0.129972 -0.0699928 0.90119 48
 0.16832 -0.107627 0.959609 77 0.182787 -0.0643438 0.924351 52 0.120941 -0.0931018 0.916796 33
 0.162008 -0.098129 0.958374 43 0.114047 -0.109232 0.924523 30 0.145407 -0.10862 0.960708 24
 0.129612 -0.106621 0.944473 76 0.145489 -0.115979 0.966799 45 0.111353 -0.115961 0.931238 44
 0.148687 -0.129282 0.977377 50 0.119778 -0.125544 0.943345 38 0.154767 -0.0957043 0.963086 23
 0.130919 -0.119741 0.965138 71 0.126092 -0.124127 0.959935 58 0.157848 -0.096452 0.969765 48
 0.166324 -0.0535948 0.910223 61 0.198368 -0.137494 0.942174 51 0.189566 -0.10536 0.947564 47
 0.184523 -0.0679058 0.92412 45 0.177808 -0.0643723 0.918344 33 0.182497 -0.141266 0.950502 29
 0.166683 -0.0716012 0.920625 75 0.167706 -0.0980201 0.961474 47 0.0963171 -0.183652 0.963098 22
 0.161137 -0.0747199 0.9283 66 0.144233 -0.123014 0.972691 38 0.168649 -0.0854082 0.956437 18
 0.177481 -0.0942088 0.959152 55 0.147481 -0.136083 0.975009 32 0.161422 -0.0709261 0.928223 22
 0.175803 -0.102979 0.967987 46 0.129153 -0.133596 0.97282 43 0.112994 -0.171392 0.965935 19
 0.20049 -0.131607 0.944108 166 0.17212 -0.0582812 0.913123 25 0.190973 -0.0709582 0.92014 8
 0.183263 -0.14067 0.957656 171 0.187865 -0.0768523 0.929042 15 0.175913 -0.0883962 0.960862 6
 0.171463 -0.147469 0.968399 176 0.193251 -0.123732 0.940192 16 0.163744 -0.0988064 0.945435 6
 0.149481 -0.157332 0.966778 172 0.187461 -0.135362 0.952536 19 0.168466 -0.110655 0.962783 9
 0.153477 -0.153069 0.969168 94 0.123109 -0.169236 0.948695 76 0.151509 -0.103462 0.939615 14
 0.143459 -0.146925 0.963646 197 0.169053 -0.119637 0.941826 3
 0.0816337 -0.17292 0.972506 88 0.0787499 -0.18115 0.979839 82 0.118946 -0.11959 0.95369 12
 0.117989 -0.135761 0.933862 5 0.170421 -0.131241 0.957079 3
 0.104029 -0.146856 0.949418 26 0.144501 -0.120954 0.978724 19 0.134084 -0.146245 0.970926 9
 0.0927719 -0.160147 0.926822 79 0.107923 -0.129634 0.938231 64 0.10405 -0.189669 0.962653 20
 0.0981616 -0.149812 0.948684 20 0.0926159 -0.157491 0.964104 10 0.158423 -0.089084 0.917715 4
 0.130491 -0.104053 0.929479 55 0.0769754 -0.172653 0.987443 38 0.112609 -0.138001 0.93765 36
