 -0.200949 -0.104496 0.867356 59 -0.20973 -0.0617617 0.839891 46 -0.171318 -0.0795122 0.881642 36
 -0.202249 -0.0673316 0.849666 84 -0.19591 -0.073427 0.8765 57 -0.198249 -0.0726363 0.871521 18
 -0.189479 -0.0774084 0.884799 48 -0.192019 -0.0765751 0.877753 34 -0.141548 -0.0342967 0.870087 32
 -0.187221 -0.0588935 0.888371 40 -0.189777 -0.0816966 0.893642 35 -0.190419 -0.0629167 0.886973 33
 -0.185627 -0.0593311 0.894388 91 -0.160897 -0.0363457 0.880506 21 -0.180662 -0.0845324 0.90171 19
 -0.167886 -0.102479 0.910828 125 -0.185526 -0.0589986 0.893202 50 -0.193513 -0.0829251 0.898279 10
 -0.143985 -0.0370501 0.869009 132 -0.152174 -0.0727578 0.914948 28 -0.179637 -0.050996 0.88763 21
 -0.155222 -0.0432609 0.872392 86 -0.152923 -0.0650827 0.929429 31 -0.177996 -0.0496675 0.892962 17
 -0.176825 -0.0543684 0.882764 83 -0.165688 -0.062127 0.91157 80 -0.172221 -0.0573418 0.879836 30
 -0.17364 -0.0593892 0.909487 112 -0.176327 -0.0504449 0.881178 36 -0.152946 -0.0620179 0.932692 29
 -0.161978 -0.0647155 0.919751 122 -0.167137 -0.0661667 0.915558 36 -0.182136 -0.0499842 0.894853 26
 -0.180608 -0.0625178 0.905285 58 -0.159549 -0.0749633 0.92705 52 -0.124602 -0.0997165 0.934126 47
 -0.129912 -0.034079 0.865845 162 -0.190623 -0.052971 0.87344 26 -0.207195 -0.104116 0.874101 4
 -0.129925 -0.0348455 0.867822 66 -0.134497 -0.0662531 0.922934 62 -0.133311 -0.0358023 0.916399 32
 -0.171725 -0.0604925 0.909416 133 -0.140862 -0.0567107 0.924288 62 -0.132353 -0.0540441 0.863633 4
 -0.170074 -0.0523978 0.909318 98 -0.149397 -0.0355567 0.877525 36 -0.125526 -0.0240785 0.86062 26
 -0.143857 -0.0604324 0.931767 169 -0.127065 -0.03924 0.875481 27 -0.140897 -0.0447299 0.920445 3
 -0.141387 -0.0646444 0.935517 191 -0.171223 -0.0660449 0.911414 6 -0.143252 -0.10763 0.925885 3
 -0.100708 -0.0366914 0.920096 96 -0.109352 -0.0313785 0.890664 64 -0.194047 -0.106914 0.869367 15
 -0.0959918 -0.0489778 0.929172 81 -0.0945185 -0.053675 0.933149 40 -0.125807 -0.0606598 0.927703 33
 -0.100319 -0.0484594 0.929682 78 -0.114001 -0.0471509 0.926001 34 -0.0953942 -0.0719772 0.943915 24
 -0.102979 -0.0677458 0.939025 100 -0.101169 -0.0244545 0.916605 34 -0.0936264 -0.107726 0.972106 25
 -0.115922 -0.0468525 0.925265 133 -0.110475 -0.0778509 0.9431 46 -0.113257 -0.0698346 0.936125 12
 -0.124678 -0.0582996 0.934023 56 -0.145074 -0.104417 0.913485 7 -0.154347 -0.100304 0.927719 6
 -0.100299 -0.165996 1.01155 80 -0.0997435 -0.154752 0.996287 63 -0.132313 -0.0277858 0.875394 18
 -0.0970557 -0.0737566 0.941127 83 -0.121649 -0.0422653 0.909638 53 -0.123838 -0.0399434 0.899579 25
 -0.116944 -0.0496449 0.920658 200
 -0.11308 -0.0589403 0.934846 188 -0.146944 -0.106507 0.919057 12
 -0.145432 -0.111366 0.925519 110 -0.108251 -0.0722044 0.948374 75 -0.101228 -0.0913037 0.969597 14
 -0.118698 -0.0801604 0.938026 152 -0.120114 -0.077948 0.933411 40 -0.100148 -0.0920996 0.962254 5
 -0.105227 -0.125538 0.984533 55 -0.122385 -0.0993662 0.940467 40 -0.135241 -0.12002 0.983543 32
 -0.112472 -0.0682796 0.934818 49 -0.105472 -0.0910756 0.97206 18
 -0.144142 -0.0743142 0.937912 165
 -0.163933 -0.085824 0.917481 103 -0.160103 -0.0874659 0.918488 76 -0.17954 -0.0615904 0.893705 12
 -0.122392 -0.0860666 0.927509 9 -0.14162 -0.0838428 0.942638 2
 -0.18456 -0.101537 0.898574 4 -0.17439 -0.0726794 0.88342 1 -0.15319 -0.0371347 0.875539 1
