 -0.0644542 0.0146628 0.958021 200
 -0.06326 0.00232416 0.9673 190 -0.0484281 -0.0608704 1.00303 9 -0.0483157 -0.0372273 0.983833 1
 -0.0601856 -0.0127631 0.979223 197 -0.0418021 -0.0732533 1.00679 3
 -0.0570437 -0.0246918 0.987581 200
 -0.0546412 -0.0314208 0.996843 196 -0.0379508 -0.142534 1.05825 4
 -0.052437 -0.0453413 1.00161 170 -0.0273444 -0.0860796 1.02139 26 -0.0131661 -0.0160763 0.993741 4
 -0.00926935 0.0275627 1.0094 59 -0.0534269 0.00453663 0.968989 55 -0.0373866 -0.0586869 1.00087 39
 -0.0374097 -0.078879 1.01352 47 -0.0550148 -0.00906229 0.981282 34 -0.0265292 -0.0115307 1.00558 33
 -0.0119742 -0.0645734 1.00335 67 -0.023433 0.00281317 1.00348 43 -0.0330271 -0.136722 1.06225 41
 -0.0230751 -0.0193566 1.00054 130 -0.00173558 -0.061179 1.00832 67 -0.0563664 -0.0275955 0.998046 3
 -0.0376881 -0.0302576 1.00062 77 -0.0500824 -0.0311625 0.998384 43 -0.0476281 -0.0639948 0.992347 38
 -0.0272866 -0.0492508 0.998346 122 -0.0454238 -0.0771872 1.00218 57 -0.0198865 -0.000608705 1.00732 9
 -0.0607977 0.0124925 0.960405 97 -0.00822234 0.0315696 1.01022 83 -0.00540036 0.029118 1.03426 16
 -0.0168328 0.0132577 1.00665 148 -0.0636397 -0.0129908 0.984826 33 -0.0389523 -0.0119382 1.00438 9
 -0.0231742 -0.0142945 1.00047 148 -0.0163182 -0.0737095 1.00908 23 -0.0611771 -0.0189234 0.982377 23
 -0.0281263 -0.0205765 1.00052 108 -0.061951 -0.0329628 0.987235 43 -0.00650318 -0.0768122 1.00849 42
 -0.037357 -0.0280968 1.00235 89 -0.0263568 -0.0397492 1.00532 46 -0.0293221 -0.0551398 1.00626 42
 -0.0316045 -0.0549329 1.00236 80 -0.03183 -0.0261936 1.00249 39 -0.0039194 -0.00556603 0.986651 8
 -0.00677565 0.0313866 1.00981 159 -0.00306267 0.0260325 1.0297 25 -0.00052094 -0.00643211 0.980912 13
 -0.0102635 0.018479 1.01432 188 -0.00165966 -0.0162296 0.984088 10 -0.00112818 -0.00324848 0.977814 1
 -0.0156165 0.00386785 1.00858 85 -0.0144443 0.00528918 1.01356 58 -0.0126107 -0.00408109 0.97591 37
 -0.00969249 -0.0153755 0.98914 90 -0.0039967 -0.108207 1.01891 50 -0.00371219 -0.112418 1.02134 22
 -0.0132465 -0.0305798 0.999564 177 -0.0286916 -0.0062929 1.01373 15 -0.0252284 -0.00849284 1.00761 5
 -0.0143787 -0.0430125 1.00714 18 -0.0531432 -0.0475173 1.00997 12 -0.0127376 -0.109885 1.04302 10
 -0.00990244 0.0231729 1.0101 173 -0.00367222 0.0197493 1.03345 21 -0.00130207 0.0141752 0.973065 5
 -0.0122313 -0.0193866 0.975723 66 -0.00296364 -0.0643473 1.01722 45 -0.0162642 0.00330647 1.01198 35
 -0.00116386 -0.0738041 1.01928 43 -0.0115139 -0.0592213 1.00704 39 -0.0199303 -0.00865698 0.975024 30
 -0.00356708 -0.0711039 1.02338 50 -0.00907203 -0.0506327 1.00918 43 -0.00830542 -0.0941211 1.0291 34
 -0.0108147 -0.0830789 1.0227 174 -0.0179172 -0.0527387 1.002 18 -0.0489349 -0.0716279 1.02704 5
 -0.0164225 -0.0453461 1.01085 93 -0.0184193 -0.0696705 1.0056 86 -0.0120242 -0.0999976 1.02747 17
 -0.0346194 -0.124034 1.05596 200
 -0.0434084 -0.158216 1.07977 9 -0.0139255 -0.0878831 1.02731 9 -0.0127177 -0.12839 1.05839 8
 -0.03641 -0.0591213 1.00706 69 -0.0167199 -0.0916629 1.02314 66 -0.0185859 -0.0871471 1.01981 62
 -0.0445033 -0.0766657 1.02214 68 -0.0435264 -0.0704262 1.01725 44 -0.0412469 -0.0603565 1.01034 41
 -0.0357442 -0.0611396 1.00705 56 -0.0298075 -0.086004 1.02543 21 -0.0353185 -0.102325 1.04196 20
 -0.0341234 -0.133888 1.06427 23 -0.017594 -0.0747742 1.01464 3 -0.0229043 -0.11063 1.03683 2
