 -0.0425717 -0.0946807 0.901554 88 -0.033222 -0.0702588 0.88149 33 -0.0427179 -0.155357 0.920991 28
 -0.0387035 -0.106013 0.903613 144 -0.0357815 -0.0847133 0.892252 28 0.03121 -0.0773936 0.886317 19
 -0.0345108 -0.0937341 0.899114 199 -0.076451 -0.176942 0.945377 1
 -0.0440346 -0.0958592 0.903399 195 -0.0866767 -0.170634 0.956114 5
 -0.0425576 -0.0992904 0.908921 192 -0.0204068 -0.085553 0.886152 5 -0.0251737 -0.0845837 0.859375 2
 -0.0414437 -0.109387 0.909713 122 -0.0463248 -0.114662 0.91044 56 -0.069097 -0.176931 0.927845 21
 -0.0129711 -0.124618 0.933077 35 -0.0200563 -0.0734927 0.877436 29 0.00283316 -0.0795363 0.894619 23
 -0.0138027 -0.073103 0.873515 67 -0.01306 -0.0882396 0.907219 44 -0.0272857 -0.103997 0.906824 31
 -0.018563 -0.0745384 0.890768 134 -0.0213111 -0.0928098 0.906154 33 -0.0191852 -0.0875395 0.902626 26
 -0.0169706 -0.077627 0.90235 148 0.00438897 -0.126081 0.939312 11 0.0134402 -0.0995561 0.924239 11
 -0.0162535 -0.0862281 0.911776 162 -0.00158831 -0.112472 0.929539 21 -0.0394829 -0.147016 0.908704 7
 -0.0207091 -0.0958027 0.917529 121 -0.0535221 -0.145833 0.921586 51 -0.00151536 -0.0967441 0.935773 23
 -0.0260325 -0.0715316 0.879696 44 0.0492773 -0.130964 0.89857 43 -0.000694034 -0.0681176 0.893977 41
 0.0146157 -0.076426 0.901406 63 0.0287368 -0.104929 0.923626 55 -0.00369296 -0.0755566 0.899929 25
 0.000483597 -0.0895184 0.9096 119 0.0064304 -0.10422 0.93059 73 0.00516015 -0.0983523 0.920871 4
 -0.0126868 -0.0842875 0.909013 74 -0.00540404 -0.115583 0.933924 44 -0.0149177 -0.0936888 0.914855 19
 0.000355172 -0.112666 0.943856 118 -0.0108321 -0.0742772 0.907391 23 -0.0181542 -0.102472 0.920254 23
 0.0012978 -0.110981 0.945424 112 0.000968388 -0.106716 0.944453 88
 0.036043 -0.0684846 0.881541 80 0.0319242 -0.0692244 0.88405 78 0.049514 -0.139271 0.897191 34
 0.0436739 -0.132298 0.903804 73 0.0364506 -0.0795753 0.886854 42 0.0214996 -0.0974543 0.924672 40
 0.0396589 -0.104829 0.914054 66 0.0226092 -0.0877413 0.923767 48 0.0257018 -0.0847854 0.893553 31
 0.0210749 -0.0676065 0.892192 110 0.0335453 -0.111208 0.923444 55 0.00843353 -0.155081 0.938489 25
 0.0178502 -0.0712155 0.895551 63 0.022165 -0.102614 0.937288 47 0.00275226 -0.148486 0.942172 32
 -0.00556538 -0.115292 0.948217 107 -0.0138709 -0.102477 0.931752 17 -0.00890251 -0.173447 0.928607 8
 0.0384158 -0.0796191 0.880991 86 0.0493329 -0.128383 0.898086 54 0.0412573 -0.146808 0.911078 28
 0.0352459 -0.135716 0.909851 90 0.0234274 -0.153964 0.932945 57 0.0237418 -0.075266 0.878637 23
 0.0209999 -0.149752 0.9341 136 0.0381918 -0.117518 0.910507 29 0.0345045 -0.101409 0.919291 13
 0.00331404 -0.160252 0.93793 176 0.0147029 -0.115357 0.937328 7 0.0169285 -0.138384 0.909784 6
 -0.00226336 -0.163121 0.938663 130 -0.0359451 -0.181711 0.943494 44 0.0183298 -0.115138 0.949994 12
 -0.0126903 -0.151525 0.936771 62 -0.0273721 -0.158287 0.933422 49 -0.00825704 -0.141147 0.9251 42
 -0.0354563 -0.124556 0.916634 80 -0.0670488 -0.171816 0.959613 46 -0.0557213 -0.151488 0.92417 39
 -0.0344 -0.138895 0.917655 6 -0.0625589 -0.164816 0.945412 4 -0.0861358 -0.172015 1.01028 2
 -0.0039956 -0.117947 0.943521 14 -0.0226702 -0.132629 0.94027 9 -0.0307027 -0.135303 0.935789 9
 -0.0385685 -0.127494 0.919286 157 -0.0113717 -0.101508 0.926434 24 -0.000561343 -0.146214 0.936858 17
 -0.0501643 -0.140646 0.91992 15 -0.0252078 -0.143266 0.942872 12 -0.000851677 -0.145504 0.945109 2
 -0.0506908 -0.155145 0.923682 14 -0.0703077 -0.173192 0.966704 12 -0.00279951 -0.0795996 0.879772 3
