 -0.170953 -0.0373651 0.906778 188 -0.144441 -0.0945309 0.980131 6 -0.143673 -0.0601396 0.88103 3
 -0.172093 -0.0496125 0.909479 168 -0.170794 -0.0876814 0.931054 29 -0.0960334 -0.133986 0.970598 2
 -0.169163 -0.0641831 0.917306 148 -0.154614 -0.0953463 0.937321 32 -0.127448 -0.115026 0.93548 12
 -0.168902 -0.0761347 0.926682 115 -0.1715 -0.0717875 0.923327 65 -0.138709 -0.116103 0.934907 12
 -0.165275 -0.085281 0.940783 104 -0.170678 -0.0641529 0.923507 55 -0.127782 -0.118124 0.891409 13
 -0.162368 -0.109073 0.94047 31 -0.169035 -0.0826646 0.909856 29 -0.135264 -0.108692 0.931382 20
 -0.125081 -0.0297971 0.936271 95 -0.131001 -0.0466622 0.880332 82 -0.159059 -0.0418527 0.907615 7
 -0.13408 -0.0548056 0.886879 98 -0.134351 -0.0474564 0.938041 37 -0.12695 -0.104243 0.929657 34
 -0.14601 -0.101245 0.924209 41 -0.142153 -0.0699902 0.969453 39 -0.131642 -0.0483056 0.881242 30
 -0.134697 -0.0584158 0.888782 46 -0.135713 -0.0639126 0.968653 39 -0.150703 -0.0741769 0.935805 37
 -0.127686 -0.107733 0.932606 52 -0.142385 -0.0852509 0.970399 51 -0.161433 -0.0939661 0.943517 31
 -0.13452 -0.0979599 0.969808 101 -0.133006 -0.107329 0.925299 68 -0.16718 -0.0876899 0.94772 23
 -0.120545 -0.0254141 0.933107 175 -0.135125 -0.0587511 0.888151 23 -0.16361 -0.093957 0.941542 2
 -0.128205 -0.0404099 0.929901 142 -0.138036 -0.0512396 0.961663 30 -0.131462 -0.0455357 0.881826 24
 -0.135356 -0.0567076 0.935572 101 -0.135485 -0.0583315 0.886322 36 -0.139403 -0.0700936 0.972911 26
 -0.127954 -0.0708311 0.975381 78 -0.137309 -0.0732972 0.895025 59 -0.137725 -0.057279 0.93363 53
 -0.130671 -0.0796368 0.979774 62 -0.137252 -0.0888931 0.914263 58 -0.135282 -0.0754597 0.976267 40
 -0.133982 -0.0871264 0.979945 86 -0.13302 -0.0940423 0.980359 60 -0.158987 -0.100423 0.950677 18
 -0.120739 -0.0247086 0.933534 197 -0.0847244 -0.119684 0.983268 3
 -0.12527 -0.0343333 0.938703 170 -0.113062 -0.0587845 0.981901 26 -0.097792 -0.117132 0.983578 3
 -0.117312 -0.073873 0.985829 55 -0.171096 -0.0656528 0.926282 19 -0.0942474 -0.164783 1.04101 14
 -0.122383 -0.0557574 0.979018 69 -0.105106 -0.0822403 0.993043 33 -0.121097 -0.106142 0.980348 20
 -0.120528 -0.0710158 0.988899 173 -0.129639 -0.0468293 0.966008 14 -0.138108 -0.171156 1.03752 7
 -0.11736 -0.0846424 0.995647 76 -0.138658 -0.113496 0.943299 19 -0.127609 -0.054928 0.939581 17
 -0.125145 -0.026838 0.937798 113 -0.0892338 -0.156578 1.0308 42 -0.0991729 -0.0736479 0.985579 18
 -0.10216 -0.181837 1.05275 39 -0.136446 -0.0275403 0.938984 26 -0.128118 -0.0488897 0.949729 17
 -0.121273 -0.0788083 0.989911 64 -0.102212 -0.101957 1.00031 51 -0.166391 -0.0781003 0.923867 27
 -0.114037 -0.106525 0.96005 96 -0.120239 -0.086956 0.990547 38 -0.128954 -0.0527438 0.958262 33
 -0.102231 -0.110359 0.973575 117 -0.16914 -0.101056 0.952722 20 -0.164467 -0.067826 0.944948 1
 -0.0982297 -0.114648 0.99116 105 -0.12631 -0.0907106 0.977756 39 -0.141366 -0.0832354 0.907814 28
 -0.109971 -0.134247 1.0112 68 -0.104607 -0.11943 0.965852 55 -0.124085 -0.143364 1.03145 19
 -0.110413 -0.107629 0.977784 35 -0.127551 -0.160332 1.05548 2 -0.100528 -0.136757 1.0139 1
 -0.103661 -0.142522 1.02793 16 -0.116435 -0.0992176 0.941811 8 -0.131769 -0.0895922 0.98571 6
 -0.152662 -0.104577 0.944342 57 -0.131181 -0.104765 0.965555 33 -0.13831 -0.107988 0.937386 22
 -0.102461 -0.131979 1.00317 6 -0.182729 -0.0820596 0.94727 1 -0.122093 -0.0355024 0.95961 1
 -0.127829 -0.157339 1.0501 62 -0.132185 -0.0594038 0.893164 3 -0.138478 -0.0882102 0.923558 2
