 -0.230857 0.00759975 1.01094 142 -0.160307 -0.104932 0.925461 17 -0.208345 -0.100027 0.983206 15
 -0.229615 -0.00302861 1.01183 106 -0.178251 -0.0457364 0.937625 53 -0.19204 -0.0302403 0.982622 23
 -0.221528 -0.0195434 1.00871 165 -0.21725 -0.0843728 1.00086 24 -0.172269 -0.099162 0.975388 3
 -0.221144 -0.0312898 1.01304 103 -0.167198 -0.0315902 0.941239 52 -0.18099 -0.0162258 0.986156 23
 -0.216074 -0.0449101 0.999164 59 -0.21357 -0.034061 0.999961 40 -0.163764 -0.0598478 0.942756 38
 -0.215547 -0.0664727 1.00089 110 -0.1658 -0.0733031 0.925263 20 -0.201553 -0.0986461 0.994544 17
 -0.168141 0.0034392 0.965668 51 -0.154808 -0.0920995 0.93147 50 -0.185125 0.0219279 0.983367 47
 -0.174832 -0.00722801 0.972775 42 -0.187783 0.00961807 0.99218 37 -0.189733 -0.000115142 0.994851 34
 -0.157056 -0.047132 0.947361 104 -0.170848 -0.0317646 0.992275 47 -0.198567 -0.0368918 0.998428 22
 -0.155735 -0.0497005 0.952058 66 -0.199557 -0.0530213 0.999485 35 -0.16969 -0.0345716 0.997153 34
 -0.192189 -0.0276921 0.996252 59 -0.202661 -0.0496278 0.99512 57 -0.198574 -0.0281215 0.994398 38
 -0.189885 -0.0546726 0.996998 146 -0.174506 -0.078274 0.934339 24 -0.192999 -0.0905656 0.999461 18
 -0.163871 0.0197973 0.943174 116 -0.184319 0.0225584 0.981098 63 -0.163815 0.00680424 0.962924 17
 -0.182566 0.00334761 0.983571 75 -0.172263 -0.0065842 0.974946 60 -0.173432 -0.00171669 0.974159 45
 -0.186027 -0.014991 0.989903 182 -0.159974 -0.0653015 0.987209 8 -0.187766 -0.144242 1.03407 5
 -0.15859 -0.0871069 0.977179 126 -0.189096 -0.028687 0.991867 55 -0.18793 -0.0570257 0.994983 6
 -0.187297 -0.0548155 0.997547 91 -0.196791 -0.00535379 0.990488 52 -0.160932 -0.0711333 0.995351 35
 -0.190647 -0.0318388 1.00463 29 -0.193558 -0.05344 1.00397 27 -0.193288 -0.0584667 1.00382 25
 -0.169742 0.0227805 0.940441 139 -0.183457 0.0280843 0.979794 46 -0.144769 -0.036678 0.948164 14
 -0.170746 0.00824343 0.955277 144 -0.18367 0.0125349 0.989684 50 -0.144129 -0.0380405 0.976368 6
 -0.186609 -0.00749782 0.991892 169 -0.148532 -0.0568147 0.982609 23 -0.15303 -0.126125 0.987262 7
 -0.17875 -0.0212922 0.982792 56 -0.194619 -0.0207474 0.994731 44 -0.147587 -0.0523918 0.945898 36
 -0.167333 -0.0279584 0.991692 109 -0.160424 -0.0612341 0.985519 21 -0.222891 -0.0270025 1.00891 21
 -0.175561 -0.0745418 0.987085 41 -0.181232 -0.0299919 0.992821 30 -0.202455 -0.0431443 1.01236 22
 -0.168307 0.0155676 0.949551 165 -0.184216 0.0250832 0.983458 24 -0.159747 -0.158592 1.07044 7
 -0.171199 0.00350791 0.960148 54 -0.150782 -0.0650995 0.982216 41 -0.171445 0.00221417 0.964961 26
 -0.218387 -0.0458215 1.00529 68 -0.159748 -0.0873116 0.986983 61 -0.208478 -0.099825 1.00012 43
 -0.149959 -0.0673393 0.99326 102 -0.211493 -0.0639102 1.00495 42 -0.16298 -0.0892516 0.934587 23
 -0.166802 -0.106154 0.987346 81 -0.159402 -0.0886705 0.985312 52 -0.155945 -0.06472 0.98814 47
 -0.176772 -0.108452 0.963216 69 -0.159199 -0.0715756 0.984349 60 -0.185381 -0.113362 0.995475 42
 -0.197218 -0.125129 1.0185 64 -0.196568 -0.12185 1.01459 58 -0.174254 -0.0129552 0.993184 25
 -0.210624 -0.0848559 1.0112 118 -0.162608 -0.104718 0.992885 50 -0.174714 -0.127602 1.02581 10
 -0.194493 -0.0718178 1.00132 196 -0.157052 -0.0700227 0.93598 3 -0.177932 -0.125499 1.01789 1
 -0.202335 -0.0907806 1.0026 167 -0.210893 -0.0583505 1.00038 13 -0.189096 -0.0786189 0.927406 9
 -0.18249 -0.070833 0.998583 50 -0.171056 -0.0806218 0.934865 4
 -0.194182 -0.135557 1.03398 24 -0.187846 -0.117939 1.00816 12 -0.203078 -0.0795453 1.00782 11
