 -0.0809502 -0.027221 0.990436 158 -0.0604613 -0.0548339 0.963989 25 -0.0564875 -0.0867728 0.985957 9
 -0.0793208 -0.0374172 0.991278 169 -0.0577748 -0.0472654 0.97021 25 -0.0681849 -0.102281 0.989178 6
 -0.0711444 -0.0576476 0.993059 66 -0.0170156 -0.0751362 0.995589 45 -0.0546019 -0.0416299 0.973373 29
 -0.0790598 -0.0505918 0.992985 140 -0.0472357 -0.0351336 0.974309 31 -0.080132 -0.184926 1.06873 8
 -0.0754349 -0.0578313 0.994563 55 -0.0675137 -0.0668949 0.970713 30 -0.0711324 -0.072805 0.984404 20
 -0.0637083 -0.0800033 0.979099 90 -0.0674414 -0.0586092 0.99455 48 -0.0503349 -0.0569152 0.978821 28
 -0.0567542 0.00137884 0.963105 180 -0.0412561 -0.0954881 1.00067 9 -0.0580766 -0.0378459 0.98385 9
 -0.0600494 -0.0111914 0.970312 135 -0.064119 -0.0186047 0.973134 60 -0.0647066 -0.053479 0.995852 4
 -0.0374225 -0.0476867 0.980266 68 -0.0535617 -0.0219093 0.971269 63 -0.0551205 -0.0270558 0.976087 28
 -0.0349827 -0.048314 0.981763 66 -0.0676897 -0.0663536 0.990979 55 -0.0618226 -0.0956153 0.986393 20
 -0.0542051 -0.0640754 0.986482 92 -0.0574356 -0.0315654 0.980861 54 -0.0556077 -0.0730394 0.98719 45
 -0.054977 -0.0766434 0.990127 148 -0.0632583 -0.0492555 0.988438 33 -0.0442935 -0.0546557 1.0124 14
 -0.0447644 0.00849783 0.960691 200
 -0.050755 -0.00728793 0.967059 200
 -0.0557834 -0.025079 0.975971 164 -0.042154 -0.0890716 1.00985 35 -0.0507759 0.00122808 0.954132 1
 -0.0566633 -0.0373058 0.981072 103 -0.0450888 -0.0741862 1.00835 42 -0.042003 -0.110515 0.985993 21
 -0.0673742 -0.0578906 0.998202 41 -0.0618044 -0.100408 0.993221 35 -0.055121 -0.0479542 0.987156 35
 -0.0577753 -0.050303 0.995582 74 -0.0453954 -0.0986147 1.00244 62 -0.048131 -0.0735161 1.02059 35
 -0.0346473 0.00283239 0.961336 199 -0.0479573 -0.189868 1.06452 1
 -0.0400936 -0.00678551 0.965899 196 -0.0145954 -0.0351755 0.98075 3 -0.0507731 -0.178302 1.07088 1
 -0.0549585 -0.0165988 0.972722 179 -0.0201651 -0.0780395 1.00896 16 -0.0198397 -0.0514585 0.986229 5
 -0.0239535 -0.0929935 1.01519 128 -0.0656516 -0.027295 0.977157 53 -0.0273312 -0.0463218 0.981346 10
 -0.0317135 -0.082556 1.01592 73 -0.0190695 -0.0664168 1.0064 51 -0.0377713 -0.0381229 0.981187 19
 -0.0665618 -0.0588416 0.975825 1 -0.0377588 -0.0354892 0.973536 1
 -0.0505441 0.00944317 0.9621 138 -0.018822 -0.055719 0.994174 19 -0.0150092 -0.0464213 0.98537 18
 -0.0194959 -0.0634733 1.0045 97 -0.0668099 -0.161429 1.03383 46 -0.0549462 -0.0100426 0.967382 36
 -0.0404243 -0.0984479 1.01037 159 -0.0217361 -0.0647689 1.01078 20 -0.0699899 -0.136591 1.03428 14
 -0.0311085 -0.0933114 1.0177 195 -0.0284807 -0.0433274 0.98656 5
 -0.0366808 -0.0961572 1.01525 133 -0.0699825 -0.0842166 0.997978 9 -0.0328296 -0.0481495 0.98425 5
 -0.0467047 -0.0742919 1.00088 98 -0.0381044 -0.0974627 1.00557 36
 -0.061074 -0.128392 1.02966 166 -0.0433239 -0.0594437 1.0003 9 -0.0688967 -0.106051 1.00115 9
 -0.0585636 -0.129762 1.02463 13 -0.0539481 -0.11432 0.99507 3 -0.0450456 -0.059056 1.00764 3
 -0.0430521 -0.062425 0.987099 50 -0.0532972 -0.0848413 0.999043 16 -0.0513823 -0.0764264 0.993887 5
 -0.0736581 -0.0832574 0.983409 173 -0.0651942 -0.0446199 0.986021 27
 -0.0714463 -0.128641 1.02152 14
 -0.0530448 -0.0864886 0.985813 26 -0.0618982 -0.132486 1.02608 24 -0.0414241 -0.140944 1.02191 6
