 -0.0186659 -0.00688903 0.866185 185 0.0561021 -0.0159875 0.91517 9 -0.00358603 -0.0345483 0.896077 4
 -0.0172685 -0.0183498 0.871494 186 0.0441714 -0.015512 0.914219 7 -0.015305 -0.0157238 0.909106 7
 -0.012595 -0.0374625 0.891181 179 0.0102633 0.00605962 0.890044 11 0.0280116 -0.0161116 0.912001 10
 -0.0129177 -0.0373792 0.894512 140 0.00059429 0.000719392 0.896511 25 0.0210634 -0.0514645 0.917292 19
 -0.013073 -0.0384598 0.90025 175 -0.00175429 -0.0246034 0.915724 11 -0.0114861 -0.0140848 0.876954 6
 -0.013923 -0.0339272 0.897385 136 -0.00562789 -0.0613007 0.910506 62 0.0129829 -0.0878904 0.93251 1
 0.0242682 0.0242513 0.876851 164 0.0522705 -0.00492599 0.918128 24 0.0127301 -0.00967585 0.90015 5
 0.0182182 0.00626252 0.89325 152 -0.00883643 -0.0290545 0.906856 23 0.0439792 -8.97768e-05 0.912112 21
 0.0163226 -0.00800125 0.902963 163 -0.00662224 -0.0462203 0.916714 21 -0.0029299 -0.0424259 0.914433 14
 0.012669 -0.0203146 0.908869 186 0.00864097 0.00802375 0.896493 12 0.00511272 -0.00193611 0.864899 2
 0.0129257 -0.0382596 0.920749 184 0.0110642 -0.00709846 0.903361 16
 0.00240715 -0.0511363 0.918361 37 0.00626421 -0.029986 0.917411 34 0.00590047 -0.0251522 0.915846 34
 0.0297182 0.0272001 0.877799 200
 0.0227726 0.00708857 0.893865 174 0.0518558 0.000323815 0.913513 21 0.0159209 -0.0328022 0.924782 3
 0.0202147 -0.0150916 0.908245 199 0.00480269 -0.0715939 0.916986 1
 0.0219971 0.00679226 0.90301 93 0.0178227 -0.0315495 0.919468 79 0.0418293 -0.0126978 0.919203 20
 0.0289335 -0.0476773 0.936976 79 0.0209434 -0.0209979 0.926512 52 0.0132528 -0.0252319 0.923559 29
 0.0229705 -0.0404629 0.935806 139 0.00958501 -0.0792833 0.93856 40 0.0111835 -0.0698502 0.937876 7
 0.0540293 0.00663111 0.90732 139 0.0391656 0.0276467 0.878154 57 0.0449374 0.0195143 0.888559 3
 0.049948 1.57156e-05 0.911548 167 0.0396903 0.0178744 0.88857 22 0.04082 0.0162969 0.892196 11
 0.0419674 -0.00656197 0.914916 196 0.079792 -0.0561491 0.948488 4
 0.0392366 -0.0166702 0.927528 167 0.0390758 -0.00993928 0.924243 25 0.020622 0.0207571 0.877483 2
 0.0323879 -0.0168092 0.92984 198 0.0218825 0.00698673 0.893951 1 0.0611546 -0.0695351 0.944327 1
 0.0437832 -0.0324554 0.947463 112 0.0241795 -0.0374579 0.937997 52 0.0228834 -0.0426509 0.938359 24
 0.100359 -0.0491718 0.935957 199 -0.0295069 -0.173848 0.993364 1
 0.0839557 -0.0606459 0.945597 199 -0.0165046 -0.14538 0.955729 1
 0.0672168 -0.0740087 0.94664 200
 0.0550902 -0.0852861 0.949971 200
 0.0321884 -0.0973224 0.948022 190 0.0367609 -0.0352234 0.943469 9 -0.00538787 -0.069837 0.913906 1
 0.0199014 -0.104138 0.946602 192 0.027066 -0.0495603 0.937693 6 0.00794855 -0.10607 0.920456 2
 -0.0108818 -0.114598 0.95764 184 0.0103924 -0.133998 0.981238 9 -0.0221333 -0.148755 0.988543 4
 0.0100544 -0.118242 0.96298 16 -0.0159913 -0.110808 0.960735 5 -0.0128053 -0.0933741 0.920134 2
 0.00855414 -0.0360007 0.921845 33 0.00865161 -0.0673402 0.917359 24 -9.65687e-05 -0.108581 0.929122 3
 0.000793209 -0.0507321 0.917235 89 0.00199861 -0.0751491 0.931246 81 0.00079006 -0.0567726 0.920327 22
 0.00611125 -0.107877 0.940289 1 0.057467 0.0192102 0.87613 1
 -0.0206112 -0.12062 0.961043 34 -0.00450357 -0.116509 0.947311 21 -0.018103 -0.119097 0.95595 15
