 -0.0674341 0.0107934 0.955194 187 -0.00556869 0.0362991 1.01503 13
 -0.0656877 -0.00166658 0.965357 200
 -0.0620006 -0.0163368 0.978571 200
 -0.0588721 -0.0267905 0.985108 200
 -0.0557704 -0.0320318 0.992964 200
 -0.0541427 -0.047309 1.00029 200
 -0.014658 0.0278646 1.00981 167 -0.0605688 0.00689432 0.954324 27 -0.0223339 -0.0827561 0.997216 2
 -0.0197561 0.0156832 1.00934 114 -0.0258574 -0.0358796 1.00135 36 0.000928459 -0.0150373 1.00434 32
 -0.0300492 -0.0120037 1.00374 57 -0.0512923 -0.0256455 0.991975 47 -0.0122319 -0.0666632 1.00524 35
 -0.0203874 -0.0217015 0.999191 142 -0.00174743 -0.0630096 1.01059 29 -0.0370222 -0.037469 1.00133 29
 -0.0306305 -0.0299351 1.0037 156 -0.0634192 -0.0243089 0.978107 20 -0.0492996 -0.0695562 0.993217 13
 -0.0338673 -0.0418465 1.00597 138 -0.0439944 -0.0777046 1.00499 25 -0.0462902 -0.0826765 1.00347 14
 -0.0170736 0.0287466 1.00915 129 -0.0626894 0.00905683 0.957667 71
 -0.0187366 0.0118822 1.00536 178 -0.0680681 -0.0179661 0.984925 22
 -0.0281045 -0.0108105 1.00306 186 -0.0637663 -0.0222049 0.98193 14
 -0.0279782 0.00809725 1.00861 56 -0.0279427 -0.0227937 1.00428 56 -0.00380043 -0.022775 1.0055 52
 -0.0243284 -0.0172022 1.0059 67 -0.0255109 -0.0226715 1.00418 56 -0.00735827 -0.0423408 1.01495 41
 -0.0317731 -0.0299053 1.00473 140 -0.0225926 -0.0776967 1.01225 28 -0.0279998 -0.0412164 1.00617 24
 -0.00728578 0.0308564 1.01415 102 0.00566593 0.00930365 0.998587 96 -0.0133472 -0.193083 1.08241 2
 0.00439809 -3.21015e-05 1.00126 188 -0.000119733 0.00546975 1.0283 7 -0.0184401 0.015394 1.00783 5
 -0.020928 0.0104924 1.00228 83 -0.00507141 -0.0136416 0.996767 35 -0.00343415 -0.0210478 1.00853 31
 -0.0297085 -0.00180834 1.00564 78 0.00374132 -0.02529 1.00901 51 -0.000940667 -0.00876443 1.00878 39
 -0.00928691 -0.0286385 1.01281 191 -0.057053 -0.0312233 0.993361 9
 -0.00718065 -0.0332062 1.01784 60 -0.0100516 -0.0256752 1.01792 54 -0.0219248 -0.061086 1.00697 9
 -0.0115431 0.021742 1.01601 168 -0.0042695 -0.0812015 1.01236 10 0.00853139 -0.0694569 1.02121 6
 -0.00246547 -0.063256 1.01542 86 -0.0143466 -0.0034975 1.00752 52 -0.0166901 0.00771522 1.02594 28
 -0.0128323 -0.0722808 1.01041 48 -0.00695698 -0.0441572 1.00347 44 -0.0187999 -0.107413 1.03084 37
 -0.0101157 -0.0938793 1.026 96 -0.0057239 -0.0564252 1.01628 85 -0.040009 -0.166883 1.0843 10
 -0.010186 -0.0829827 1.02228 188 -0.0082958 -0.0232892 1.01211 12
 -0.0173546 -0.0496843 1.00196 176 -0.0203088 -0.0934878 1.01919 13 -0.0196855 -0.08773 1.01548 6
 -0.0355074 -0.124889 1.05417 196 -0.0395572 -0.0957439 1.0294 4
 -0.0139525 -0.0631137 1.01588 11 -0.0439111 -0.160306 1.08058 10 -0.0136123 -0.0874026 1.02651 9
 -0.0339045 -0.0653019 1.00708 80 -0.00736476 -0.0484484 1.01691 23 -0.0226216 -0.0856273 1.01742 22
 -0.0447426 -0.0706674 1.01492 116 -0.0442167 -0.0650171 1.01102 49 -0.0445032 -0.0486348 1.00323 16
 -0.0387573 -0.109938 1.04902 76 -0.0353481 -0.0622305 1.0058 43
 -0.0363884 -0.140932 1.0651 50 -0.0455591 -0.112796 1.05369 12 -0.0431701 -0.119211 1.05592 3
