 0.151069 -0.0520437 0.850997 98 0.0575416 -0.086246 0.854591 47 0.0824627 0.0106633 0.870676 16
 0.145431 -0.0615957 0.854955 106 0.0541602 -0.0865026 0.846562 65 0.0658291 -0.0677126 0.852045 12
 0.133691 -0.0744983 0.860516 70 0.116207 -0.0962047 0.873789 68 0.0535642 -0.0826687 0.856312 61
 0.0486286 -0.0726344 0.857277 109 0.130478 -0.0752572 0.861162 39 0.0316113 -0.0866628 0.913187 18
 0.119521 -0.0860034 0.86905 89 0.0481056 -0.0763907 0.862535 61 0.0358324 -0.0970885 0.916142 18
 0.114228 -0.0991135 0.875098 113 0.0752988 -0.101202 0.858581 43 0.0549514 -0.0794221 0.85852 16
 0.0870297 -0.00014913 0.869536 107 0.115421 -0.0158693 0.856457 82 0.0681329 -0.0810914 0.860936 10
 0.109986 -0.0267876 0.857845 113 0.0822987 -0.0160099 0.863948 38 0.0709943 -0.0866643 0.857233 33
 0.0782777 -0.0336945 0.863506 55 0.0658548 -0.0732496 0.860616 45 0.0659299 -0.0579534 0.875137 41
 0.0788779 -0.0400596 0.861529 37 0.0553993 -0.0635924 0.877018 36 0.0840848 -0.0673557 0.856058 33
 0.0938478 -0.0700334 0.864443 68 0.0600533 -0.0593307 0.876574 48 0.0810849 -0.0563445 0.860781 31
 0.0771208 -0.0904954 0.858673 197 0.076687 -0.0438916 0.867845 3
 0.0870797 0.00550957 0.873423 165 0.1128 -0.011682 0.850947 35
 0.0821993 -0.0175261 0.861412 125 0.109385 -0.0255945 0.851653 69 0.0738733 -0.0912429 0.8416 5
 0.107332 -0.03988 0.856501 108 0.0783337 -0.0594236 0.853274 35 0.0853725 -0.0337374 0.859599 28
 0.0830368 -0.0538672 0.857579 106 0.0994403 -0.0532366 0.853852 48 0.0816902 -0.0172843 0.86851 30
 0.093421 -0.0669301 0.859945 82 0.082048 -0.0495537 0.860584 58 0.0873821 -0.0608802 0.859721 28
 0.0764859 -0.0787207 0.861556 82 0.0634416 -0.0562162 0.881598 48 0.0808148 -0.0483667 0.865967 33
 0.116006 -0.00694292 0.847666 112 0.146402 -0.0497612 0.849035 46 0.0888645 0.00794943 0.866262 23
 0.111532 -0.0182244 0.852889 90 0.140412 -0.0602393 0.855226 70 0.0865469 -0.00418662 0.871053 35
 0.104136 -0.0385988 0.85324 85 0.108064 -0.0320026 0.853558 50 0.0821886 -0.0241956 0.862594 49
 0.100188 -0.0471784 0.859682 71 0.117082 -0.073898 0.859191 63 0.0958005 -0.0106144 0.865748 25
 0.0981608 -0.0403955 0.861156 73 0.11648 -0.0842521 0.867491 66 0.0569094 -0.0509229 0.885362 21
 0.0531194 -0.070691 0.921387 94 0.0614473 -0.0574035 0.8785 56 0.0508337 -0.0765987 0.869081 24
 0.145816 -0.0527866 0.852018 178 0.0818843 0.00135791 0.874986 21 0.0362879 -0.0568787 0.933744 1
 0.136579 -0.0673323 0.859518 98 0.0437566 -0.0562709 0.930149 25 0.101106 -0.0775732 0.859266 19
 0.130385 -0.072428 0.863449 79 0.10998 -0.0814573 0.861943 53 0.0975633 -0.0423817 0.857791 33
 0.10063 -0.0975819 0.869234 151 0.0895236 -0.0538837 0.860089 15 0.0852351 -0.146577 0.88239 11
 0.100201 -0.0941186 0.871361 173 0.0919467 -0.137419 0.886151 27
 0.0885796 -0.108192 0.864285 199 0.0682037 -0.0553358 0.880757 1
 0.0631151 -0.167501 0.891236 79 0.0525752 -0.145926 0.885357 59 0.0539056 -0.151449 0.886891 35
 0.047128 -0.152381 0.898742 82 0.0452203 -0.114479 0.891773 11 0.0781889 -0.157596 0.884607 5
 0.0729423 -0.095157 0.864694 94 0.0655291 -0.106798 0.868391 60 0.0685436 -0.103484 0.867119 37
 0.0519324 -0.0858319 0.862511 71 0.0777345 -0.12269 0.875147 70 0.0506472 -0.0924024 0.863105 42
 0.0677052 -0.112554 0.86947 150 0.050484 -0.138538 0.891046 41 0.0682436 -0.0893833 0.860564 9
 0.0573634 -0.16265 0.891658 144 0.0616323 -0.11446 0.870492 56
