 -0.158337 0.0415599 1.00227 153 -0.162347 -0.0305302 1.01079 23 -0.171614 -0.0855883 1.02017 9
 -0.162524 0.0277895 1.01165 174 -0.160871 -0.0162264 1.01194 16 -0.161109 -0.0101372 1.01375 5
 -0.159204 0.0136951 1.01921 153 -0.158296 -0.0618108 1.01497 28 -0.151876 -0.0317013 1.029 6
 -0.159376 0.00659727 1.02149 166 -0.16802 -0.0350496 1.01753 16 -0.132503 -0.0594302 1.00981 7
 -0.16309 0.00209921 1.02002 117 -0.16773 -0.0379871 1.02119 61 -0.13893 -0.0605856 1.01257 10
 -0.162985 -0.0147785 1.02142 93 -0.168843 -0.0643735 1.01457 91 -0.158959 0.0121265 1.02133 8
 -0.120908 0.0320657 0.997651 69 -0.14978 0.0382089 0.997152 50 -0.137724 -0.0676523 1.01822 31
 -0.120763 0.0268034 1.00565 89 -0.14398 -0.0226431 1.01681 30 -0.144596 -0.0538014 1.01294 27
 -0.150721 0.010107 1.01686 90 -0.12555 0.0139176 1.01572 59 -0.144554 -0.0103441 1.02428 14
 -0.152606 -0.00782088 1.01794 110 -0.141315 0.0171314 1.01486 45 -0.125184 -0.00591621 1.02511 10
 -0.149198 -0.00366891 1.02184 86 -0.142543 -0.0275287 1.01638 72 -0.123558 -0.0398284 1.01517 23
 -0.150177 -0.0294485 1.02667 94 -0.14741 -0.0206884 1.02529 82 -0.134677 -0.0554637 1.0196 20
 -0.119766 0.0417933 0.990608 130 -0.0948056 0.0386345 0.975848 49 -0.0767034 -0.0535932 0.960342 10
 -0.120237 0.0268662 1.00533 180 -0.162116 0.0273394 1.01927 11 -0.0922161 0.0220673 0.986899 7
 -0.128892 0.0113539 1.01704 195 -0.125509 0.0378113 0.986786 5
 -0.131685 0.00555645 1.02168 181 -0.110688 -0.0441493 1.0035 13 -0.157859 0.00624537 1.01849 2
 -0.131634 -0.00505245 1.02793 189 -0.116861 -0.050436 1.01817 6 -0.119615 0.0354854 0.982681 3
 -0.128921 -0.0174515 1.03608 129 -0.128889 -0.0219733 1.03634 70 -0.113302 -0.0425289 1.01609 1
 -0.0999948 0.0354907 0.993472 181 -0.0819945 -0.0574746 0.971516 9 -0.152503 0.0469231 0.995491 4
 -0.0993431 0.0234649 1.00319 141 -0.0832022 -0.0428419 0.975749 31 -0.0996955 0.0324943 0.978971 20
 -0.09993 0.00279526 1.01655 102 -0.105794 0.0129692 1.01401 93 -0.103194 0.00920439 1.01496 3
 -0.102024 -0.0122011 1.02619 176 -0.135401 0.0102319 1.01609 14 -0.130209 0.0120281 1.01646 8
 -0.110803 0.00411411 1.02935 194 -0.0861699 -0.0267214 0.962756 3 -0.13127 -0.0562579 1.03442 2
 -0.119721 -0.0166383 1.03862 200
 -0.0691223 -0.0470119 0.955137 109 -0.0980958 0.0391384 0.975482 57 -0.0880959 -0.0400362 0.995273 14
 -0.0765608 -0.0449845 0.965897 160 -0.0951889 -0.0483061 1.00791 16 -0.168675 -0.130581 1.04918 13
 -0.091562 -0.0454113 0.971436 115 -0.102523 -0.0484293 1.0031 65 -0.114977 0.0245432 0.998435 12
 -0.103861 -0.0569779 0.997595 179 -0.116501 -0.0235754 1.03324 9 -0.110984 0.0132919 1.02047 9
 -0.119251 -0.0808442 1.01053 182 -0.10681 -0.04909 1.01846 8 -0.109095 -0.00536364 1.02157 3
 -0.140789 -0.0812308 1.01856 161 -0.133904 -0.0527282 1.01531 29 -0.150673 0.0280328 1.02066 8
 -0.160176 -0.0964751 1.04036 190 -0.152622 -0.00200388 1.02861 10
 -0.160283 -0.0600166 1.01851 38 -0.170294 -0.075555 1.03379 14 -0.1847 -0.0883771 1.05678 7
 -0.141949 -0.0448684 1.03543 164 -0.162752 -0.0649431 1.0241 22 -0.162481 -0.0984308 1.03496 2
 -0.161348 -0.0438728 1.02314 110 -0.160088 -0.0378685 1.0243 76 -0.118978 -0.0436053 1.02831 10
 -0.151263 -0.0770909 1.02002 33 -0.135303 -0.0449329 1.02749 10 -0.134098 -0.0161185 1.03069 1
 -0.162219 -0.0810011 1.02196 52 -0.16703 -0.0974901 1.04618 29 -0.141441 -0.0248362 1.03446 13
