 0.0338611 -0.125003 0.760753 53 -0.0435703 -0.0723551 0.673485 42 -0.0456661 -0.0715581 0.709602 31
 -0.0405985 -0.0707416 0.681964 66 -0.0432148 -0.0694968 0.722659 24 -0.0382073 -0.0723529 0.735294 19
 -0.0327515 -0.0709479 0.742579 110 -0.0567114 -0.0487071 0.816487 44 -0.0372176 -0.0702099 0.688354 22
 -0.024517 -0.0711051 0.746382 62 -0.0339769 -0.0653248 0.760268 62 -0.0594479 -0.0542323 0.819332 45
 -0.026265 -0.063163 0.745641 67 -0.034267 -0.0605114 0.773293 44 -0.0330766 -0.061156 0.765066 19
 -0.0293534 -0.0553577 0.769288 124 -0.058862 -0.0501682 0.816185 36 0.0211059 -0.0966033 0.794814 10
 0.0326161 -0.122105 0.763341 59 -0.0272968 -0.0815507 0.73413 34 -0.0662145 -0.0558194 0.815651 21
 -0.030415 -0.0810004 0.73155 63 0.0366085 -0.095369 0.67289 25 -0.0296628 -0.0679991 0.764233 17
 -0.033879 -0.0560987 0.775341 81 -0.0550995 -0.056718 0.816721 35 -0.0221985 -0.0636516 0.75036 32
 -0.045586 -0.0518169 0.802399 34 -0.0386648 -0.053556 0.791093 23 -0.05205 -0.0489938 0.815713 22
 -0.0457387 -0.0703537 0.739917 36 -0.0186382 -0.076303 0.744282 34 -0.00727731 -0.0550925 0.729929 20
 -0.0206815 -0.0576154 0.758976 76 0.00555886 -0.0924268 0.796051 49 -0.0342556 -0.0517395 0.796037 42
 -0.0463361 -0.0699058 0.714692 36 -0.0407196 -0.0674159 0.682672 24 -0.0603917 -0.0673635 0.773089 24
 -0.0400661 -0.0552735 0.770629 57 0.00375484 -0.0685212 0.729286 30 0.0255357 -0.0759336 0.749802 22
 0.00667589 -0.0633988 0.735959 145 -0.0291857 -0.0496572 0.780598 23 -0.0221436 -0.0556242 0.757949 17
 0.00102353 -0.0596239 0.7489 133 -0.0511623 -0.036416 0.823702 28 -0.0202576 -0.0505397 0.79017 23
 0.00604727 -0.0630168 0.736411 135 -0.0185224 -0.0602444 0.72547 15 -0.000789075 -0.0916266 0.79492 15
 -0.00504831 -0.0933968 0.799046 61 -0.0138283 -0.0543955 0.774507 28 -0.0117098 -0.0597168 0.751326 23
 0.0347187 -0.124804 0.757954 104 0.0316374 -0.0933601 0.684041 33 0.0417561 -0.0987646 0.673095 32
 0.0264821 -0.0845708 0.692067 96 0.0311405 -0.108226 0.760312 39 0.0164215 -0.0944286 0.802311 19
 0.0251848 -0.0878339 0.68787 66 0.029656 -0.0826672 0.745156 42 0.00100622 -0.0971223 0.797636 38
 0.0179477 -0.0659073 0.750835 99 0.0226179 -0.0714912 0.749839 54 0.0180664 -0.100194 0.793211 21
 -0.0345945 -0.0749505 0.742556 54 0.0166252 -0.0608986 0.754391 54 0.0286929 -0.0667085 0.755128 36
 0.00146339 -0.0576144 0.75794 94 -0.056374 -0.0519628 0.828825 28 0.00196694 -0.0678112 0.719018 26
 0.0388718 -0.0955583 0.672586 89 0.0358709 -0.121933 0.760664 65 0.0197203 -0.0643864 0.715172 22
 0.0271878 -0.0859678 0.685025 54 0.00147774 -0.0548914 0.761002 42 0.0345933 -0.120211 0.771519 32
 0.00387263 -0.0984171 0.799323 93 0.0322633 -0.0859646 0.697049 37 -0.00544151 -0.0521369 0.760877 14
 -0.0565014 -0.0483422 0.82876 76 -0.013075 -0.0904782 0.799209 56 -0.0360474 -0.0554264 0.784847 17
 -0.0110125 -0.0999027 0.804402 2
 0.00455529 -0.0656608 0.753282 18 0.0309206 -0.114277 0.76357 2 0.0158746 -0.106544 0.792698 2
 -0.0238345 -0.0534389 0.776057 101 -0.0420351 -0.0451957 0.819877 78 0.0137735 -0.0640268 0.744375 17
 -0.00839163 -0.0897956 0.804996 6 -0.00446169 -0.049801 0.753896 6
 -0.0161228 -0.0617437 0.765968 46 -0.0367024 -0.0749551 0.728026 1
 0.0218639 -0.0667254 0.729549 81 -0.0210394 -0.0532967 0.762504 11 -0.0539091 -0.059756 0.673888 4
 -0.037499 -0.0578244 0.793476 25 -0.0116652 -0.0614855 0.761134 6
 -0.0129531 -0.0502392 0.785015 27 -0.0241921 -0.0546118 0.758216 3
