 0.0233755 -0.232625 1.08212 183 0.113917 -0.215352 1.00673 7 0.197953 -0.221244 0.997895 5
 0.0290695 -0.235937 1.08801 54 0.0951288 -0.197847 0.996673 35 0.0284109 -0.236385 1.09222 34
 0.10411 -0.21061 1.00191 57 0.0407137 -0.237946 1.06471 32 0.107237 -0.207134 0.955662 29
 0.0467053 -0.237554 1.07189 77 0.166923 -0.21051 1.03502 28 0.108162 -0.194012 0.956169 25
 0.0483012 -0.228151 1.04493 75 0.106696 -0.199426 1.00091 59 0.160072 -0.206947 1.0358 24
 0.0489909 -0.229588 1.06142 64 0.107903 -0.207924 0.997416 62 0.0862732 -0.207719 1.01145 28
 0.130044 -0.198268 1.03016 38 0.104293 -0.187362 1.00282 33 0.125414 -0.207154 1.01122 30
 0.117931 -0.195842 1.00992 42 0.106304 -0.20124 0.998903 36 0.113126 -0.211109 0.976626 35
 0.0961774 -0.212036 1.00355 51 0.0570946 -0.222978 1.06103 37 0.125583 -0.208117 0.964072 27
 0.0908829 -0.206359 1.01684 77 0.157013 -0.227173 1.01338 40 0.0963807 -0.205815 1.01528 37
 0.0509033 -0.210886 1.06375 48 0.141553 -0.217507 1.01839 33 0.113523 -0.204204 1.0023 29
 0.0631138 -0.22256 1.06751 67 0.0837737 -0.223671 1.04245 44 0.144783 -0.21933 1.00098 26
 0.18079 -0.154782 1.04714 163 0.148022 -0.192359 1.04529 9 0.0833279 -0.238064 1.04518 7
 0.1789 -0.173116 1.04031 61 0.165306 -0.186817 1.03818 34 0.160803 -0.15661 1.03651 33
 0.157654 -0.203849 1.03873 137 0.128861 -0.213028 1.00442 22 0.128944 -0.19107 1.04925 11
 0.150272 -0.201688 1.0476 60 0.159602 -0.192394 1.04015 36 0.119643 -0.204986 1.01737 34
 0.145906 -0.200742 1.00797 52 0.150225 -0.205561 1.0428 48 0.164208 -0.190546 1.02687 38
 0.13905 -0.205752 1.0499 52 0.133341 -0.196526 1.01567 45 0.0802542 -0.201345 1.0148 30
 0.180689 -0.153111 1.04081 163 0.175549 -0.201966 1.02791 25 0.21878 -0.226709 0.998208 5
 0.176431 -0.163549 1.04689 190 0.18698 -0.225573 1.00116 5 0.160733 -0.208729 1.03285 4
 0.171983 -0.181056 1.03773 170 0.198294 -0.233034 1.00466 11 0.0945367 -0.208223 1.02812 6
 0.165819 -0.189599 1.03891 160 0.171238 -0.219212 1.01668 22 0.0293088 -0.230132 1.07462 12
 0.164737 -0.200208 1.03935 190 0.133714 -0.196411 1.01133 6 0.0971547 -0.221203 0.985211 2
 0.0651367 -0.230689 1.04986 20 0.15703 -0.202405 1.05053 10 0.136483 -0.189155 1.05351 5
 0.211511 -0.22916 0.999546 161 0.180381 -0.158876 1.04412 39
 0.190027 -0.226052 1.00575 115 0.169244 -0.175736 1.03993 72 0.221104 -0.219237 1.00954 8
 0.160349 -0.225763 0.999431 136 0.16575 -0.216874 1.03025 25 0.138045 -0.215904 0.944722 23
 0.139338 -0.220527 1.00572 171 0.114769 -0.207672 0.9512 23 0.176135 -0.217169 1.03564 2
 0.123979 -0.245882 1.03683 7 0.0524406 -0.249004 1.08389 4 0.104131 -0.223846 1.03092 4
 0.077406 -0.236745 1.05441 141 0.154407 -0.20873 1.02695 27 0.145575 -0.215846 1.0184 20
 0.0626311 -0.226945 1.06247 154 0.100792 -0.209079 1.00036 13 0.116677 -0.204254 0.97397 10
 0.12209 -0.232341 1.03516 6
 0.131657 -0.197892 1.05272 3 0.176384 -0.203639 1.03756 2
 0.0568546 -0.213646 1.03566 37 0.138021 -0.187972 1.06188 32 0.0774996 -0.238769 1.05851 30
 0.159891 -0.195547 1.04318 13 0.0789159 -0.222856 1.05649 1 0.139673 -0.213119 1.04358 1
 0.0983149 -0.198066 1.01513 10 0.0993107 -0.19768 1.01084 6 0.0512326 -0.214298 1.07294 4
