 -0.184591 -0.126709 0.860743 86 -0.159111 -0.105142 0.877589 34 -0.131255 -0.0601958 0.85117 32
 -0.184748 -0.0953958 0.833295 62 -0.168375 -0.0840165 0.888274 60 -0.137097 -0.0602351 0.858143 43
 -0.17452 -0.105009 0.886364 41 -0.12618 -0.0550495 0.854812 38 -0.161277 -0.0635115 0.871043 37
 -0.174429 -0.114509 0.890074 163 -0.140106 -0.0886468 0.908592 15 -0.156153 -0.127561 0.909419 13
 -0.166861 -0.108868 0.89468 138 -0.165339 -0.0822747 0.893197 44 -0.145913 -0.0609199 0.864977 10
 -0.163535 -0.118831 0.90126 73 -0.168552 -0.091142 0.894645 64 -0.104517 -0.10574 0.928839 60
 -0.103867 -0.11697 0.944427 73 -0.130546 -0.0632726 0.853184 72 -0.187904 -0.0938096 0.855188 16
 -0.166668 -0.0777729 0.877508 83 -0.113486 -0.104577 0.94705 71 -0.166101 -0.0961694 0.89347 28
 -0.159187 -0.0839121 0.901507 102 -0.170253 -0.0755329 0.869608 74 -0.157589 -0.111512 0.889607 22
 -0.167026 -0.0769231 0.896573 106 -0.172336 -0.0759654 0.878439 30 -0.171902 -0.0754118 0.873491 24
 -0.151711 -0.0814733 0.908631 59 -0.163154 -0.0764898 0.890723 41 -0.155169 -0.0789026 0.903112 37
 -0.162109 -0.0918841 0.904093 56 -0.135726 -0.110796 0.914865 47 -0.152234 -0.08765 0.915437 44
 -0.118529 -0.05728 0.852346 168 -0.09084 -0.0790289 0.925628 16 -0.11679 -0.0866894 0.909337 5
 -0.120301 -0.0564766 0.85818 87 -0.134741 -0.0901699 0.912642 33 -0.165543 -0.0749538 0.892035 33
 -0.152943 -0.0859529 0.903766 143 -0.107918 -0.0945208 0.943578 55 -0.123468 -0.075831 0.8565 2
 -0.161509 -0.0742132 0.895701 57 -0.132496 -0.0770368 0.921745 40 -0.137703 -0.0566792 0.861816 29
 -0.135339 -0.0819931 0.920552 188 -0.148895 -0.0621981 0.867044 5 -0.173079 -0.0785325 0.881802 5
 -0.136243 -0.0914392 0.925335 106 -0.143897 -0.0965094 0.923946 74 -0.140391 -0.0937635 0.92456 20
 -0.0971222 -0.0552201 0.912392 83 -0.086509 -0.0772525 0.925494 61 -0.0977136 -0.0482824 0.861216 26
 -0.102915 -0.0665126 0.91601 158 -0.100421 -0.0574733 0.871742 37 -0.133677 -0.0501347 0.863096 4
 -0.106152 -0.0770588 0.923217 119 -0.0988209 -0.0929312 0.946694 51 -0.10393 -0.0625697 0.87497 18
 -0.101336 -0.0477852 0.879266 97 -0.0982733 -0.104756 0.946089 42 -0.101485 -0.0932072 0.930979 20
 -0.110137 -0.068326 0.917489 127 -0.114249 -0.100062 0.93807 34 -0.146985 -0.0769508 0.90922 12
 -0.142204 -0.118252 0.924218 31 -0.126256 -0.102195 0.925726 17 -0.128266 -0.12672 0.900129 16
 -0.10536 -0.124304 0.938923 60 -0.10919 -0.17064 1.00583 40 -0.11447 -0.177179 1.01867 31
 -0.122485 -0.160964 1.01394 69 -0.109481 -0.0796764 0.923639 38 -0.11191 -0.118994 0.942686 29
 -0.113223 -0.065463 0.911167 178 -0.111665 -0.0590251 0.870094 9 -0.143653 -0.158453 1.03208 7
 -0.110839 -0.0749921 0.924979 167 -0.131054 -0.139382 0.929779 16 -0.14966 -0.125204 0.904839 13
 -0.131703 -0.106271 0.927194 45 -0.138028 -0.129641 0.912286 17 -0.101838 -0.0756327 0.913846 8
 -0.152375 -0.113296 0.905509 35 -0.108283 -0.10262 0.930101 30 -0.15903 -0.109959 0.904434 23
 -0.15878 -0.0901377 0.890579 54 -0.161889 -0.0879956 0.875225 34 -0.137648 -0.106124 0.91402 24
 -0.110893 -0.0959617 0.945744 37 -0.170098 -0.100038 0.883052 2
 -0.139197 -0.0932477 0.929571 37 -0.115416 -0.103676 0.904176 4 -0.130898 -0.0684357 0.917883 4
 -0.150211 -0.112449 0.909814 158 -0.183439 -0.0788163 0.865354 28 -0.146898 -0.0753072 0.922986 8

 -0.120236 -0.102719 0.937038 3 -0.16145 -0.0954387 0.896203 3 -0.15062 -0.118757 0.907582 1
