 -0.0748299 -0.253961 1.08488 37 0.0649338 -0.184578 0.917561 25 -0.031514 -0.168345 0.999537 15
 -0.0331819 -0.201539 0.954991 81 -0.00157692 -0.170413 0.928785 76 0.0599214 -0.192643 0.920989 14
 -0.0388736 -0.209334 0.950804 111 0.0444916 -0.211997 0.917187 25 -0.00192257 -0.237875 0.942235 17
 -0.0361687 -0.214484 0.956194 82 -0.0705958 -0.221092 1.05053 33 -0.0101403 -0.237179 0.952798 29
 -0.024896 -0.223061 0.961894 92 -0.0164087 -0.215092 0.91148 32 -0.022326 -0.180195 0.96309 22
 -0.0337488 -0.187435 0.963829 66 -0.0276987 -0.220752 0.952642 46 -0.0160907 -0.212291 0.934592 41
 -0.0265695 -0.16977 0.954172 44 0.0222746 -0.167308 0.968297 30 -0.00577913 -0.235245 0.948281 27
 0.000763593 -0.185145 0.938595 89 -0.0257451 -0.180615 0.959186 56 0.0282751 -0.22608 0.922758 15
 0.0132321 -0.181987 0.92896 146 -0.0197331 -0.197375 0.941553 35 0.0311886 -0.166087 0.962008 6
 0.0195836 -0.175137 0.932136 105 -0.0205824 -0.20444 0.943358 71 0.00300069 -0.228338 0.930668 11
 0.000871335 -0.210583 0.935584 74 -0.0165431 -0.195664 0.948729 53 0.00380204 -0.209272 0.933022 32
 -0.0141921 -0.198487 0.945911 114 0.0128947 -0.203262 0.926498 74 -0.0232487 -0.172851 0.995081 6
 -0.00221863 -0.153694 0.978832 113 0.0239751 -0.259558 0.950529 29 0.0265623 -0.163436 0.965961 22
 -0.00523663 -0.163855 0.979671 50 0.0207695 -0.16858 0.941975 36 0.0323661 -0.204614 0.920851 31
 0.0130583 -0.203072 0.926914 126 0.00340849 -0.164177 0.978617 38 -0.00649719 -0.18406 0.984713 24
 -0.000118419 -0.194307 0.936112 132 -0.00150129 -0.158245 0.987626 32 -0.00860699 -0.181722 0.985331 21
 0.00427418 -0.191546 0.933139 102 -0.00163032 -0.185862 0.934215 68 0.00134624 -0.188828 0.933781 13
 -0.00615612 -0.195037 0.944501 63 -0.012286 -0.190752 0.947075 57 -0.00980985 -0.167304 0.9698 52
 0.0457137 -0.216001 0.916169 48 0.0192255 -0.156091 0.966683 37 0.0299538 -0.171975 0.93565 36
 0.0156556 -0.167579 0.969743 68 0.0455783 -0.203053 0.919997 64 0.0269253 -0.157981 0.929486 20
 0.0199509 -0.173875 0.939423 65 0.0157272 -0.175045 0.965645 61 0.0267566 -0.223334 0.926809 34
 0.0178155 -0.160398 0.972539 116 0.0206456 -0.185148 0.938155 45 0.020081 -0.167295 0.936942 9
 0.0227992 -0.177483 0.94062 78 -0.0329318 -0.186362 0.953509 76 0.0151139 -0.170084 0.97279 21
 -0.0188626 -0.209311 0.959924 55 0.00314734 -0.183748 0.939828 38 -0.00924431 -0.232487 0.965326 35
 0.0556306 -0.196115 0.91954 96 0.036678 -0.256974 0.943509 70 0.0126545 -0.232995 0.924968 16
 0.0443884 -0.208681 0.918432 65 0.0276174 -0.253708 0.948611 62 0.0162807 -0.161593 0.972381 48
 0.0469274 -0.204291 0.91969 122 0.0147225 -0.255876 0.957503 39 -0.0444096 -0.263644 1.07897 15
 0.0409142 -0.2139 0.916025 92 0.00030173 -0.251095 0.972832 41 0.0120657 -0.222851 0.939188 27
 0.0162708 -0.175228 0.967209 22 -0.0148339 -0.230694 0.96906 17 0.00332709 -0.246936 0.960589 9
 0.0122848 -0.200115 0.909725 73 -0.0109821 -0.223844 0.941651 20 0.0289628 -0.229712 0.935782 6
 -0.0290905 -0.18645 0.974899 31 0.00302715 -0.206467 0.9349 31 -0.011739 -0.227168 0.958481 30
 -0.0264641 -0.204296 0.966551 21 0.00581224 -0.17127 0.967165 10 0.0255274 -0.205088 0.925878 3
 -0.0195668 -0.201573 0.960199 27 0.0205899 -0.188078 0.926086 15 -0.0025199 -0.200892 0.930404 10
 -0.0324563 -0.20491 0.947782 63 -0.00626271 -0.227004 0.935597 53 0.0141346 -0.239985 0.956084 23
 0.01823 -0.209814 0.928917 6 -0.0240884 -0.205193 0.958446 4 0.0124547 -0.181421 0.964349 3
 -0.04428 -0.204943 1.02442 19 0.0132394 -0.169278 0.972974 12 -0.0245747 -0.183287 0.957694 11
