 0.0948835 -0.0202683 0.872221 180 0.194896 -0.0222999 0.868497 14 0.13697 -0.0446395 0.85265 6
 0.0953275 -0.0312996 0.876865 180 0.185099 -0.0254204 0.874694 14 0.116316 -0.0694019 0.892228 6
 0.101334 -0.0511595 0.887266 199 0.162898 -0.0353402 0.892299 1
 0.10473 -0.0595307 0.891384 197 0.160982 -0.0415229 0.895372 3
 0.108044 -0.068262 0.894486 197 0.136117 -0.140754 0.911247 1 0.11247 -0.139243 0.913246 1
 0.104742 -0.0786241 0.896153 196 0.139389 -0.116209 0.893133 2 0.0915674 -0.132216 0.915575 1
 0.142382 -0.0430269 0.836491 76 0.150732 -0.056563 0.874358 36 0.142018 -0.0866572 0.905235 22
 0.129994 -0.0716476 0.89041 110 0.138698 -0.0361379 0.861666 75 0.0991911 -0.0291664 0.881709 7
 0.130985 -0.0523823 0.884379 122 0.134335 -0.0483677 0.8782 55 0.110016 -0.0792158 0.893181 21
 0.128252 -0.045912 0.881916 174 0.100518 -0.0721239 0.898165 24 0.130084 -0.108109 0.908831 1
 0.133245 -0.057089 0.891896 184 0.138545 -0.119683 0.903503 8 0.185364 -0.0559433 0.847596 3
 0.134394 -0.0654838 0.895692 190 0.136456 -0.117847 0.898119 5 0.175908 -0.0704713 0.857507 3
 0.185603 -0.0219575 0.867923 80 0.144877 -0.0328332 0.836644 63 0.0988223 -0.0243759 0.874973 25
 0.153772 -0.0839704 0.895571 64 0.164033 -0.0526828 0.865161 61 0.164333 -0.0840483 0.851587 23
 0.154652 -0.054515 0.88538 125 0.144211 -0.0414624 0.843396 40 0.158397 -0.084793 0.905271 20
 0.153225 -0.046613 0.877476 120 0.146926 -0.0733629 0.898135 54 0.142079 -0.0378321 0.843992 20
 0.140377 -0.0598483 0.887689 90 0.147972 -0.0868554 0.909171 79 0.139966 -0.0535164 0.882846 21
 0.145657 -0.0866544 0.911973 104 0.140296 -0.0639753 0.889776 47 0.139952 -0.0673789 0.898382 26
 0.185525 -0.0230162 0.869701 170 0.174389 -0.0559681 0.851234 16 0.18619 -0.103271 0.848508 10
 0.181824 -0.035382 0.879062 181 0.0992038 -0.036788 0.882725 7 0.178963 -0.104416 0.852594 5
 0.176298 -0.049759 0.889632 140 0.168613 -0.108394 0.881095 56 0.144962 -0.0381163 0.838206 4
 0.176685 -0.0425198 0.893101 118 0.18136 -0.105127 0.887345 57 0.17465 -0.0764668 0.908274 15
 0.17316 -0.0918495 0.910567 86 0.107851 -0.0944521 0.897878 55 0.171601 -0.0438767 0.887265 45
 0.162646 -0.0855521 0.917688 69 0.141655 -0.0676128 0.898421 32 0.130109 -0.0490966 0.860442 6
 0.185126 -0.023235 0.86885 121 0.170507 -0.127646 0.891652 38 0.174443 -0.0737727 0.849762 19
 0.158968 -0.130186 0.875375 93 0.174751 -0.0804139 0.846171 34 0.172258 -0.113153 0.898482 24
 0.178129 -0.0852905 0.901633 93 0.17389 -0.0957979 0.861259 74 0.16897 -0.109927 0.899033 17
 0.157753 -0.118216 0.90082 86 0.170687 -0.104457 0.906216 47 0.161542 -0.114554 0.901162 34
 0.148984 -0.131574 0.909824 187 0.121584 -0.144999 0.928904 13
 0.121623 -0.125533 0.908203 195 0.15772 -0.0832912 0.907279 5
 0.0932432 -0.126668 0.937599 189 0.109156 -0.0946232 0.902655 4 0.135234 -0.0892899 0.906688 4
 0.169017 -0.0946896 0.858758 41 0.0921625 -0.131639 0.937895 7 0.133866 -0.0623477 0.89499 3
 0.149439 -0.0875002 0.910503 92 0.158724 -0.0479991 0.840059 17 0.164565 -0.0557829 0.885636 5
 0.11496 -0.0884343 0.900818 185 0.110185 -0.125613 0.921702 12 0.150143 -0.0930188 0.909277 3
 0.110441 -0.103613 0.903348 61 0.139604 -0.0857797 0.903797 26 0.116198 -0.0565577 0.890282 4
 0.0913203 -0.132066 0.951504 112 0.129548 -0.102366 0.917106 10 0.102824 -0.104363 0.906499 3
