 -0.223995 0.0141501 0.912442 46 -0.247889 0.0637865 0.903524 41 -0.254151 0.0848919 0.925665 39
 -0.249585 0.0601157 0.905992 85 -0.2421 0.105503 0.913578 33 -0.25764 0.0807038 0.931424 21
 -0.250603 0.0563202 0.910933 98 -0.247748 0.0851638 0.929088 44 -0.273371 0.0311666 0.941739 30
 -0.250451 0.039484 0.924689 72 -0.252341 0.0565226 0.909534 47 -0.261922 -0.0381565 0.946721 34
 -0.256516 0.0512891 0.913705 46 -0.263195 -0.0372797 0.954764 46 -0.253796 0.034966 0.933826 32
 -0.262139 0.025859 0.946037 100 -0.248967 -0.0199014 0.942809 41 -0.243429 0.034306 0.889768 21
 -0.244477 0.0966357 0.92434 107 -0.233235 0.12027 0.936843 84 -0.209948 -0.0390393 0.944635 4
 -0.247578 0.0823629 0.929826 180 -0.235831 0.0543364 0.90992 8 -0.23386 0.00366953 0.937914 5
 -0.236526 0.0874139 0.951816 125 -0.230319 0.0358383 0.908858 70 -0.254049 0.0351635 0.954019 4
 -0.239872 0.0779729 0.958878 69 -0.247713 0.0623406 0.945361 37 -0.256802 -0.0204412 0.946834 33
 -0.241045 0.0517758 0.956301 74 -0.241498 0.0704194 0.947563 69 -0.255546 -0.00677975 0.943215 22
 -0.256669 -0.0159882 0.955303 89 -0.243882 0.0513927 0.90154 47 -0.244284 0.0759546 0.946627 26
 -0.229424 0.121192 0.938559 200
 -0.234975 0.107002 0.944294 200
 -0.23839 0.0861754 0.953222 197 -0.230624 0.0467959 0.895807 2 -0.240785 0.044892 0.966358 1
 -0.237058 0.0770114 0.95731 114 -0.230421 0.0315262 0.90276 76 -0.214887 0.0864725 0.945624 5
 -0.235847 0.0688942 0.963031 140 -0.248526 0.084511 0.939857 20 -0.244855 0.0179808 0.962128 14
 -0.241369 0.0632078 0.961625 100 -0.236382 0.000732976 0.935296 29 -0.249183 0.0045601 0.958365 18
 -0.201934 0.102513 0.923966 160 -0.229836 0.127679 0.938856 30 -0.244411 0.107082 0.916655 9
 -0.204852 0.0945281 0.932896 199 -0.243343 0.0742861 0.937906 1
 -0.208315 0.0830565 0.942774 91 -0.213005 0.0729253 0.95615 60 -0.211332 0.0755051 0.95272 25
 -0.21526 0.0642584 0.960601 197 -0.205343 0.0997989 0.947612 3
 -0.220955 0.0661921 0.965537 195 -0.212168 -0.000168434 0.939182 3 -0.217918 0.0287335 0.88772 1
 -0.22526 0.0317486 0.975951 184 -0.218918 0.0111666 0.939711 12 -0.219915 0.00936085 0.947475 3
 -0.225327 0.0212817 0.903733 81 -0.251324 -0.107359 1.01034 29 -0.206801 0.0961906 0.932066 28
 -0.223678 0.0271798 0.910413 92 -0.209039 0.0844145 0.94539 50 -0.214092 0.0459998 0.974425 18
 -0.220432 0.0128987 0.960039 79 -0.22246 0.0728713 0.962268 51 -0.220037 0.0768467 0.959785 32
 -0.215738 0.000160183 0.960136 91 -0.212568 0.0723586 0.964281 56 -0.218454 -0.000266362 0.946967 26
 -0.218066 -0.0175514 0.959892 158 -0.201964 0.0249351 0.980156 42
 -0.227927 -0.0340168 0.958412 196 -0.215265 0.0252355 0.958459 3 -0.242171 0.0309697 0.962986 1
 -0.240044 -0.0424008 0.96266 116 -0.250072 -0.00320085 0.945623 53 -0.249267 -0.0745347 0.994475 7
 -0.22825 -0.0455775 0.984986 74 -0.222603 0.0161883 0.962131 18 -0.22408 0.0561819 0.966972 14
 -0.220115 0.00542798 0.940045 52 -0.245899 -0.0397392 0.959493 26 -0.248012 0.0536314 0.957227 20
 -0.256594 0.010031 0.956264 104 -0.256902 -0.0169083 0.954992 45 -0.252947 0.028144 0.925796 27
 -0.233858 -0.0334038 0.9625 59 -0.239315 0.0195368 0.96676 8
 -0.253297 -0.0524169 0.971263 92 -0.219835 -0.00408369 0.946795 18 -0.24119 0.0346047 0.97177 2
