 0.164105 0.0336665 0.87611 198 0.218156 -0.00349348 0.86634 1 0.0627549 -0.0345389 0.886566 1
 0.153161 0.0279226 0.878652 161 0.00733221 -0.0491392 0.914144 27 0.0292157 -0.0623308 0.921637 11
 0.142008 0.0211041 0.884463 91 0.0218404 -0.0538255 0.925155 65 0.062781 -0.0352291 0.885655 10
 0.0420665 -0.0646369 0.913983 130 0.137865 0.0152922 0.889011 70
 0.0490915 -0.0643938 0.914232 170 0.129602 0.00836364 0.892483 30
 0.063966 -0.0726917 0.915623 187 0.124508 -0.00920355 0.888306 13
 0.199725 -0.00892256 0.865148 71 0.116453 -0.0872853 0.865068 46 0.0949038 -0.0922491 0.877338 22
 0.18555 -0.00863838 0.871848 99 0.111891 -0.0317588 0.884903 43 0.0892145 -0.0761736 0.875933 17
 0.113656 -0.0179659 0.884545 104 0.171523 -0.0107888 0.885776 49 0.0711633 -0.0278846 0.88877 23
 0.164098 -0.0105234 0.888157 76 0.119702 -0.00723613 0.890167 63 0.0490841 -0.0392535 0.895566 25
 0.153271 -0.0177874 0.893534 62 0.127116 -0.0256121 0.895384 50 0.0726083 -0.0331115 0.893036 49
 0.133496 -0.0220526 0.89718 173 0.0905258 -0.014069 0.879156 13 0.131624 -0.0603018 0.898891 7
 0.152717 0.0303627 0.875325 111 0.204449 -0.00778811 0.863529 42 0.118723 -0.101092 0.875325 17
 0.187673 -0.0404747 0.867317 58 0.179651 -0.0111199 0.875068 37 0.130995 -0.0125714 0.883485 28
 0.12861 -0.00827455 0.886111 187 0.178593 -0.0072326 0.878184 10 0.144323 -0.0574894 0.892287 3
 0.123145 0.00443102 0.88644 173 0.168002 -0.0347935 0.89307 12 0.163127 -0.00770076 0.885074 12
 0.14329 -0.0240828 0.895373 51 0.125742 -0.0144906 0.895411 27 0.12015 -0.0769409 0.894042 26
 0.117715 -0.0341246 0.901846 85 0.134125 -0.00673603 0.897253 42 0.123025 -0.0591016 0.906493 31
 0.202186 -0.0401149 0.854821 68 0.161326 0.0374971 0.874195 55 0.198962 -0.0064699 0.863792 34
 0.154966 0.0255616 0.882017 78 0.196065 -0.0445504 0.860865 56 0.147679 -0.0785327 0.852127 42
 0.11517 -0.0840997 0.880857 45 0.17898 -0.0312432 0.879386 33 0.145159 0.0194086 0.88217 32
 0.159886 -0.0181064 0.892789 56 0.149177 -0.0518392 0.897112 54 0.164699 0.00348421 0.879957 35
 0.139925 -0.0689365 0.897649 46 0.156507 -0.0266613 0.893798 44 0.109737 -0.0118659 0.890386 23
 0.137416 -0.0397962 0.903562 78 0.0871118 -0.0217561 0.890929 61 0.1272 -0.056807 0.907672 15
 0.199232 -0.0449268 0.854904 130 0.143977 -0.0967336 0.834166 38 0.203649 -0.00327212 0.864089 26
 0.132975 -0.0918924 0.855019 118 0.183471 -0.0445582 0.874976 52 0.190367 -0.014985 0.86823 13
 0.113352 -0.0921004 0.874107 80 0.0598433 -0.0841267 0.915928 44 0.147167 -0.0857368 0.843131 36
 0.112521 -0.0911513 0.883785 55 0.0615622 -0.0813297 0.914079 52 0.0506155 -0.0791095 0.926871 46
 0.0763735 -0.0733994 0.903304 128 0.10306 -0.0729797 0.893209 68 0.0904723 -0.0737457 0.896179 4
 0.066237 -0.0592467 0.901744 196 0.148682 -0.0627293 0.890609 4
 0.0449571 -0.0307135 0.922887 200
 0.154448 -0.0563936 0.89034 1 0.0710092 -0.0576967 0.907127 1
 0.105772 -0.0425904 0.90346 152 0.142301 -0.0677892 0.904763 2 0.134274 -0.0644011 0.904424 1
 0.100151 -0.0622367 0.888915 145 0.0954143 -0.0234716 0.890457 55
 0.0983012 -0.0425098 0.90123 12
 0.0750195 -0.0305886 0.88953 68 0.052901 -0.0315034 0.911172 16 0.150312 0.0144972 0.882641 5
