 -0.122334 -0.0262353 0.947525 99 -0.160599 -0.0218513 1.00554 93 -0.129585 -0.127464 1.093 3
 -0.16008 -0.0313084 1.00594 102 -0.132566 -0.0240435 0.958486 60 -0.0969742 -0.0340848 0.943106 34
 -0.109614 -0.00363362 0.950638 40 -0.149185 -0.0263894 1.00502 33 -0.147073 -0.0568597 1.02253 25
 -0.160398 -0.0418423 1.01451 65 -0.144965 -0.0212918 1.00066 61 -0.147797 -0.026008 1.00432 18
 -0.146761 -0.0255137 1.00789 144 -0.115505 -0.0822711 1.02665 14 -0.148635 -0.0551938 1.01899 12
 -0.148947 -0.0306618 1.01315 115 -0.161861 -0.0543 1.02409 63 -0.133417 -0.0673631 1.0248 8
 -0.114179 -0.0262499 0.946811 113 -0.117239 -0.00154539 0.968179 70 -0.123214 -0.0342257 1.02877 10
 -0.120282 -0.0167992 0.956388 198 -0.130304 -0.0234912 1.02798 1 -0.141391 -0.04513 1.02716 1
 -0.116303 -0.0196901 0.952745 159 -0.144953 -0.0385483 1.01585 38 -0.0848848 -0.0463378 1.01892 3
 -0.128154 -0.0116595 0.972682 94 -0.147764 -0.028516 1.01786 49 -0.0907379 -0.0125203 0.955523 33
 -0.128365 -0.0501962 1.02852 102 -0.144807 -0.0283379 1.01236 77 -0.123474 -0.0244503 0.957555 19
 -0.138679 -0.0433423 1.02702 184 -0.131924 -0.0313488 0.941682 11 -0.103616 -0.0666965 1.01512 3
 -0.111978 0.00689064 0.974386 51 -0.100744 -0.0109178 0.945684 43 -0.101407 -0.0206202 0.947438 39
 -0.105511 -0.0155272 0.95303 144 -0.106431 0.000745482 0.975759 22 -0.124824 -0.0604605 1.01175 17
 -0.110237 -0.00238735 0.976449 189 -0.127692 -0.0229309 1.01823 5 -0.0997545 -0.0424391 1.0194 4
 -0.114972 0.000457933 0.983193 85 -0.122811 -0.0627307 1.03021 33 -0.0923702 -0.0241699 1.02291 32
 -0.121749 -0.031725 1.03 134 -0.119942 -0.0549304 1.01866 30 -0.117307 -0.0272477 0.947767 18
 -0.121598 -0.0429754 1.0346 196 -0.106839 -0.018011 0.950794 4
 -0.0858725 -0.00655376 0.96408 126 -0.0767797 -0.0821995 0.982923 58 -0.126434 0.00439237 0.966805 12
 -0.0861536 -0.0195503 0.958811 118 -0.083901 -0.0794543 0.993022 58 -0.0828837 -0.0261828 1.02088 24
 -0.0942437 -0.025402 0.957653 105 -0.093255 -0.0335684 1.02823 71 -0.0955468 -0.0876825 0.999227 20
 -0.0965161 -0.0265824 1.02226 64 -0.122902 -0.0708648 1.02387 25 -0.0850231 -0.0813142 1.0065 25
 -0.0990447 -0.0272814 1.02442 157 -0.129086 -0.0932008 1.03337 18 -0.125969 -0.0902685 1.03029 12
 -0.104575 -0.0414902 1.0316 54 -0.121594 -0.11143 1.07155 7
 -0.0712823 -0.0800627 0.964709 91 -0.0957673 -0.00105131 0.959781 34 -0.0780372 -0.0856143 0.98762 24
 -0.106666 -0.0510664 1.01059 54 -0.0930128 -0.0298389 1.01945 42 -0.0878229 -0.0765724 0.999227 37
 -0.0979716 -0.0465949 1.00731 124 -0.0951468 -0.016284 1.0129 56 -0.0951737 -0.00337846 0.941645 12
 -0.0967074 -0.0610361 1.01759 159 -0.0975716 -0.0259143 1.02487 28 -0.0953793 -0.0161033 0.958336 12
 -0.11266 -0.0777353 1.02477 197 -0.122475 -0.0889333 1.07957 3
 -0.130897 -0.0767326 1.03531 166 -0.159401 -0.06445 1.01753 10 -0.113767 -0.071722 1.00562 9
 -0.152119 -0.0874574 1.06582 173 -0.129471 -0.0413313 1.03278 24 -0.120576 -0.0345825 0.953472 3
 -0.157226 -0.0794221 1.06323 7
 -0.142715 -0.0688216 1.04072 52 -0.124764 -0.0462479 1.02938 16
 -0.149289 -0.0505704 1.0294 169 -0.120078 -0.0508336 1.03298 22 -0.168537 -0.0769249 1.0423 6
 -0.143618 -0.0282463 1.00659 18 -0.115997 0.00670381 0.983165 2
 -0.161664 -0.0909424 1.07917 24 -0.139592 -0.0784479 1.04389 24 -0.11042 -0.00253486 0.973123 8
