 -0.122525 0.0231576 0.994867 96 -0.0427602 0.0599178 0.915093 55 -0.084436 0.0120069 0.980589 15
 -0.119928 0.024849 1.00067 83 -0.0542662 0.0632013 0.909428 59 -0.0733873 0.0682521 0.833464 16
 -0.0391283 0.0791236 0.816883 46 -0.0853121 0.0882641 0.880194 24 -0.0488704 0.0710853 0.814041 24
 -0.0485812 0.0380792 0.921108 57 -0.049712 0.0823374 0.81354 41 -0.0755402 0.0610015 0.840527 19
 -0.0532925 0.0757639 0.82104 76 -0.0592989 0.0425114 0.916123 57 -0.0626363 0.0411717 0.873568 18
 -0.0684891 0.0431822 0.886376 80 -0.0797919 0.0912232 0.876584 53 -0.075937 0.0756911 0.842433 23
 -0.0195194 0.0847959 0.845686 80 -0.0395237 0.0590216 0.917695 50 -0.0610122 0.0781565 0.823855 36
 -0.0663349 0.0665461 0.824343 70 -0.0748503 0.0941858 0.875986 59 -0.032927 0.0888719 0.805386 29
 -0.0717 0.0923101 0.878999 81 -0.0527931 0.0938961 0.857911 48 -0.0645604 0.0739003 0.832668 35
 -0.0792518 0.0959543 0.883414 90 -0.063856 0.0689545 0.829649 28 -0.0766536 0.0576019 0.84486 23
 -0.0595027 0.0646007 0.881063 55 -0.0723537 0.0698202 0.84458 34 -0.0463057 0.091205 0.852615 25
 -0.0661204 0.101532 0.872535 38 -0.0712532 0.0635105 0.878339 35 -0.0516149 0.0816192 0.819446 34
 -0.00868655 0.087436 0.858695 103 -0.0305114 0.0649392 0.92953 48 -0.0463042 0.106594 0.853231 29
 -0.0259432 0.100778 0.851072 87 -0.0366951 0.0785742 0.923643 41 -0.0474172 0.0833157 0.818232 41
 -0.0431835 0.0972859 0.854494 164 -0.0427563 0.0805543 0.817752 12 -0.0735081 0.0863939 0.885941 6
 -0.050194 0.101396 0.861151 136 -0.0573213 0.0785665 0.830732 29 -0.0767928 0.0934523 0.879634 19
 -0.0370956 0.0951098 0.858459 79 -0.0373817 0.0528543 0.919326 23 -0.0536518 0.0621575 0.805753 23
 -0.0676302 0.08973 0.876845 124 -0.0648979 0.0904175 0.843602 27 -0.0569424 0.0596383 0.938162 24
 -0.00205621 0.0975158 0.860884 169 -0.0204054 0.0935695 0.923533 15 -0.0700065 0.113044 0.869134 9
 -0.0137453 0.0923571 0.861562 109 -0.0181918 0.0916419 0.859637 70 -0.0286683 0.0838894 0.80183 12
 -0.023723 0.0900695 0.859485 143 -0.0351215 0.076308 0.810217 27 -0.0329393 0.0865014 0.92392 24
 -0.0361268 0.0745921 0.928444 40 -0.0532152 0.108717 0.861437 38 -0.0320931 0.0858951 0.925427 37
 -0.0422434 0.071908 0.929682 60 -0.031572 0.0910865 0.92524 43 -0.0469929 0.0966548 0.856228 37
 -0.0680783 0.103458 0.880511 54 -0.0507383 0.0619426 0.806328 27 -0.0480925 0.073193 0.941382 5
 -0.00387306 0.0921903 0.859896 162 -0.0179632 0.0831013 0.924908 25 -0.0553228 0.0796325 0.813517 4
 -0.0196595 0.0910044 0.858304 128 -0.0197451 0.0903593 0.921663 54 -0.0253056 0.0784519 0.807167 7
 -0.0342914 0.0832573 0.931035 79 -0.0241995 0.0945808 0.855909 56 -0.0630238 0.0452133 0.897967 22
 -0.0423659 0.0780074 0.931788 57 -0.0600441 0.0439249 0.93188 41 -0.0395587 0.0971437 0.857552 38
 -0.0534883 0.0605401 0.945476 36 -0.0523018 0.0441946 0.922993 6 -0.123952 0.0663155 1.00558 2
 -0.0515237 0.0598364 0.934087 22 -0.0653648 0.0475861 0.81519 8 -0.0946968 0.0398696 0.986583 2
 -0.075266 0.056443 0.886425 52 -0.0908242 0.0550487 0.986401 37 -0.0541048 0.0554419 0.923488 34
 -0.0527794 0.060444 0.927233 3
 -0.0546094 0.061229 0.876055 21 -0.0683313 0.0764544 0.840537 2 -0.0556766 0.0712306 0.817455 1
 -0.0408905 0.0936507 0.856436 17 -0.0460548 0.0921216 0.812241 15 -0.056886 0.0688606 0.93842 11
 -0.089415 0.0382814 0.973834 3 -0.0241312 0.0963144 0.860412 2
 -0.0945821 0.0576133 0.992852 25 -0.0710743 0.050721 0.918729 24 -0.0764435 0.0688233 0.851375 11
