 0.0736251 0.129853 0.780884 101 0.0641208 0.103808 0.81029 43 0.039913 0.0615402 0.785913 36
 0.0678754 0.119524 0.786355 100 0.0522779 0.0840056 0.807288 46 0.0469959 0.0493665 0.793029 22
 0.0633649 0.0445228 0.822982 49 0.0584696 0.0854501 0.808803 36 0.0573417 0.0520584 0.816138 36
 0.0576423 0.0525562 0.819621 104 0.0618023 0.0713617 0.828998 59 0.0602015 0.0641036 0.824586 34
 0.0647307 0.0651904 0.833719 175 0.041687 0.0567154 0.797545 20 0.0440556 0.05617 0.801838 3
 0.0646742 0.0742702 0.829523 133 0.0726792 0.0545762 0.838106 52 0.0574891 0.0420854 0.813441 8
 0.0511339 0.104387 0.783648 71 0.0624858 0.107882 0.804129 61 0.0737499 0.120106 0.789087 36
 0.0507047 0.0923081 0.795081 150 0.0682008 0.0803091 0.828767 27 0.0821333 0.104473 0.83493 16
 0.0807991 0.108601 0.837481 77 0.0715483 0.0805324 0.822262 50 0.0520142 0.0798112 0.805422 45
 0.0801648 0.097844 0.842518 90 0.0608636 0.0810592 0.822823 25 0.122446 0.105338 0.845358 23
 0.0861838 0.0851226 0.849495 144 0.0844003 0.116772 0.838152 50 0.0920535 0.0283333 0.846585 4
 0.0878992 0.0897183 0.861221 62 0.0849418 0.102273 0.848035 42 0.103686 0.0621864 0.849021 40
 0.0705619 0.129199 0.788099 85 0.139938 0.108634 0.814536 81 0.0988218 0.11016 0.829418 18
 0.105576 0.114412 0.825251 122 0.0684426 0.117914 0.792577 52 0.0653656 0.0788313 0.831818 15
 0.0999133 0.0998404 0.836388 90 0.0550588 0.09209 0.801356 38 0.0570954 0.0951932 0.807559 29
 0.10805 0.109851 0.832356 99 0.134857 0.0847552 0.850448 44 0.0625966 0.0986716 0.822194 25
 0.114678 0.0857913 0.866515 124 0.0843296 0.0841598 0.848796 57 0.0941603 0.0831097 0.85795 13
 0.0801176 0.0749167 0.843006 122 0.101697 0.0908194 0.872644 72 0.0930561 0.0948995 0.828636 5
 0.137033 0.114316 0.813034 142 0.137642 0.102064 0.833048 42 0.063253 0.118053 0.793718 13
 0.132593 0.103106 0.818562 151 0.139516 0.100624 0.852804 48 0.125536 0.00490296 0.878298 1
 0.13409 0.0926616 0.854911 95 0.132728 0.089156 0.85776 54 0.127974 0.105924 0.818374 41
 0.134188 0.0925842 0.858011 171 0.121594 0.113863 0.829675 23 0.0721636 0.10462 0.819207 3
 0.122509 0.0889061 0.865226 176 0.0896381 0.096771 0.84621 13 0.111581 0.101406 0.830582 10
 0.121124 0.0765161 0.870168 69 0.101058 0.0863602 0.861796 42 0.0832845 0.0860401 0.839459 38
 0.135391 0.106024 0.817045 143 0.142249 0.0979438 0.842081 35 0.0901481 -0.0369331 0.919085 7
 0.132543 0.102946 0.826375 73 0.130625 0.0935064 0.853075 70 0.091605 -0.0238401 0.900696 26
 0.127701 0.0820614 0.863678 169 0.126541 0.0962646 0.830912 16 0.108382 0.103358 0.82114 5
 0.122544 0.0382298 0.872417 140 0.126514 0.0901948 0.862887 48 0.0905148 0.00837216 0.853867 12
 0.12197 0.0413004 0.876843 176 0.123017 0.0786661 0.867255 24
 0.115805 0.0462769 0.868379 199 0.0959778 0.0619599 0.839335 1
 0.0995447 0.0148705 0.903421 187 0.0937549 0.0211581 0.858446 13
 0.117577 0.0197211 0.878078 40 0.106489 0.0655833 0.859263 17
 0.0966182 0.0406895 0.854939 39 0.113566 0.0619121 0.857319 35 0.0994503 0.0749879 0.872492 17
 0.0787525 0.0536758 0.84455 120 0.0822596 0.0498766 0.846984 79 0.0896768 0.0190908 0.908903 1
 0.105942 0.0587347 0.874641 5 0.0959374 0.0793558 0.83371 1
 0.0969664 0.00679595 0.90565 33 0.0989366 0.0302367 0.853466 7 0.0948792 0.0747362 0.869206 6
