 -0.127476 -0.171931 1.15066 53 -0.0800461 0.0120172 1.09245 47 -0.0928938 -0.0504392 0.987624 31
 -0.086821 0.00168351 1.09449 105 -0.0966412 -0.0428444 0.971615 29 -0.101266 -0.14347 1.08884 19
 -0.0945432 -0.0580956 0.985181 42 -0.0559621 -0.0863967 0.988487 35 -0.100624 -0.135266 1.1049 26
 -0.0658435 -0.0902227 0.993651 37 -0.0779809 -0.0439895 0.97047 24 -0.0700661 -0.109177 1.04521 22
 -0.0782129 -0.0605448 1.01199 26 -0.0905702 -0.111817 1.08915 24 -0.0848179 -0.106749 0.999633 22
 -0.0804202 -0.0724941 1.02216 84 -0.0840364 -0.108694 1.07409 36 -0.0620584 -0.0514167 1.1 23
 -0.0879166 -0.0246188 0.968701 96 -0.08933 -0.0214341 0.962963 91 -0.0744522 -0.0173347 1.10127 8
 -0.0900298 -0.0377175 0.9805 106 -0.0914093 -0.0346532 0.975069 68 -0.0860846 -0.00636985 1.09342 16
 -0.0919764 -0.0525629 0.986742 104 -0.090584 -0.0265541 1.09812 33 -0.0934735 -0.139556 1.11189 20
 -0.0861954 -0.0650433 0.987693 109 -0.0810735 -0.0270509 0.956258 15 -0.0838193 -0.100321 1.04192 15
 -0.0926923 -0.0671437 1.03785 98 -0.0810037 -0.0410168 0.960383 35 -0.0876391 -0.0370432 0.978791 11
 -0.0797287 -0.0664497 1.03531 75 -0.0928231 -0.122798 1.10088 27 -0.0910051 -0.0865938 1.04414 16
 -0.078856 0.00587351 1.09201 163 -0.0864738 -0.0225352 0.956214 33 -0.0656134 -0.108972 1.0383 2
 -0.0846819 -0.0112088 1.09531 129 -0.0767564 -0.0162358 0.952742 34 -0.0734744 -0.0281216 0.956885 29
 -0.0897088 -0.0242517 1.10018 106 -0.0825788 -0.0333415 0.963048 81 -0.0636554 -0.0838532 1.0966 4
 -0.0882895 -0.026209 1.09937 93 -0.0782838 -0.0379982 0.959706 22 -0.0957725 -0.103329 1.07092 14
 -0.0943885 -0.0611821 0.974525 59 -0.0838439 -0.0146144 1.09763 37 -0.0622839 -0.0391076 0.962357 19
 -0.0698864 -0.0620267 1.08555 26 -0.079935 -0.0639521 0.988976 22 -0.0923236 -0.123554 1.10958 10
 -0.0788501 0.0106321 1.09094 107 -0.072935 -0.0153562 1.09487 61 -0.0964815 -0.0199815 0.956028 10
 -0.0717826 -0.0283712 1.09703 84 -0.0783999 -0.00599995 1.09662 73 -0.0766415 -0.0120021 1.09694 14
 -0.0748635 -0.0320507 1.10009 177 -0.0693379 -0.0739894 1.08557 8 -0.081633 0.0144077 1.08736 7
 -0.0790134 -0.0362708 1.10089 88 -0.0766909 -0.0408316 1.09989 48 -0.0858963 -0.00144475 1.09703 19
 -0.0723589 -0.0587298 1.09102 140 -0.0960788 -0.173796 1.14687 27 -0.0865084 -0.0345614 1.09838 10
 -0.0809014 -0.110932 1.05432 7 -0.082633 -0.0853289 1.02607 7 -0.105179 -0.0410066 0.976545 1
 -0.081174 0.00721624 1.09435 71 -0.0731787 -0.015968 1.09749 61 -0.057142 -0.0388068 1.09944 27
 -0.0821334 -0.0150377 1.10147 94 -0.0757542 -0.0305301 1.10676 31 -0.0786046 -0.0240012 1.10454 23
 -0.0606593 -0.0746673 1.09159 68 -0.0692158 -0.0561705 1.08912 34 -0.0459076 -0.111603 1.04787 21
 -0.0693864 -0.0734298 1.10054 52 -0.0567244 -0.0826307 0.967264 30 -0.0696305 -0.0773513 1.02162 30
 -0.0663859 -0.107849 1.05713 23 -0.0737838 -0.0748105 1.02486 11 -0.0657202 -0.111141 1.06625 8

 -0.0938554 -0.123766 1.10055 158 -0.0718362 -0.109968 1.0514 39 -0.0564543 -0.0804247 1.08828 3

 -0.085098 -0.0731829 1.03525 17 -0.0772299 -0.0771169 1.09817 8 -0.0724983 -0.125421 1.10125 3
 -0.0746303 -0.111895 1.06061 21 -0.0847196 -0.103514 1.0288 13 -0.114934 -0.106734 1.09609 3
 -0.0848885 -0.105322 1.08723 37
 -0.0816829 -0.134243 1.11443 1.2056
