 0.00184518 -0.0622102 0.930488 198 -0.0208579 -0.241965 1.01468 1 0.00555871 -0.0668264 0.96087 1
 0.00106114 -0.0728591 0.933724 195 0.0524725 -0.0476949 0.944278 5
 0.00474977 -0.0905515 0.945206 170 0.0730527 -0.143642 0.968234 27 0.0892645 -0.122784 0.96275 2
 0.00408952 -0.0836636 0.949639 104 0.0607681 -0.145941 0.961558 47 0.00299428 -0.0905648 0.949426 46
 0.0079994 -0.0833823 0.950015 200
 0.00931422 -0.0997783 0.952832 199 0.025105 -0.0690894 0.95851 1
 0.0392567 -0.0492026 0.940845 136 0.0102861 -0.0613813 0.928636 43 0.0732837 -0.0785449 0.959684 8
 0.035348 -0.0618339 0.948592 127 0.0106013 -0.0739597 0.938655 46 0.0677175 -0.0882627 0.961173 24
 0.0286704 -0.0792915 0.95856 161 0.00993158 -0.088944 0.946717 22 0.0170752 -0.114712 0.948742 14
 0.0240535 -0.0787376 0.956763 104 0.0290239 -0.084998 0.959211 81 0.0185742 -0.127218 0.948751 9
 0.0328542 -0.0841826 0.96245 178 0.0357895 -0.149664 0.952536 8 0.0259089 -0.0605011 0.943236 8
 0.0320514 -0.0951073 0.969057 190 0.0173908 -0.146662 0.955373 8 0.0313961 -0.123766 0.956529 1
 0.0500829 -0.0444874 0.936309 80 0.055217 -0.0443548 0.937362 80 0.0598376 -0.0441168 0.938227 32
 0.0456895 -0.056575 0.944963 185 0.0695416 -0.0794264 0.96707 7 0.0461491 -0.0848437 0.97552 7
 0.0392163 -0.0697194 0.952505 184 0.0736279 -0.055862 0.938742 13 0.0785887 -0.0952681 0.976856 2
 0.0363582 -0.0704197 0.956055 100 0.0380507 -0.0626736 0.95375 62 0.0518381 -0.0757023 0.972277 31
 0.050688 -0.0806077 0.972437 114 0.0457303 -0.0507321 0.945904 45 0.0325892 -0.0698338 0.96208 31
 0.051263 -0.0951618 0.98474 189 0.0307222 -0.0646352 0.961417 6 0.0717387 -0.0813551 0.957954 4
 0.0678865 -0.0469832 0.93982 164 0.0956975 -0.082176 0.941401 33 0.0686052 -0.0886079 0.970748 3
 0.0632143 -0.0527259 0.943521 123 0.0882838 -0.0940828 0.935643 50 0.0585793 -0.0707473 0.968309 20
 0.0842982 -0.109752 0.945605 74 0.0653923 -0.0814446 0.968344 64 0.0448957 -0.0513033 0.93939 25
 0.0681863 -0.0801251 0.974918 90 0.0397191 -0.0601053 0.941272 73 0.0844142 -0.0838165 0.954773 15
 0.0659189 -0.0884533 0.980581 154 0.0699299 -0.0539337 0.949691 31 0.0501775 -0.155935 0.967838 6
 0.0453068 -0.10704 0.985888 187 0.0565824 -0.149025 0.966383 7 0.00748813 -0.103622 0.954058 4
 0.0993802 -0.0942553 0.940166 195 0.0536988 -0.054109 0.942421 3 0.0678923 -0.163161 0.963289 2
 0.0910848 -0.110801 0.951879 198 0.0618627 -0.0717611 0.973239 2
 0.0833001 -0.127907 0.965701 123 0.0625573 -0.153603 0.964568 77
 0.0584021 -0.162132 0.967203 66 0.0605888 -0.157095 0.967225 50 0.0756499 -0.135524 0.970445 48
 0.0499164 -0.162831 0.966694 158 0.0772437 -0.142859 0.972677 35 0.00855388 -0.140036 0.956309 7
 0.0336134 -0.172554 0.961933 129 0.0457589 -0.151416 0.968128 52 -0.00567364 -0.18825 0.990075 6
 0.00481185 -0.176878 0.978883 70 0.00792819 -0.167327 0.963075 47 0.00730614 -0.17414 0.971889 46
 5.15642e-05 -0.174008 0.986081 63 0.0569124 -0.141118 0.965577 2 0.0505311 -0.102357 0.99214 1
 0.026106 -0.123342 0.967703 85 0.03365 -0.103844 0.975493 12 0.0278093 -0.116712 0.96873 10
 0.0181047 -0.123924 0.961934 188 0.0287154 -0.165971 0.957542 12
 0.0362449 -0.14155 0.969452 90 0.0465119 -0.0909938 0.95564 2
 0.00337777 -0.178585 0.979071 97 0.00284841 -0.164731 0.962416 43 0.0274378 -0.167965 0.958293 19
