 -0.146011 -0.0167511 0.941235 97 -0.130819 0.0480409 0.969302 89 -0.134344 0.0244496 0.961884 7
 -0.142245 -0.0247437 0.947582 86 -0.132133 0.0386079 0.96894 84 -0.1371 0.0133275 0.965594 24
 -0.139403 -0.0345125 0.958185 55 -0.134448 0.0242886 0.970904 50 -0.146177 -0.0205936 0.94637 42
 -0.133463 -0.0357803 0.953363 64 -0.136733 0.0158749 0.9746 60 -0.132168 -0.0134016 0.970188 25
 -0.126197 -0.0218423 0.971638 86 -0.112066 -0.052761 0.950166 76 -0.1014 -0.0878807 0.93325 16
 -0.106275 -0.0785167 0.938455 169 -0.139504 -0.0130257 0.972354 16 -0.121053 -0.0448372 0.966039 13
 -0.126907 0.0351064 0.969937 151 -0.0880395 0.0229324 0.977339 23 -0.0479257 -0.138926 0.993313 13
 -0.129586 0.0264755 0.974172 191 -0.128377 -0.00924436 0.975869 5 -0.0177997 0.00383169 0.983522 1
 -0.128567 0.0121075 0.98066 168 -0.0726356 -0.081677 0.94836 22 -0.0911119 0.00938459 0.978899 10
 -0.126553 0.000330586 0.981383 86 -0.124703 -0.00580069 0.980094 44 -0.0805983 -0.00766726 0.99632 38
 -0.126244 -0.00452784 0.974965 76 -0.0701401 -0.076781 0.943403 44 -0.11091 -0.0223769 0.972375 25
 -0.124281 -0.0178979 0.976833 97 -0.0766785 -0.0614931 0.968233 65 -0.0955183 -0.0261219 0.980768 36
 -0.122306 0.0468679 0.971603 153 -0.0190231 0.0179723 0.97593 25 -0.0882106 0.0398608 0.975219 19
 -0.124812 0.0305823 0.980765 132 -0.093808 0.0276245 0.983573 46 -0.0262989 -0.00513591 0.976694 20
 -0.12065 0.00551158 0.98619 65 -0.102442 0.0180368 0.986455 58 -0.114449 0.00258384 0.987674 43
 -0.108888 0.0100928 0.984481 89 -0.110961 -0.0389265 0.946224 55 -0.106002 -0.0257568 0.968804 27
 -0.118581 0.0138158 0.99326 114 -0.101002 -0.0434201 0.962161 38 -0.0988699 -0.0193121 0.990294 31
 -0.0901925 -0.0293484 0.985102 126 -0.0698737 -0.0460544 0.967643 30 -0.119168 -0.00855358 0.988216 19
 -0.0204732 0.0155641 0.97121 145 -0.0844729 0.042568 0.967505 51 -0.127775 0.00161864 0.969367 2
 -0.0251097 0.00197664 0.973275 172 -0.0881348 0.0290415 0.974234 28
 -0.0297942 -0.0156255 0.978985 195 -0.0946957 0.0192518 0.98374 4 -0.0860265 0.0442091 0.970211 1
 -0.0340326 -0.0321714 0.97947 68 -0.0923144 0.0334313 0.982751 37 -0.136323 0.0270665 0.980579 31
 -0.0948796 0.0153013 0.996549 125 -0.0414481 -0.0453603 0.972535 50 -0.0993186 0.0364699 0.981312 10
 -0.0825322 -0.0221321 0.994446 188 -0.0512023 -0.0778289 0.963612 11 -0.0322604 -0.0268944 0.986151 1
 -0.0233072 0.00953968 0.978234 192 -0.0852494 0.0330944 0.973873 7 -0.0401327 -0.162873 1.02014 1
 -0.0269905 -0.00825869 0.978934 134 -0.0644846 -0.152086 0.992225 26 -0.0330061 -0.0373887 0.963039 19
 -0.0334432 -0.0258838 0.980861 198 -0.133013 0.0225573 0.986519 2
 -0.0374062 -0.0481616 0.970449 198 -0.124313 -0.0457392 0.961155 2
 -0.0385489 -0.065943 0.966675 153 -0.0448603 -0.0902898 0.965894 45 -0.080961 -0.0868216 0.953081 2
 -0.0469753 -0.0918694 0.967534 176 -0.0447641 -0.0554266 0.957853 21 -0.0464382 -0.0597011 0.956638 3
 -0.0689823 -0.115961 0.972838 135 -0.0903318 -0.0983679 0.948426 43 -0.0859663 -0.0640216 0.945704 18
 -0.0497455 -0.100763 0.971545 29 -0.0693493 -0.115112 0.958501 12 -0.0450959 -0.033215 0.96998 4
 -0.0728546 -0.0460445 0.983301 147 -0.11646 -0.0284925 0.984469 36 -0.108028 -0.0338073 0.980839 7
 -0.0934503 -0.0685614 0.948451 167 -0.102184 -0.0377157 0.97553 31 -0.127817 -0.0116264 0.983229 2
 -0.0805765 -0.0527487 0.975318 39 -0.0671384 -0.0900938 0.95193 3 -0.106531 -0.00937093 0.998137 2
 -0.0712281 -0.119065 0.984592 18 -0.0946767 -0.0245564 0.990753 9 -0.0762555 -0.151956 1.00577 1
