 0.126274 -0.17006 0.864242 28 0.0427383 -0.260623 0.995715 27 0.105255 -0.198901 0.811733 23
 0.0561026 -0.23155 0.829096 67 0.105272 -0.203004 0.814038 22 0.0958974 -0.181893 0.858055 22
 0.0588836 -0.216488 0.835333 98 0.0367168 -0.232545 0.976236 32 0.0769652 -0.197721 0.842046 23
 0.0609889 -0.210942 0.840895 70 0.0360339 -0.19123 0.869428 65 0.035515 -0.231905 0.983366 42
 0.0330957 -0.222741 0.984077 48 0.0397472 -0.188699 0.878974 37 0.0626535 -0.201559 0.851009 36
 0.0468914 -0.189057 0.883429 83 0.0524929 -0.190123 0.875403 52 0.0261116 -0.212729 0.997615 46
 0.0675856 -0.223174 0.8333 67 0.108305 -0.167717 0.894063 45 0.0608621 -0.247262 0.866228 31
 0.0938311 -0.163259 0.906865 63 0.0545545 -0.234462 0.864332 26 0.0553942 -0.194879 0.848915 19
 0.0643591 -0.199619 0.847377 80 0.0569793 -0.17571 0.878725 79 0.0724137 -0.224231 0.839753 24
 0.0593854 -0.20217 0.854053 55 0.0634034 -0.174414 0.874737 41 0.0618086 -0.206456 0.852629 31
 0.0658628 -0.188019 0.870061 143 0.0743296 -0.17765 0.903872 23 0.0760584 -0.198773 0.840371 18
 0.0623021 -0.179607 0.880722 95 0.0766371 -0.167973 0.925863 26 0.0937854 -0.1908 0.819999 22
 0.116781 -0.173364 0.85904 140 0.0557857 -0.191629 0.875873 16 0.104179 -0.197919 0.812745 16
 0.101697 -0.176135 0.856596 54 0.106907 -0.174976 0.860218 53 0.100507 -0.175906 0.903096 25
 0.0831007 -0.176777 0.859884 92 0.0871786 -0.176139 0.858372 42 0.093509 -0.173544 0.913731 32
 0.0915573 -0.16845 0.915044 85 0.0835296 -0.171193 0.857456 75 0.0815762 -0.20041 0.836358 28
 0.0778773 -0.173856 0.862345 91 0.0852862 -0.177684 0.915866 90 0.0727043 -0.189975 0.847101 11
 0.0831867 -0.173457 0.913592 71 0.0625674 -0.179831 0.883167 66 0.0807331 -0.186366 0.852366 25
 0.120121 -0.167965 0.852205 78 0.118351 -0.159212 0.884334 60 0.0740047 -0.249503 0.847878 25
 0.113469 -0.17042 0.851882 119 0.113493 -0.169885 0.890605 43 0.0694557 -0.242153 0.852749 21
 0.104564 -0.173541 0.902094 95 0.107037 -0.181341 0.857311 92 0.102435 -0.196796 0.816844 7
 0.10668 -0.16734 0.902861 163 0.104855 -0.166399 0.850592 25 0.118478 -0.185259 0.862688 7
 0.101307 -0.18084 0.904391 66 0.0932492 -0.173582 0.857737 64 0.0609494 -0.16793 0.903413 28
 0.0583571 -0.188292 0.881981 32 0.0925946 -0.198713 0.827143 21 0.0805994 -0.198105 0.842253 19
 0.0753797 -0.250657 0.840947 58 0.121726 -0.1779 0.855739 40 0.109935 -0.202744 0.812627 36
 0.0660963 -0.242254 0.853742 65 0.0898132 -0.206987 0.826263 41 0.111588 -0.17079 0.862099 40
 0.0682904 -0.204463 0.838401 71 0.0580338 -0.234808 0.873479 36 0.0708462 -0.251229 0.859434 21
 0.104029 -0.16992 0.891064 40 0.0866819 -0.202197 0.832076 25 0.0594143 -0.204492 0.845645 25
 0.0713813 -0.233766 0.875341 7 0.0969612 -0.19181 0.819967 5 0.0527384 -0.256696 1.00901 1
 0.0561879 -0.226663 0.981483 11 0.0671337 -0.186021 0.882115 5 0.0639731 -0.209832 0.859905 4
 0.0499629 -0.203241 0.988957 162 0.0431675 -0.194018 0.8902 28 0.0652848 -0.172941 0.879012 10
 0.0724705 -0.177195 0.899737 15 0.0452043 -0.226898 0.985485 8 0.0882118 -0.18036 0.818828 1
 0.0880931 -0.156063 0.858926 18 0.0923033 -0.175535 0.899419 11 0.0841528 -0.174809 0.923895 11
 0.0535905 -0.20374 0.888968 24 0.0626338 -0.163866 0.852122 21 0.0791059 -0.186954 0.818664 19
 0.0752395 -0.179715 0.907355 10 0.115951 -0.186973 0.853779 5 0.0591804 -0.203278 0.883311 2
 0.0796477 -0.177184 0.921956 59 0.0683897 -0.181829 0.882964 49 0.0665411 -0.213158 0.854067 13
