 0.114936 -0.0817263 0.848183 104 0.2212 -0.0506475 0.843161 32 0.172912 -0.0687068 0.817078 12
 0.0630474 -0.0267557 0.951702 93 0.11288 -0.0761583 0.857898 92 0.116924 -0.0494086 0.899928 5
 0.0753391 -0.0344066 0.958182 51 0.115095 -0.0746627 0.856002 43 0.0741052 -0.0271735 0.959395 22
 0.102184 -0.0416089 0.895254 69 0.0822926 -0.0305002 0.961203 55 0.11331 -0.0686613 0.862962 47
 0.10326 -0.0373972 0.899529 65 0.125036 -0.0595108 0.877638 57 0.129843 -0.0512801 0.88309 39
 0.119767 -0.0421897 0.886062 49 0.0975681 -0.0343579 0.929871 46 0.111452 -0.0353927 0.894875 43
 0.119493 -0.0774423 0.850436 121 0.0694019 -0.00630113 0.976347 25 0.126033 -0.0575259 0.869484 22
 0.111582 -0.063056 0.85129 102 0.164464 -0.0485105 0.833808 36 0.0660774 -0.0197831 0.984988 25
 0.111661 -0.0397791 0.907939 82 0.152119 -0.0256766 0.856896 46 0.100476 -0.0239873 0.934319 28
 0.150524 -0.0377207 0.863097 74 0.102245 -0.0136404 0.935881 37 0.110254 -0.041219 0.905601 29
 0.114784 -0.0264149 0.913464 81 0.158987 -0.0521369 0.836635 58 0.165915 -0.0376301 0.880415 20
 0.119611 -0.0130603 0.928783 72 0.152334 -0.0429055 0.863042 39 0.118858 -0.0434437 0.900841 34
 0.163021 -0.0718864 0.830849 96 0.201418 -0.0553733 0.825168 26 0.0680332 0.00191006 0.977852 25
 0.154969 -0.0614063 0.834596 63 0.186568 -0.044912 0.834691 33 0.0668667 -0.0149592 0.985409 25
 0.170185 -0.0432749 0.841794 76 0.14712 -0.0456147 0.860173 37 0.121989 -0.0341839 0.89016 23
 0.159406 -0.0361822 0.88334 44 0.199731 -0.0409525 0.866716 35 0.145607 -0.038712 0.870406 35
 0.146169 -0.0271016 0.892123 44 0.151085 -0.0330767 0.88821 43 0.166637 -0.0423794 0.866771 25
 0.156969 -0.0379045 0.887188 84 0.151948 -0.0349414 0.891756 65 0.199714 -0.0346034 0.869958 19
 0.200608 -0.0658614 0.818974 128 0.223171 -0.0523752 0.843883 29 0.172205 -0.0710623 0.819938 12
 0.171098 -0.0569499 0.846774 62 0.200048 -0.0617524 0.819921 59 0.21478 -0.0504453 0.845409 48
 0.203845 -0.0454503 0.857958 78 0.168733 -0.0226374 0.8658 40 0.195189 -0.0499033 0.834736 36
 0.196846 -0.0370763 0.868249 63 0.166718 -0.0259305 0.873842 31 0.178307 -0.0381788 0.855961 29
 0.146342 -0.00774241 0.902983 77 0.164563 -0.0505494 0.843803 32 0.120005 -0.0572033 0.875783 26
 0.15118 -0.0306433 0.89767 101 0.120084 -0.0373291 0.905426 45 0.143786 -0.0421222 0.854753 28
 0.222866 -0.0521407 0.844407 141 0.207218 -0.0547283 0.816665 59
 0.193656 -0.0474979 0.828254 112 0.209266 -0.0478105 0.85789 74 0.171663 -0.0417069 0.849282 9
 0.178865 -0.043399 0.84622 108 0.182077 -0.0455964 0.84321 50 0.193648 -0.0373429 0.883995 26
 0.150371 -0.0394748 0.85197 69 0.167965 -0.0490202 0.831376 29 0.177426 -0.031214 0.891748 27
 0.163271 -0.057429 0.828194 65 0.158428 -0.0460636 0.854908 31 0.143125 -0.049227 0.88984 11
 0.132273 -0.0515797 0.889188 52 0.179973 -0.029531 0.896224 48 0.137845 -0.0193886 0.919697 37
 0.0984317 -0.0130666 0.954318 156 0.122507 -0.0221198 0.927834 34 0.118062 -0.020458 0.932422 6
 0.126933 -0.0183786 0.931209 28 0.0784905 -0.0419015 0.971888 1
 0.146852 -0.0341633 0.899603 174 0.105115 -0.0197498 0.937509 25 0.192805 -0.0424006 0.896066 1
 0.113694 -0.0258789 0.929528 44 0.188122 -0.045736 0.878637 39 0.210301 -0.061168 0.84264 21
 0.129114 -0.0283296 0.916175 42
 0.108544 -0.00896482 0.954368 60 0.131489 -0.0113205 0.94025 58 0.117883 -0.010164 0.946887 41
