 -0.145656 0.100137 0.945306 161 -0.159946 0.0592725 0.935804 15 -0.159619 0.0486124 0.938461 13
 -0.147137 0.0878339 0.950412 176 -0.156513 0.0492432 0.942952 11 -0.133006 0.11275 0.955794 4
 -0.145548 0.0694573 0.958641 69 -0.149104 0.066549 0.937997 51 -0.147527 0.0758399 0.951231 37
 -0.14074 0.0595296 0.965117 91 -0.147168 0.0543058 0.944683 53 -0.15032 0.0921667 0.950216 24
 -0.140647 0.0563133 0.965434 88 -0.132125 0.0143176 0.949381 60 -0.152784 0.0899734 0.957538 23
 -0.0940176 -0.0234244 0.937128 87 -0.133061 0.0454315 0.965549 43 -0.0698052 -0.0251089 0.940594 32
 -0.147947 0.0912356 0.951157 92 -0.131651 0.0983493 0.963958 61 -0.0977565 0.0973409 0.958196 41
 -0.134373 0.0954057 0.966027 63 -0.150565 0.0755484 0.958606 44 -0.151454 0.0804176 0.955047 24
 -0.121979 0.0168746 0.949163 35 -0.150709 0.0538488 0.942483 29 -0.150591 0.063485 0.937761 24
 -0.0555932 0.0395959 0.944478 51 -0.106769 0.0136822 0.93581 43 -0.111835 0.0670421 0.979885 31
 -0.105232 0.0652388 0.986186 61 -0.0981397 0.0111829 0.946685 55 -0.095189 0.0376667 0.963183 39
 -0.104408 0.0486812 0.986568 104 -0.0872724 0.0343484 0.967493 61 -0.0864162 0.00440051 0.948139 10
 -0.133258 0.106588 0.95824 128 -0.0970637 0.0985681 0.965708 22 -0.0589371 0.10112 0.94169 17
 -0.135314 0.0951535 0.96791 143 -0.103017 0.0856185 0.978749 35 -0.0674402 0.0854397 0.9516 22
 -0.138763 0.0803537 0.973451 110 -0.0684565 0.0549554 0.960712 33 -0.0680017 0.0391477 0.954018 20
 -0.14229 0.0876633 0.969341 75 -0.0432084 0.0179575 0.945853 56 -0.136485 0.0547053 0.972984 19
 -0.0457834 0.0282964 0.966343 81 -0.0815705 0.0569504 0.98419 33 -0.142996 0.0384784 0.965322 18
 -0.0906821 0.0310101 0.959807 69 -0.0862383 0.0437067 0.976833 61 -0.0873528 0.0393357 0.96997 29
 -0.0602865 0.0965163 0.941429 197 -0.107018 0.0922909 0.969764 2 -0.040436 -0.0804392 0.985654 1
 -0.0612611 0.0837135 0.950572 182 -0.100409 0.0890266 0.971284 8 -0.0465689 0.0392313 0.955141 7
 -0.0572086 0.0672176 0.957455 155 -0.0444981 -0.02308 0.953234 16 -0.139277 0.0825587 0.974666 12
 -0.0566844 0.0505991 0.956487 93 -0.115298 0.0534912 0.980182 51 -0.0494844 -0.0340138 0.961487 30
 -0.0663178 0.0403948 0.951835 85 -0.105607 0.0409265 0.972086 54 -0.0528989 -0.00709967 0.952844 40
 -0.0620968 -0.00638563 0.949488 81 -0.0618466 0.0136726 0.95753 44 -0.111964 0.0736434 0.993856 26
 -0.0550314 0.0753757 0.954707 161 -0.133527 0.108458 0.964328 11 -0.0440779 -0.0938004 0.974957 9
 -0.0560544 0.0647352 0.954945 168 -0.138898 0.0925828 0.972678 10 -0.0591686 -0.0804472 0.982056 9
 -0.0570942 0.0402857 0.953434 113 -0.06848 0.0761835 0.954345 28 -0.0771242 -0.013591 0.941979 21
 -0.0482813 -0.00301362 0.964498 156 -0.0532059 0.0383204 0.962305 24 -0.0668928 -0.00343561 0.947457 10
 -0.0485949 -0.0108742 0.960513 131 -0.124535 0.0207739 0.962607 40 -0.0662819 -0.0133188 0.944277 17
 -0.0937582 0.0112844 0.947747 87 -0.0597614 -0.0108095 0.94394 71 -0.108284 0.0326443 0.972878 32
 -0.071502 -0.0343593 0.955271 181 -0.090186 -0.000913255 0.94399 9 -0.118174 0.0359085 0.958448 6
 -0.053404 -0.0262822 0.965366 34 -0.105864 0.0255013 0.952864 8 -0.094511 -0.0609831 0.980063 1
 -0.100917 0.0287808 0.974545 149 -0.106381 0.0600564 0.990435 27 -0.0463631 0.00991822 0.964665 19
 -0.0852975 -0.0116239 0.940135 129 -0.10042 0.0155013 0.957732 38 -0.120884 0.034656 0.974329 13
 -0.0707029 -0.0173452 0.944929 4 -0.0830861 0.0282461 0.977703 3
 -0.0768897 -0.0518849 0.965523 19 -0.110733 0.0694335 0.979046 3
