 -0.252412 -0.0197713 0.785776 128 -0.234508 -0.0202556 0.719159 23 -0.196396 -0.0567014 0.719237 22
 -0.22249 -0.0246773 0.736278 61 -0.247254 -0.0259616 0.794757 41 -0.203093 -0.0304571 0.767627 26
 -0.214405 -0.0293363 0.748214 86 -0.167314 -0.0433681 0.790245 46 -0.201997 -0.0248798 0.780853 28
 -0.193403 -0.0395772 0.730408 47 -0.197261 -0.024338 0.792597 37 -0.147721 -0.0362477 0.95469 18
 -0.192128 -0.0234743 0.804644 45 -0.18472 -0.0425402 0.736536 44 -0.190619 -0.0376024 0.769509 29
 -0.19313 -0.0412552 0.772353 52 -0.195687 -0.0289753 0.788588 36 -0.170173 -0.0526847 0.73948 25
 -0.144507 -0.0775426 0.810541 174 -0.15428 -0.0225037 0.796272 17 -0.248999 -0.0266897 0.783755 3
 -0.151672 -0.0445187 0.827905 95 -0.155503 -0.0368873 0.806665 41 -0.162146 -0.0704426 0.787749 41
 -0.165176 -0.05535 0.792176 57 -0.180637 -0.0301399 0.795317 35 -0.160683 -0.0282179 0.802138 34
 -0.174292 -0.0225226 0.799897 66 -0.165965 -0.05227 0.795925 63 -0.161855 -0.0276415 0.796753 16
 -0.16035 -0.0413392 0.798236 126 -0.17501 -0.0106237 0.803042 21 -0.166358 -0.032658 0.770801 11
 -0.165426 -0.0378421 0.795062 120 -0.193369 -0.0488591 0.754186 61 -0.172844 -0.0403952 0.759878 6
 -0.13348 -0.0831286 0.823374 158 -0.242887 -0.0177976 0.787551 21 -0.151094 0.00528104 0.815532 7
 -0.156281 -0.0748119 0.787381 57 -0.152674 -0.0146474 0.820244 43 -0.180746 -0.0330234 0.781264 35
 -0.166509 -0.02306 0.809649 51 -0.161427 -0.0196688 0.882356 50 -0.154811 -0.0261113 0.833082 37
 -0.159982 -0.0128324 0.833387 68 -0.167383 -0.00783755 0.886654 60 -0.166833 -0.00909427 0.807157 37
 -0.163327 -0.0272067 0.798687 87 -0.195546 -0.0435546 0.748079 42 -0.172292 -0.0673546 0.78494 19
 -0.171707 -0.0242335 0.807118 76 -0.160365 -0.0204785 0.840551 63 -0.174828 -0.0317266 0.756628 47
 -0.251878 -0.0147662 0.783787 63 -0.148507 0.00688427 0.894685 34 -0.130641 -0.076536 0.835283 28
 -0.243596 -0.0200995 0.794784 52 -0.139495 -0.0170448 0.841848 40 -0.138546 -0.0192461 0.852242 37
 -0.141222 -0.0589319 0.837995 76 -0.144487 -0.0106283 0.896481 36 -0.1419 -0.0379809 0.856384 33
 -0.147455 -0.00620109 0.900825 65 -0.142709 -0.0457846 0.844112 59 -0.150823 -0.0136602 0.808611 47
 -0.149169 -0.0250794 0.94559 73 -0.150371 -0.00858273 0.839056 34 -0.152216 -0.0152087 0.899749 29
 -0.167754 -0.0128455 0.81069 131 -0.179909 -0.0412467 0.760503 26 -0.155473 -0.0432395 0.964638 24
 -0.134611 -0.0882886 0.823101 69 -0.167021 0.00540482 0.873461 43 -0.137042 -0.0466856 0.958951 17
 -0.160044 -0.040846 0.789944 53 -0.14892 -0.0400753 0.965357 41 -0.146864 -0.081014 0.83075 30
 -0.154171 -0.0375291 0.952962 103 -0.246433 -0.0253551 0.795489 24 -0.205188 -0.0235098 0.794589 12
 -0.156891 -0.0424037 0.958826 93 -0.156601 -0.0127201 0.904334 49 -0.166274 -0.0313329 0.798044 27
 -0.16638 -0.0260973 0.804707 40 -0.149168 -0.0515837 0.797023 7 -0.156399 -0.0431363 0.960594 5
 -0.148218 -0.0461247 0.838457 10 -0.208642 -0.0405791 0.762984 5 -0.179883 -0.0348082 0.785407 3
 -0.148446 -0.0433798 0.831308 100 -0.172466 -0.041045 0.795607 34 -0.197428 -0.025639 0.733739 26
 -0.16541 -0.0413133 0.940751 2 -0.171076 -0.049879 0.748311 1
 -0.166033 -0.0220234 0.786964 39 -0.193917 -0.0121068 0.753591 17 -0.153104 -0.0482536 0.779931 8
 -0.172559 -0.0328609 0.802107 70 -0.162723 -0.0599353 0.832366 34 -0.219073 -0.0201486 0.749219 18
 -0.176458 -0.0288981 0.796002 27 -0.146061 -0.0153688 0.829394 17 -0.145237 -0.0181831 0.820732 16
 -0.166852 -0.0241209 0.802208 15 -0.156142 -0.0577937 0.83962 11 -0.177161 -0.0455009 0.731437 3
