 -0.110505 -0.00980507 0.964342 190 -0.113437 -0.0864465 0.977711 6 -0.0207373 -0.0515792 0.940887 3
 -0.110841 -0.0206764 0.968157 179 -0.0391187 -0.0739395 0.975398 13 -0.128523 -0.0935719 0.979196 4
 -0.107973 -0.0405637 0.974253 101 -0.107429 -0.0696277 0.975537 58 -0.105423 -0.0616369 0.974833 20
 -0.10698 -0.0507816 0.976957 189 -0.0600406 -0.119371 0.980424 6 -0.123367 -0.109479 0.985731 3
 -0.106543 -0.0604086 0.978152 187 -0.0684458 -0.120769 0.976798 6 -0.0994415 -0.128795 0.977727 3
 -0.106801 -0.0883396 0.978067 100 -0.106922 -0.0827633 0.978003 89 -0.0882081 -0.127325 0.974092 11
 -0.0513663 -0.0431957 0.916167 42 -0.0562465 -0.0745064 0.943765 38 -0.0919167 -0.0507907 0.975248 24
 -0.0899914 -0.0836514 0.976708 111 -0.0746423 -0.0592649 0.96388 30 -0.0383057 -0.0616159 0.983659 18
 -0.0783208 -0.0681162 0.969208 76 -0.104591 -0.0679013 0.973693 28 -0.057458 -0.0592419 0.91111 22
 -0.114155 -0.0951764 0.979192 97 -0.0737533 -0.0636984 0.966856 49 -0.0581384 -0.0525286 0.923575 35
 -0.0950782 -0.0828998 0.978928 79 -0.0813675 -0.0724148 0.975879 56 -0.0817798 -0.103468 0.984689 43
 -0.0843252 -0.0845479 0.98524 141 -0.091787 -0.129802 0.973847 41 -0.0980132 -0.101481 0.98172 16
 -0.105952 -0.0132092 0.966575 70 -0.0685662 -0.0461665 0.943095 49 -0.0259616 -0.0699841 0.973521 27
 -0.0753065 -0.0595417 0.959241 78 -0.0389933 -0.056104 0.964794 42 -0.107379 -0.029694 0.973127 30
 -0.0796592 -0.0798509 0.973517 120 -0.0559059 -0.0893148 0.931262 21 -0.0586606 -0.0543911 0.935752 14
 -0.0800251 -0.0588019 0.967596 67 -0.0764305 -0.0662692 0.9698 55 -0.049252 -0.0786953 0.938837 25
 -0.0797195 -0.0807376 0.981446 197 -0.0980332 -0.117269 0.980379 2 -0.102212 -0.0572313 0.976133 1
 -0.0801008 -0.0899273 0.989838 196 -0.0421239 -0.052396 0.96728 3 -0.0750817 -0.0961327 0.936985 1
 -0.0334177 -0.0610218 0.971402 58 -0.0362605 -0.130587 0.938128 44 -0.0225474 -0.0475448 0.94718 41
 -0.0294705 -0.0552947 0.95279 87 -0.0418014 -0.0750813 0.978906 48 -0.0440375 -0.128722 0.946058 29
 -0.0373581 -0.0664623 0.970464 75 -0.0447374 -0.0662101 0.953569 67 -0.0390542 -0.0664936 0.965128 21
 -0.0493018 -0.0747881 0.956199 101 -0.0396478 -0.0721933 0.985747 27 -0.0390293 -0.0689658 0.982012 17
 -0.0594919 -0.0770692 0.974226 79 -0.103495 -0.0848158 0.979516 63 -0.079868 -0.067478 0.97422 15
 -0.0628371 -0.073436 0.965369 20 -0.0937121 -0.0969266 0.98759 8 -0.0969448 -0.0928586 0.984906 8
 -0.0194804 -0.0492062 0.944731 87 -0.110738 -0.009764 0.968277 47 -0.0489258 -0.0499212 0.948083 22
 -0.105604 -0.0287582 0.97637 89 -0.0319478 -0.0557409 0.969263 34 -0.046094 -0.0857707 0.937219 27
 -0.110394 -0.0778824 0.975466 59 -0.0538725 -0.0992588 0.935363 58 -0.0510973 -0.0682519 0.927018 30
 -0.0708235 -0.102029 0.986477 51 -0.113359 -0.0934077 0.98879 50 -0.0595385 -0.107968 0.941065 37
 -0.0859318 -0.14153 0.984574 144 -0.0532137 -0.113999 0.945199 16 -0.0589248 -0.119611 0.961128 13
 -0.0939064 -0.130679 0.98837 125 -0.101234 -0.0661013 0.9793 42 -0.07045 -0.0858242 0.985004 33
 -0.113956 -0.14471 1.00605 89 -0.120403 -0.124682 0.990026 22 -0.135301 -0.145434 1.03106 17
 -0.125943 -0.134326 1.00506 12 -0.13161 -0.136796 1.02903 1 -0.0980202 -0.085069 0.98531 1
 -0.0739 -0.108835 0.985778 58 -0.107096 -0.121795 0.986885 22 -0.0903616 -0.056344 0.978426 14
 -0.104746 -0.0973412 0.981753 101 -0.106941 -0.104886 0.981996 65 -0.137172 -0.111961 0.993179 34
 -0.0947758 -0.111064 0.993321 18 -0.0716709 -0.0854809 0.99378 4 -0.07551 -0.0827505 0.97051 2
 -0.125781 -0.137556 1.00386 147 -0.0996745 -0.129949 0.972183 14 -0.115284 -0.113404 0.981308 10
