 -0.0549773 -0.0120007 0.979616 122 -0.0459975 -0.0707563 0.983078 40 -0.00998851 0.0262949 0.981645 36
 -0.0546934 -0.0211634 0.981342 64 -0.0446775 -0.0739865 0.988633 60 -0.0473571 -0.0672411 0.986969 50
 -0.0513379 -0.047434 0.987022 64 -0.0525917 -0.0685187 0.993739 62 0.00383331 -0.0841955 1.02105 23
 -0.0501208 -0.0529425 0.990262 110 -0.00508115 -0.0664202 0.994008 75 -0.00183724 -0.0783953 1.01308 13
 -0.0477435 -0.064958 0.990977 57 -0.0335301 -0.0742283 0.992564 40 -0.0416906 -0.0382284 0.981586 36
 -0.0442276 -0.0690126 0.985635 73 -0.0530849 -0.0338981 0.986813 43 -0.0279536 -0.0888978 1.00786 40
 -0.0420217 0.00779741 0.974303 179 -0.0284382 -0.0725068 0.992006 10 -0.0152441 -0.000812948 0.984525 6
 -0.0458619 -0.00598699 0.979289 165 -0.0371058 -0.0587328 0.983322 35
 -0.0447345 -0.0248837 0.986657 194 -0.0441814 -0.0524213 0.986197 6
 -0.0385378 -0.0403749 0.987221 91 -0.0241219 -0.00406131 0.980636 40 -0.0427318 -0.0145116 0.982287 32
 -0.0364993 -0.0338279 0.988897 100 -0.051878 -0.0492556 0.994816 57 -0.0481958 -0.0461234 0.993235 25
 -0.0367481 -0.0349211 0.986719 191 -0.0283454 -0.107063 1.01802 8 -0.0238054 0.00732948 0.977393 1
 -0.0147511 0.0249269 0.978455 200
 -0.0253107 0.00639242 0.975377 200
 -0.0295482 -0.0113528 0.978595 194 -0.0587968 -0.00585555 0.983394 6
 -0.0312773 -0.0276323 0.981698 173 -0.0216116 -0.0634652 0.989221 14 -0.00658612 -0.0735573 1.00282 8
 -0.0299716 -0.0361545 0.986058 189 -0.0257769 -0.108136 1.01775 8 -0.0160206 -0.045435 1.00698 2
 -0.0347023 -0.0447862 0.990256 82 -0.0177969 -0.103975 1.01958 17 -0.0153395 -0.0639117 1.00255 12
 -0.00910942 0.0239373 0.978895 195 -0.0116958 -0.169416 1.07263 5
 -0.0153172 0.0133649 0.979893 199 -0.0225464 -0.172719 1.07835 1
 -0.0264444 -0.00642908 0.978644 180 0.00335395 -0.0277231 0.999172 14 -0.0101111 -0.025629 0.99652 4
 -0.00390301 -0.106725 1.01003 54 -0.0285819 -0.016208 0.986513 41 -0.0337202 -0.00903529 0.982412 31
 -0.0173045 -0.0152859 0.997868 129 -0.00253412 -0.0423028 1.01367 32 -0.0173671 -0.144439 1.04265 31
 -0.011275 -0.0415144 1.0119 17 -0.0448266 -0.0385516 0.977619 11 -0.0114341 -0.109608 1.03673 6
 -0.0191857 0.0233765 0.980322 172 -0.0465353 -0.0703762 0.976553 11 -0.0123531 -0.172438 1.07468 7
 -0.0248396 0.00817109 0.983266 114 -0.00242707 -0.0341321 1.00908 38 -0.0452123 -0.0267877 0.968515 12
 4.42495e-05 -0.0685404 1.01363 107 -0.0117563 -0.0396246 1.00317 84 -0.00180791 -0.178488 1.07713 5
 -0.00829755 -0.0933105 1.02517 176 -0.00617203 -0.0566042 1.00964 17 -0.0389702 -0.163786 1.07402 5
 -0.0128775 -0.0745883 1.01042 200
 -0.0158281 -0.104063 1.02199 81 -0.00612272 -0.0668524 1.00672 56 -0.0209938 -0.0472955 0.98919 56
 -0.0374652 -0.122505 1.04665 183 -0.0429031 -0.0989619 1.02763 17
 -0.0165434 -0.0950148 1.02323 42 -0.0175961 -0.0846303 1.01542 25 -0.0171375 -0.0890696 1.01874 12
 -0.0352712 -0.0660825 0.994511 132 -0.0351528 -0.0933434 1.01921 6
 -0.0421533 -0.0761038 1.00383 90 -0.0174143 -0.0765118 1.00341 82 -0.0473816 -0.0925555 1.02522 21
 -0.0361103 -0.121014 1.04386 10 -0.031483 -0.0935089 1.01494 4
 -0.0392839 -0.126573 1.05159 42 -0.0496017 -0.026656 0.993629 2
