 0.073283 -0.023193 0.860505 194 0.0827453 -0.121191 0.899798 3 0.0921011 -0.0821435 0.876517 2
 0.0716045 -0.033522 0.866151 155 0.0758996 -0.0608184 0.879562 23 0.103751 -0.0569141 0.877566 10
 0.0749068 -0.0496618 0.880615 130 0.0324574 -0.130491 0.906331 22 0.11169 -0.0492434 0.875105 13
 0.0742241 -0.0517679 0.881268 110 0.042222 -0.132164 0.913074 21 0.116598 -0.0418619 0.873354 20
 0.0750676 -0.0533227 0.883082 109 0.0537824 -0.136421 0.920456 34 0.058428 -0.0770976 0.890193 13
 0.0691663 -0.0670198 0.887026 53 0.0714363 -0.0625048 0.886157 53 0.0540074 -0.0947168 0.890538 35
 0.0749973 -0.0280028 0.860052 77 0.124563 -0.0253302 0.837982 21 0.111055 -0.0356874 0.854955 19
 0.072576 -0.0453153 0.873473 38 0.0972029 -0.0608217 0.878705 33 0.113427 -0.0428064 0.867106 23
 0.108148 -0.0682544 0.88459 119 0.076979 -0.0710627 0.885006 24 0.106567 -0.0419105 0.868693 15
 0.102612 -0.0575991 0.883559 164 0.0740965 -0.0722819 0.888048 14 0.131303 -0.0620129 0.877791 11
 0.0981561 -0.0700292 0.892074 93 0.0741996 -0.0767944 0.886666 54 0.0814195 -0.0511921 0.87928 19
 0.0933494 -0.0808728 0.896972 68 0.0873187 -0.0800652 0.894878 54 0.083174 -0.0712015 0.892157 50
 0.120162 -0.0233618 0.842699 44 0.144471 -0.0494598 0.834389 42 0.110784 -0.040325 0.863107 34
 0.110729 -0.0441327 0.868794 163 0.123932 -0.0421955 0.850251 27 0.130342 -0.0857149 0.888621 8
 0.10717 -0.0668652 0.886438 113 0.0815154 -0.0600799 0.886015 37 0.108572 -0.0344103 0.863914 29
 0.0993551 -0.0663413 0.886751 85 0.105113 -0.0615947 0.883154 70 0.113761 -0.0760532 0.88844 29
 0.104423 -0.076626 0.895811 113 0.10464 -0.0532507 0.885064 56 0.116904 -0.0399837 0.863853 12
 0.104955 -0.0742706 0.897455 200
 0.145484 -0.0418162 0.827212 131 0.14142 -0.118855 0.838819 44 0.130997 -0.0450872 0.861622 12
 0.141659 -0.0514277 0.835605 106 0.124251 -0.0421779 0.86907 43 0.134848 -0.116333 0.844976 39
 0.122037 -0.0541927 0.874571 82 0.12118 -0.119327 0.890767 40 0.134101 -0.101884 0.837285 40
 0.125254 -0.0693594 0.885259 69 0.144535 -0.0902751 0.872179 34 0.10991 -0.120999 0.896323 25
 0.125512 -0.0695989 0.888272 74 0.120792 -0.071732 0.89101 56 0.135507 -0.0990509 0.901132 23
 0.114627 -0.0780513 0.894936 85 0.0832044 -0.0687566 0.891176 20 0.114313 -0.114771 0.898481 12
 0.14437 -0.11209 0.835655 102 0.148362 -0.0400825 0.823955 31 0.123245 -0.0232722 0.839835 28
 0.131886 -0.115953 0.848615 77 0.120654 -0.129197 0.876429 55 0.112356 -0.036875 0.869021 23
 0.140601 -0.0929368 0.824988 69 0.121342 -0.114336 0.87821 35 0.121592 -0.117201 0.886342 32
 0.111821 -0.12533 0.890352 164 0.123466 -0.0615928 0.889041 14 0.0598668 -0.140277 0.918828 8
 0.104192 -0.137851 0.900894 193 0.13158 -0.0875798 0.888341 3 0.124139 -0.069684 0.885091 2
 0.0800409 -0.130238 0.904933 200
 0.0458549 -0.131117 0.941044 66 0.0460477 -0.114233 0.934814 49 0.0612692 -0.110519 0.900835 40
 0.0813407 -0.13867 0.914796 17 0.129133 -0.0886129 0.83881 15 0.0864356 -0.0455794 0.879522 11
 0.114343 -0.0951347 0.906607 72 0.130453 -0.0860238 0.879936 4 0.103788 -0.0586237 0.870521 3
 0.0718218 -0.0886501 0.896668 192 0.0987902 -0.0667836 0.884569 7 0.0948618 -0.0693946 0.889506 1
 0.0661004 -0.105135 0.901429 14 0.0909781 -0.106954 0.902133 8 0.0866997 -0.106355 0.902026 1
 0.0400074 -0.122901 0.949596 56 0.0891538 -0.0847708 0.901528 2 0.0503313 -0.129042 0.91587 1
