 0.058041 -0.129274 0.814807 49 0.0474408 -0.0707697 0.819661 43 0.033741 -0.128037 0.82447 27
 0.0491477 -0.132756 0.822965 168 0.0896174 -0.142807 0.836433 28 0.0552892 -0.166338 0.918512 2
 0.0464064 -0.127423 0.824421 139 0.105685 -0.107825 0.842366 38 0.086741 -0.135932 0.82932 11
 0.066343 -0.112054 0.816372 73 0.0533595 -0.107571 0.81798 55 0.0585291 -0.110373 0.817304 34
 0.0673845 -0.120981 0.822637 95 0.0446943 -0.105498 0.823803 49 0.042884 -0.0989916 0.819843 32
 0.046588 -0.0902769 0.823674 80 0.0467433 -0.121048 0.820273 55 0.0518198 -0.11943 0.817848 27
 0.0805712 -0.128287 0.818519 103 0.0597295 -0.0623145 0.81609 97
 0.0716655 -0.115363 0.815631 106 0.0545758 -0.0743468 0.818806 56 0.0905818 -0.080089 0.815201 38
 0.0752584 -0.0725806 0.812263 122 0.0574945 -0.0980456 0.812991 71 0.0724102 -0.134682 0.823428 5
 0.0595886 -0.0854182 0.824315 168 0.0671924 -0.120477 0.820665 27 0.0641859 -0.114616 0.818799 2
 0.0663584 -0.10377 0.815931 93 0.0597914 -0.072778 0.817134 71 0.0753047 -0.140564 0.826772 22
 0.0537176 -0.0958447 0.825491 128 0.0517355 -0.100949 0.825472 72
 0.0936858 -0.047925 0.816993 78 0.0742422 -0.0488394 0.820089 72 0.0805578 -0.0487837 0.818134 42
 0.0729619 -0.0674567 0.817737 67 0.0845071 -0.0604242 0.823092 63 0.080805 -0.062017 0.82128 46
 0.0819747 -0.0612795 0.826312 150 0.0676163 -0.0879387 0.8172 49 0.0699105 -0.0807049 0.818093 1
 0.0704035 -0.0595467 0.828228 148 0.0755079 -0.0987637 0.816393 40 0.071896 -0.0939089 0.815393 6
 0.0717834 -0.0833375 0.813824 173 0.0773135 -0.115381 0.82082 25 0.0754306 -0.10361 0.816927 1
 0.0588606 -0.0892283 0.824341 148 0.0634058 -0.140968 0.830312 38 0.0636913 -0.0540988 0.828371 7
 0.0968277 -0.0521904 0.820833 200
 0.0946965 -0.063259 0.822138 200
 0.0846484 -0.0697049 0.822706 200
 0.0727963 -0.074336 0.812868 167 0.0933009 -0.0524508 0.829501 16 0.0936158 -0.0860651 0.830636 8
 0.0899306 -0.0867234 0.822392 98 0.0650686 -0.0870454 0.822498 97 0.0831963 -0.08666 0.821968 4
 0.0462488 -0.0889481 0.832393 33 0.0568998 -0.124381 0.830313 32 0.094516 -0.0568348 0.830987 4
 0.0922184 -0.0777323 0.820894 81 0.0589491 -0.127836 0.812352 33 0.0895728 -0.147507 0.829043 32
 0.0910126 -0.108723 0.831521 95 0.0642227 -0.081754 0.814102 85 0.10418 -0.138586 0.833034 12
 0.0862576 -0.0961596 0.827992 122 0.0941271 -0.126951 0.839419 36 0.0898381 -0.123542 0.835401 35
 0.0924948 -0.116494 0.837069 200
 0.0839531 -0.116293 0.833855 165 0.083766 -0.13775 0.84827 19 0.0808953 -0.153545 0.905994 9
 0.0784192 -0.157046 0.891373 73 0.0678443 -0.128861 0.824186 36 0.0790461 -0.170029 0.919477 14
 0.0602028 -0.163495 0.927836 84 0.0825518 -0.162267 0.916798 22 0.0624265 -0.130647 0.821874 22
 0.0802578 -0.128939 0.832465 32 0.0833476 -0.140281 0.851388 21 0.0445532 -0.113354 0.832592 10

 0.0498138 -0.10343 0.821426 176 0.081604 -0.104296 0.81169 2 0.0550864 -0.1548 0.90009 1
 0.0629337 -0.0960273 0.816397 6
 0.0553539 -0.128489 0.82832 33 0.0688946 -0.167407 0.924176 7 0.0544923 -0.102673 0.8235 3
