 -0.249824 -0.156992 0.936381 91 -0.207138 -0.0887303 0.92355 56 -0.116651 -0.144523 0.964949 26
 -0.240325 -0.162788 0.943987 93 -0.209398 -0.0993697 0.928297 72 -0.12651 -0.140771 0.965372 15
 -0.227291 -0.168959 0.952912 177 -0.217688 -0.110114 0.94687 17 -0.175289 -0.107255 0.943806 3
 -0.216361 -0.174009 0.956057 175 -0.216821 -0.117818 0.956783 12 -0.203862 -0.148882 0.963666 8
 -0.208853 -0.176842 0.959733 186 -0.241332 -0.153078 0.946174 8 -0.157775 -0.125606 0.935795 5
 -0.198995 -0.182986 0.9627 172 -0.196006 -0.159034 0.966595 28
 -0.22885 -0.110107 0.935289 95 -0.159309 -0.106823 0.936068 51 -0.205971 -0.0978291 0.929744 16
 -0.2074 -0.131479 0.960819 56 -0.167257 -0.115026 0.945366 39 -0.209714 -0.12613 0.957613 26
 -0.215614 -0.132964 0.958204 168 -0.180563 -0.190181 0.96927 15 -0.146252 -0.14531 0.951879 10
 -0.20801 -0.144602 0.96569 71 -0.211789 -0.142334 0.962986 60 -0.185814 -0.165006 0.94373 33
 -0.210809 -0.144822 0.964683 72 -0.180903 -0.170333 0.954113 46 -0.177775 -0.151544 0.982188 43
 -0.195733 -0.150515 0.974533 102 -0.187741 -0.148725 0.980764 75 -0.191219 -0.149479 0.978033 20
 -0.204121 -0.0905921 0.927163 77 -0.154876 -0.105385 0.935485 66 -0.134883 -0.129336 0.939047 47
 -0.158941 -0.118109 0.936636 87 -0.159391 -0.133973 0.967929 52 -0.213 -0.118595 0.952493 20
 -0.165093 -0.147971 0.97938 111 -0.134823 -0.231843 0.971786 30 -0.214252 -0.138914 0.961469 27
 -0.194588 -0.125507 0.971679 90 -0.141138 -0.218012 0.977052 43 -0.195167 -0.128927 0.975012 35
 -0.180787 -0.130651 0.987588 96 -0.159453 -0.140081 0.975365 41 -0.157129 -0.155547 0.981048 29
 -0.16753 -0.14675 0.99311 144 -0.185568 -0.12384 0.981327 42 -0.175362 -0.135156 0.988749 14
 -0.134003 -0.121364 0.941667 85 -0.137291 -0.119747 0.939275 71 -0.205925 -0.0936924 0.929227 15
 -0.128938 -0.134257 0.95294 54 -0.142575 -0.151433 0.984065 28 -0.205119 -0.101362 0.938045 19
 -0.122959 -0.15129 0.965956 36 -0.210545 -0.109501 0.941733 31 -0.166986 -0.142199 0.993389 26
 -0.167511 -0.113902 0.947326 57 -0.124722 -0.158383 0.971904 49 -0.155662 -0.1271 0.995352 27
 -0.132785 -0.144649 0.97542 106 -0.177343 -0.119891 0.977146 61 -0.159422 -0.122997 0.99467 12
 -0.169705 -0.156762 0.986532 155 -0.213335 -0.131204 0.96497 14 -0.190523 -0.157196 0.979234 11
 -0.114436 -0.148696 0.966786 68 -0.173946 -0.10385 0.957061 38 -0.112647 -0.21649 1.00933 22
 -0.12834 -0.150319 0.972575 56 -0.146304 -0.129314 0.960714 51 -0.179393 -0.116216 0.980587 47
 -0.127726 -0.158858 0.973113 48 -0.113241 -0.201646 0.992173 38 -0.128829 -0.165478 0.97912 34
 -0.125512 -0.183479 0.974676 103 -0.132966 -0.148332 0.975409 60 -0.173409 -0.205358 0.970717 17
 -0.126735 -0.169076 0.984115 170 -0.171143 -0.206026 0.971051 27 -0.121936 -0.191765 1.00732 3
 -0.131013 -0.187754 0.984177 147 -0.19761 -0.181333 0.962458 20 -0.147705 -0.165323 0.968053 18
 -0.134761 -0.199011 0.987907 86 -0.149031 -0.212047 0.987388 63 -0.14326 -0.205021 0.984963 23
 -0.128317 -0.223205 1.04791 3 -0.131238 -0.162128 0.98114 2 -0.149419 -0.194821 0.970471 1
 -0.189159 -0.160867 0.98239 117 -0.159801 -0.184128 0.984383 4 -0.20287 -0.131991 0.976508 3
 -0.18153 -0.185221 0.971166 159 -0.212032 -0.163299 0.962418 40 -0.202488 -0.167359 0.966724 1
 -0.154846 -0.165225 0.978398 26 -0.188232 -0.157082 0.973954 1
 -0.161845 -0.203476 0.97041 53 -0.134401 -0.226972 1.01894 2
