 -0.0628591 -0.00493845 0.957787 190 -0.048606 -0.0353971 0.962793 7 -0.0400646 -0.115542 0.959652 3
 -0.062311 -0.0174889 0.961142 190 -0.0484393 -0.0480404 0.964227 7 -0.0355739 -0.104718 0.95564 2
 -0.0591111 -0.0353287 0.967939 189 -0.0474234 -0.0631273 0.97171 5 -0.00858469 -0.0501556 0.952388 3
 -0.0555819 -0.0489028 0.967917 199 0.014839 -0.0518454 0.959801 1
 -0.0524562 -0.0594615 0.966718 199 0.00374176 -0.103359 0.945178 1
 -0.0506161 -0.0730546 0.964827 199 -0.0133984 -0.117654 0.942995 1
 -0.0110613 -0.0174087 0.904883 102 -0.0155646 -0.0241445 0.930115 22 -0.0579689 -0.0169538 0.958597 21
 -0.0154466 -0.0245443 0.912224 62 -0.0198643 -0.0370198 0.943935 52 -0.0492517 -0.0934135 0.96326 49
 -0.0294588 -0.069385 0.963146 54 -0.0185203 -0.0228003 0.927425 39 -0.0527164 -0.0782807 0.957442 24
 -0.0201331 -0.0342526 0.941522 114 -0.0534691 -0.0378895 0.970465 19 -0.0391796 -0.0648989 0.968061 17
 -0.0234198 -0.0510363 0.958361 179 -0.0212092 -0.10278 0.948491 9 -0.0029951 -0.0575589 0.905666 7
 -0.0272689 -0.0719152 0.966616 106 -0.0250563 -0.082976 0.96596 69 -0.0517171 -0.102151 0.967559 19
 0.0277918 -0.0114504 0.931462 81 -0.0150907 -0.015226 0.905609 72 -0.0612832 -0.00922768 0.962608 34
 0.0223736 -0.0276872 0.950778 97 -0.0152801 -0.017856 0.910743 37 -0.0195313 -0.0367984 0.942556 18
 -0.0195382 -0.03986 0.945834 68 -0.0218039 -0.0682309 0.959351 35 -0.00159885 -0.0508664 0.956205 32
 -0.0209041 -0.0536773 0.957177 91 -0.0215263 -0.0586436 0.959918 68 -0.00279727 -0.0452639 0.942377 14
 -0.0198935 -0.0737011 0.967569 188 -0.00158082 -0.0293834 0.915398 6 -0.0144942 -0.0616966 0.96239 3
 -0.0182915 -0.0743805 0.972699 168 -0.0534841 -0.0840366 0.967161 17 -0.00658754 -0.0390822 0.954064 7
 0.0270914 -0.0125663 0.935472 92 0.00867656 -0.0444342 0.91591 42 0.0209638 -0.0314863 0.952244 38
 0.0241218 -0.0237644 0.946154 150 0.0189539 -0.0897633 0.920928 21 0.00854133 -0.0491516 0.931436 13
 0.0190821 -0.0380316 0.957141 142 0.00784348 -0.0646341 0.90838 36 -0.00231247 -0.0447965 0.932121 16
 0.013473 -0.0494304 0.963533 159 0.00717212 -0.0497307 0.918282 21 0.00122441 -0.0861537 0.964409 11
 0.00552241 -0.0776253 0.967986 97 0.00329529 -0.0617355 0.906167 16 -0.0412836 -0.0430252 0.969277 14
 -0.0425485 -0.0945021 0.968982 55 -0.0193315 -0.0481339 0.960903 36 -0.00877176 -0.0294228 0.91186 32
 0.0308498 -0.0153059 0.937144 147 0.00822921 -0.0537314 0.912297 34 0.0139162 -0.0780778 0.892318 12
 0.0107561 -0.0876845 0.910895 124 0.0185065 -0.0329409 0.955257 58 -0.063492 -0.0249581 0.969775 15
 0.00661563 -0.0967369 0.932772 90 0.00871052 -0.0877208 0.915036 75 0.0144206 -0.0486408 0.970217 18
 0.00150146 -0.107246 0.94493 195 -0.0452883 -0.0582814 0.967345 5
 -0.0167785 -0.131316 0.958598 72 -0.00870775 -0.114687 0.949502 71 -0.0106038 -0.10679 0.952077 30
 -0.0266117 -0.129137 0.960324 148 -0.0170654 -0.105386 0.969835 22 -0.0173142 -0.0995654 0.940578 14
 -0.0522376 -0.138831 0.978708 97 -0.0539702 -0.140668 0.982768 90 -0.0522212 -0.100157 0.961699 7
 -0.0637871 -0.136174 0.996685 9 -0.0616655 -0.132129 0.988325 8 -0.0318835 -0.137768 0.970597 7
 -0.0201254 -0.0788259 0.973364 52 -0.0425514 -0.0985202 0.963341 43 -0.0426787 -0.127205 0.969497 1
 -0.0479124 -0.0854275 0.966907 181 -0.016122 -0.10067 0.958199 15 -0.0395501 -0.0474068 0.970901 4
 -0.0220262 -0.0963721 0.968862 140 -0.0282378 -0.0714886 0.95238 12 -0.0290863 -0.0552484 0.971336 1
 -0.058343 -0.145272 0.98846 184 -0.0481382 -0.11959 0.970805 13 -0.0379209 -0.0206993 0.965875 2
