 0.0144075 0.0389554 0.901575 105 -0.0420269 -0.00704161 0.920073 18 -0.0788816 -0.0619549 0.968695 13
 0.00589551 0.0334461 0.903995 62 -0.0777529 -0.0488219 0.956122 49 -0.039511 -0.0371363 0.96923 37
 -0.0826582 -0.0354388 0.965178 56 -0.00320132 0.0217394 0.91639 49 -0.0450622 -0.0262888 0.967183 27
 -0.0840662 -0.0344215 0.967788 69 -0.0910304 -0.0506343 0.952723 39 -0.00593618 0.0110999 0.929591 23
 -0.0883456 -0.0422077 0.964302 163 -0.00707427 0.00525705 0.934324 20 -0.0896659 -0.0519627 0.988357 8
 -0.0887174 -0.0394359 0.976055 117 -0.0649391 -0.0187394 0.950262 53 -0.081031 -0.0321937 0.964212 16
 -0.0529206 -0.00772299 0.958416 42 -0.0559343 -0.0651583 0.963371 37 0.013838 0.0355977 0.900682 26
 -0.046318 -0.0227253 0.959936 54 -0.0409301 0.00198371 0.932429 31 -0.0106852 -0.00371587 0.944921 25
 -0.0591107 -0.0177439 0.957698 97 -0.0456634 -0.0405095 0.922339 28 -0.059454 -0.0524357 0.974721 20
 -0.0647171 -0.0100447 0.963545 58 -0.0331881 -0.0453141 0.965143 40 -0.0568185 -0.03645 0.927141 33
 -0.0524731 -0.0316695 0.970923 43 -0.0492119 0.000403853 0.913753 40 -0.0167403 0.000231105 0.945013 37
 -0.0517904 -0.0166048 0.959234 84 -0.0549673 -0.0215801 0.925867 42 -0.0804431 -0.0381633 0.977974 34
 0.0105625 0.03775 0.902588 118 0.0194092 -0.012583 0.898748 28 -0.0106014 0.0165026 0.925929 20
 0.00568378 0.0247921 0.911593 62 -0.0467883 0.000751542 0.932766 29 -0.000978811 0.0197728 0.920851 27
 -0.0354026 -0.0140302 0.917244 68 -0.0436951 -0.0127202 0.955976 31 -0.0107126 0.0079572 0.932952 29
 -0.0360247 -0.00339216 0.920674 76 -0.0210192 0.0069246 0.944386 64 -0.0445554 -0.00338259 0.956615 31
 -0.0435749 -0.023434 0.958586 86 -0.0235258 -0.000620265 0.953196 29 -0.0309925 0.0103162 0.923403 25
 -0.0480874 -0.0183737 0.960783 99 -0.0545336 -0.0419721 0.973693 51 -0.0126396 0.00677136 0.931662 18
 0.0106848 0.0379691 0.899416 129 0.0198407 -0.00714324 0.897501 64 0.0124451 -0.00981114 0.927995 5
 0.00564257 0.029603 0.905663 159 0.0151989 -0.0148328 0.905825 34 0.00543777 -0.0135266 0.934182 5
 -0.0124879 -0.00190275 0.945353 92 -0.00371733 0.0150517 0.927992 56 -0.00313504 -0.0113132 0.900858 18
 -0.0268499 -0.0153933 0.958412 106 -0.0105668 0.00636334 0.938824 83 -0.0258625 -0.0173053 0.887945 5
 -0.0158621 -0.014149 0.952398 118 -0.0404726 -0.0370438 0.971129 71 -0.0247371 -0.0091055 0.901133 6
 -0.0077657 -0.0210171 0.965652 7 -0.0675647 -0.043854 0.971929 4 0.0085088 -0.0171178 0.94283 4
 0.00904302 0.0334332 0.905338 148 0.0186189 -0.00429483 0.897152 28 -0.00905316 0.017077 0.928993 12
 -0.00415579 0.0170845 0.927631 78 -0.0113332 0.00455565 0.945638 71 -0.00984109 0.00894567 0.940895 22
 -0.017811 -0.00827748 0.950936 109 -0.0299351 -0.0399357 0.970451 45 -0.0966724 -0.062607 1.01339 18
 -0.0322789 -0.0326588 0.968189 73 -0.0378991 -0.040946 0.966135 59 0.000668058 -0.00274894 0.897891 34
 -0.0490677 -0.067556 0.968694 61 -0.0193732 -0.0170533 0.946228 48 -0.045908 -0.0505575 0.920826 42
 -0.0668495 -0.0536624 0.980806 26 -0.0368976 -0.0442646 0.9701 25 -0.0311927 -0.0237658 0.966521 20
 -0.0921415 -0.0577402 1.01153 89 -0.0830377 -0.0482584 0.983814 49 -0.0509138 -0.023977 0.963518 26
 -0.0930917 -0.0679757 1.02305 7 -0.107475 -0.0521685 1.03366 2 -0.068403 -0.018747 0.96131 1
 -0.0559042 -0.0298258 0.941982 7 -0.0565856 -0.0475022 0.975814 5 -0.0446508 -0.019582 0.961709 5
 -0.069418 -0.0289859 0.967367 91 -0.0647432 -0.0277198 0.96447 43 -0.0615841 -0.0206626 0.93742 23
 -0.0692451 -0.0380902 0.974598 21 -0.0778715 -0.0398242 0.974433 15 -0.0517093 -0.0351757 0.974734 9
 -0.063914 -0.0569504 0.959588 51 -0.0895738 -0.0741521 1.01906 8 -0.0478039 -0.0172964 0.960796 6
