 -0.114724 0.0255533 0.9381 86 -0.116914 0.0251092 0.967659 63 -0.12136 -0.0306497 0.999961 28
 -0.116087 0.0120495 0.972119 89 -0.113309 0.0172422 0.942035 67 -0.121421 -0.0214787 0.989459 23
 -0.114942 0.013083 0.971524 148 -0.111257 -0.00893545 0.984652 51 -0.113695 -0.00442174 0.981523 1
 -0.114047 0.00865337 0.97922 196 -0.0778135 0.0223807 0.947883 4
 -0.113359 0.000829734 0.983629 200
 -0.111819 -0.00374041 0.985115 191 -0.0859566 -0.0469011 0.997269 8 -0.0815752 -0.00492388 0.986935 1
 -0.0727432 0.0383497 0.926861 88 -0.0753751 0.0360553 0.956003 83 -0.0860379 -0.0390966 0.991569 17
 -0.081799 0.0252136 0.961166 105 -0.0854597 -0.0221094 0.993582 32 -0.0954792 -0.00573154 0.984758 23
 -0.0823519 0.010053 0.977805 76 -0.0853952 0.00837644 0.981331 67 -0.0882669 0.0070186 0.984089 48
 -0.088355 0.00542656 0.981493 86 -0.0904057 0.0244433 0.971532 78 -0.0905034 0.0183131 0.975178 18
 -0.0865606 0.0140907 0.980938 124 -0.0862944 0.0186931 0.978952 53 -0.0952732 -0.0302641 0.987613 12
 -0.08773 0.00916498 0.985023 54 -0.0897389 -0.0314703 0.997445 38 -0.0918975 -0.00370683 0.990301 29
 -0.0743538 0.0355455 0.956665 77 -0.0717266 0.0405378 0.924038 73 -0.0493815 0.0442899 0.919866 42
 -0.0802706 0.0216616 0.964491 138 -0.0750029 0.0323624 0.92858 33 -0.0451812 0.0320292 0.924915 29
 -0.0778185 0.00760002 0.981402 145 -0.0597279 0.011994 0.966048 54 -0.0760188 -0.0292961 0.987152 1
 -0.0502759 0.0154762 0.97546 64 -0.0704375 0.00586003 0.98392 37 -0.0584384 0.0101494 0.980372 31
 -0.0787843 0.0103073 0.98602 124 -0.0797187 -0.0120652 0.997902 76
 -0.0705243 -0.00356587 0.994799 79 -0.0881495 -0.0248907 1.00531 60 -0.0742013 0.00122633 0.991114 59
 -0.0447162 0.0423145 0.917421 91 -0.0422669 0.0254066 0.965791 66 -0.0373446 0.0216207 0.966359 22
 -0.0401575 0.0153902 0.975322 109 -0.0519163 0.0266631 0.964223 42 -0.0496779 0.0227521 0.968368 22
 -0.0559939 0.0137663 0.972802 184 -0.0550209 -0.0473321 0.984632 11 -0.0748512 -0.053475 0.995254 5
 -0.0519533 -0.00815104 0.994875 174 -0.0850902 0.0161068 0.962419 15 -0.0397364 -0.0438988 0.991077 10
 -0.0517447 0.00470819 0.98966 146 -0.107568 0.00428382 0.98425 31 -0.049508 0.0186333 0.97626 9
 -0.0626524 -0.0206358 1.00647 118 -0.0500325 0.0164725 0.977269 26 -0.099911 -0.0838497 1.02474 14
 -0.0510114 0.0366191 0.924106 84 -0.0431768 0.0150093 0.972377 52 -0.0325113 0.00341763 0.980515 29
 -0.0494598 0.000938596 0.98948 155 -0.0491032 -0.0391538 0.974315 42 -0.133538 -0.00988843 0.983627 1
 -0.0562514 0.0250561 0.96004 92 -0.0483694 -0.0374304 0.972159 49 -0.0667797 -0.0447688 0.982445 28
 -0.0486178 -0.0466087 0.986065 125 -0.0533741 0.0136105 0.976067 69 -0.048435 -0.0104149 0.996143 6
 -0.06827 -0.0630424 0.995298 127 -0.050654 -0.00274684 0.987494 37 -0.0660547 -0.0326382 0.996579 36
 -0.0871544 -0.0628754 1.0114 181 -0.074244 -0.0239704 0.996894 16 -0.080956 -0.0864467 1.03094 2
 -0.113042 -0.0811267 1.0418 192 -0.101856 -0.0315404 0.999674 4 -0.0895767 -0.0992674 1.05741 3
 -0.0925528 -0.0817538 1.04205 39 -0.0702752 -0.0164365 1.00319 7 -0.108943 -0.0259288 1.00482 4
 -0.0898194 -0.0239835 1.00373 60 -0.102009 -0.0588652 1.01564 10
 -0.101648 -0.0203122 0.998223 198 -0.10425 -0.0771638 1.01427 2
 -0.110004 -0.0330944 1.00484 7 -0.0774979 -0.0376911 1.00338 2 -0.0909458 0.0202242 0.97428 2
 -0.115093 -0.0829336 1.04856 49 -0.109266 -0.036511 1.00024 6 -0.0893609 -0.0199671 1.00286 4
