 -0.191186 -0.0252133 0.956125 193 -0.205861 -0.0999946 0.977051 3 -0.177158 -0.197894 1.06931 3
 -0.191009 -0.0362656 0.961406 194 -0.187985 -0.191494 1.07132 3 -0.211894 -0.162638 1.03858 1
 -0.19038 -0.0531498 0.973949 93 -0.137949 -0.0946786 0.985095 47 -0.201005 -0.104866 0.979264 36
 -0.188751 -0.063962 0.976054 145 -0.200918 -0.0910899 0.981778 29 -0.147614 -0.103002 0.939234 10
 -0.188432 -0.0716033 0.974931 107 -0.185871 -0.129774 0.974523 39 -0.158844 -0.122803 0.98163 32
 -0.189927 -0.0936236 0.97913 141 -0.179392 -0.127884 0.979742 46 -0.185278 -0.117362 0.980233 6
 -0.182925 -0.0287045 0.956042 102 -0.123281 -0.0929567 0.978506 37 -0.137233 -0.087653 0.93747 19
 -0.184999 -0.104964 0.985411 38 -0.189212 -0.0406713 0.972361 35 -0.147505 -0.0936774 0.931281 30
 -0.181016 -0.0858684 0.97442 87 -0.197604 -0.0670784 0.968854 45 -0.141717 -0.0827175 0.93508 16
 -0.154435 -0.136422 0.970508 52 -0.200131 -0.0795993 0.974534 51 -0.177227 -0.0878634 0.974175 27
 -0.176009 -0.123347 0.981964 151 -0.17174 -0.0746745 0.973238 46 -0.145585 -0.11284 0.934392 3
 -0.162356 -0.0865713 0.985608 183 -0.144595 -0.13814 0.964724 7 -0.178109 -0.101624 0.985553 7
 -0.186223 -0.0269392 0.958462 133 -0.115017 -0.0762042 0.970421 37 -0.181075 -0.0525338 0.969529 19
 -0.167839 -0.0720976 0.968775 83 -0.188461 -0.0455917 0.96861 59 -0.135689 -0.0869033 0.933074 37
 -0.17166 -0.0909389 0.979524 108 -0.183585 -0.0624806 0.969609 64 -0.137638 -0.0977853 0.974955 15
 -0.185191 -0.0759428 0.976194 130 -0.131833 -0.091416 0.98449 22 -0.150502 -0.0878242 0.935706 16
 -0.16387 -0.0894933 0.978495 182 -0.136636 -0.097273 0.994317 5 -0.20316 -0.120738 0.991681 4
 -0.16758 -0.100171 0.989809 178 -0.161684 -0.0687163 0.973163 7 -0.144003 -0.0740642 0.943923 7
 -0.123166 -0.0739963 0.966968 127 -0.188089 -0.023939 0.955721 73
 -0.127424 -0.0829373 0.971066 131 -0.141731 -0.0827694 0.942187 35 -0.188937 -0.0380794 0.960846 23
 -0.130575 -0.0943002 0.98067 93 -0.191328 -0.0464457 0.97206 43 -0.137419 -0.0842658 0.941947 39
 -0.130293 -0.0788134 0.977591 49 -0.112702 -0.0947255 0.981837 48 -0.136395 -0.108627 0.934515 37
 -0.127433 -0.105516 0.996678 61 -0.186475 -0.0989941 0.981394 56 -0.163238 -0.0588509 0.97184 24
 -0.192605 -0.104269 0.988217 30 -0.148752 -0.0928823 0.972374 28 -0.183342 -0.109853 0.986194 26
 -0.124972 -0.0694046 0.947752 67 -0.191112 -0.0284398 0.961349 55 -0.133542 -0.0990844 0.932922 32
 -0.187546 -0.0488074 0.974856 106 -0.127575 -0.0877343 0.981685 71 -0.131386 -0.0846288 0.951217 15
 -0.140978 -0.106541 0.982655 114 -0.187931 -0.0839872 0.977303 56 -0.139897 -0.11272 0.933156 21
 -0.140847 -0.110369 0.991083 174 -0.142248 -0.124294 0.943823 14 -0.153345 -0.140008 0.966247 7
 -0.198512 -0.126406 0.995555 50 -0.139389 -0.114553 0.941777 44 -0.119657 -0.114939 1.00149 5
 -0.162382 -0.118973 0.988128 132 -0.133597 -0.117578 0.935016 33 -0.199652 -0.112846 0.987229 3
 -0.17711 -0.125445 0.987923 150 -0.189654 -0.16292 1.03726 24 -0.159636 -0.124591 0.972525 17

 -0.17368 -0.114517 0.988927 53 -0.14271 -0.101999 0.938803 1
 -0.18637 -0.105524 0.98465 191 -0.154022 -0.107817 0.978675 8 -0.138368 -0.0992348 0.923363 1
 -0.168232 -0.117404 0.992071 3
 -0.178251 -0.10539 0.983528 101 -0.179572 -0.132916 0.992517 84 -0.178164 -0.117508 0.989358 11
