 0.0846533 -0.0593781 0.980368 61 0.0219969 -0.0352628 0.936307 27 0.000672665 -0.00394758 0.971084 26
 0.0491891 -0.0228767 0.943398 108 0.0767896 -0.0660353 0.983387 35 0.0222085 -0.0433859 0.940913 35
 0.0369992 -0.0282529 0.942477 111 0.0520863 -0.00916687 0.938157 30 0.00136343 -0.0310404 0.974252 21
 0.0217757 -0.0226474 0.947789 47 0.053356 -0.0701338 0.991108 46 -0.0122403 -0.0237233 0.977961 36
 0.0305659 -0.0192663 0.951411 53 0.0465321 -0.0701256 0.988492 44 -0.0112709 -0.032264 0.981241 34
 0.00165746 -0.0371917 0.962341 88 -0.00279449 -0.063479 0.946344 58 -0.0102712 -0.0830145 0.949956 25
 0.0502608 -0.00883713 0.940802 153 0.00355252 -0.0148349 0.966928 28 -0.0167644 -0.148486 0.993621 18
 0.0519009 -0.0143774 0.949373 115 0.0226816 -0.0222776 0.960419 38 0.00443954 -0.0294601 0.971473 27
 0.0287063 -0.0175091 0.957624 195 0.0525465 -0.0237106 0.945437 4 -0.0270253 -0.0911835 0.955778 1
 0.00858279 -0.0376809 0.956247 145 0.0117821 -0.0585943 0.943529 24 0.0694586 -0.0157301 0.944888 21
 0.00873826 -0.030145 0.968974 98 -0.00616033 -0.0669005 0.947159 82 0.0208745 -0.0388057 0.95187 19
 0.00428538 -0.0279095 0.982464 161 -0.0116034 -0.0745239 0.947878 38 0.0277833 -0.00959585 0.96836 1
 0.065665 -0.0232387 0.942659 146 0.00877694 -0.0140007 0.951106 24 0.0318 -0.0931278 0.981025 15
 0.0538064 -0.0120909 0.946487 175 0.003544 -0.0281782 0.959325 21 0.093715 -0.000255163 0.937015 2
 0.0368547 -0.019568 0.956764 197 -0.012147 -0.0816101 0.94317 1 0.078588 -0.00961814 0.949886 1
 0.0249277 -0.0366632 0.946252 72 0.00925631 -0.019039 0.973038 58 0.0134029 -0.0164429 0.972103 43
 0.00744748 -0.046929 0.952 85 0.0140862 -0.0855997 0.980095 35 0.031648 -0.00920036 0.971085 32
 0.00220998 -0.029497 0.974596 169 0.0217567 -0.0654529 0.989478 27 0.055847 -0.0466126 0.998406 2
 0.0831258 -0.0650326 0.984539 84 0.0717164 0.01102 0.947376 48 0.0712823 -0.000215447 0.945487 36
 0.0616893 -0.0077964 0.938783 179 0.0734997 -0.065346 0.98778 19 0.0396448 0.00578532 0.961747 2
 0.0519229 -0.0180211 0.945348 181 0.0178017 -0.0381336 0.944426 8 0.057691 -0.071248 0.99667 6
 0.0332633 -0.0198042 0.952808 101 0.0375256 -0.0772883 0.982279 47 -0.0131076 -0.111097 0.963651 31
 0.0288643 -0.0723405 0.988945 96 0.02536 -0.0274683 0.95951 75 0.0237053 -0.00766637 0.968409 14
 -0.0423612 -0.104076 0.994075 13 0.0308428 -0.0798222 0.976294 5 0.0346113 -0.0592664 1.0011 5
 0.0853241 -0.0670307 0.984486 105 0.0744485 -0.00316964 0.951356 92 -0.0547152 -0.172951 1.00437 3
 0.0615312 -0.00889982 0.956371 157 0.0611322 -0.0702991 0.987686 40 -0.0498421 -0.169762 1.00515 3
 0.0452164 -0.0777945 0.991165 146 -0.0329624 -0.120799 0.978989 19 -0.0668999 -0.162562 1.00727 14
 0.0309959 -0.0823186 0.986377 136 0.0726024 -0.0138365 0.952408 28 0.0556884 -0.0552249 1.00154 21
 0.0363829 -0.074461 0.995466 64 0.0438524 -0.0179049 0.955365 27 -0.032824 -0.110203 0.960024 24
 -0.00045012 -0.102865 0.964453 98 0.0230858 -0.0745401 0.989471 78 -0.012172 -0.13035 0.990981 20
 -0.0333367 -0.118498 0.980922 196 -0.0168602 -0.0739237 0.949061 4
 -0.0422045 -0.126144 0.984152 15 -0.0155831 -0.113801 0.973761 8 -0.0208622 -0.0704898 0.970798 7
 -0.00987524 -0.0724174 0.959343 16 0.0135778 -0.0553505 0.991033 5 0.00881618 -0.0678669 0.953268 1
 0.00938222 -0.0423048 0.964556 62 -0.0106428 -0.0767162 0.959457 55 -0.0268231 -0.055709 0.942785 44
 -0.0128521 -0.075507 0.963003 29 0.0484532 -0.0144151 0.96381 1
 -0.0315359 -0.120726 0.977195 56 0.0156773 -0.0306807 0.96382 34 -0.00335561 -0.0529525 0.96426 24
