 -0.0582121 0.0204123 0.95336 70 -0.0431421 -0.0907686 1.01204 62 -0.121844 -0.0332975 1.02982 45
 -0.0599874 0.0093011 0.957164 67 -0.0505711 -0.0833727 1.00991 63 -0.118842 -0.0437079 1.0325 47
 -0.0866377 -0.0654779 1.02651 94 -0.0574886 -0.00667056 0.967084 48 -0.114824 -0.0521784 1.03371 25
 -0.0797939 -0.0580153 1.02721 50 -0.0463547 -0.0212029 0.976232 35 -0.112403 -0.0614097 1.0396 31
 -0.00429401 -0.063832 1.02078 51 -0.109918 -0.0690011 1.04321 30 -0.0799804 -0.0603642 1.03155 29
 -0.0871496 -0.0652995 1.02972 68 -0.0426541 -0.0476135 0.988815 53 -0.109267 -0.0831018 1.0463 26
 -0.0565996 0.00519038 0.95828 63 -0.039761 -0.0720265 1.00505 62 -0.021715 0.0124093 0.955099 62
 -0.0594701 -0.00923916 0.967179 89 -0.0277855 0.00955163 0.956212 55 -0.0364341 -0.0159836 0.967653 20
 -0.0197823 -0.00657287 0.962748 62 -0.0714622 -0.0650298 1.019 54 -0.0144922 -0.00289129 0.992212 53
 -0.0040777 0.00724592 0.992499 50 -0.0416526 -0.037764 0.994854 35 -0.0706265 -0.0558946 1.02274 26
 -0.051589 -0.0528372 0.990014 63 -0.03844 -0.0103119 0.962517 26 -0.046392 -0.080881 1.01508 24
 -0.0344133 -0.0478556 1.00077 77 -0.0519895 -0.0676019 1.01238 48 -0.0774975 -0.0638722 1.02065 28
 -0.0153608 0.0187251 0.952162 114 0.00367501 0.0159298 0.997117 56 0.0141259 -0.0433062 1.02967 17
 -0.0193932 0.00343369 0.957159 162 -0.00320711 0.00296445 0.999649 34 -0.0602449 -0.000182961 0.968408 4
 -0.0216491 -0.0126397 0.965331 154 -0.00659121 -0.00869298 0.992771 46
 -0.0262058 -0.0169428 0.97312 123 0.00429474 -0.00898416 0.994252 42 -0.00153389 -0.0497 1.02687 26
 -0.0266795 -0.0339671 0.986462 94 -0.027555 -0.0411771 0.993105 38 -0.0291581 -0.0474173 0.997639 31
 -0.0343808 -0.0459862 0.998342 111 -0.0531195 -0.0588339 1.00943 45 -0.0339049 -0.00723802 0.970798 37
 0.0063192 0.018198 0.995077 113 -0.00285676 -0.0218238 0.997893 29 -0.130891 -0.029128 1.02866 22
 0.00199414 0.00471393 0.996707 146 0.026218 -0.0111707 1.03259 27 -0.12553 -0.0373886 1.03687 15
 -0.00188104 -0.0127752 0.99776 64 -0.0615808 -0.00767295 0.968604 44 -0.00153324 0.00981098 1.00061 44
 -0.0564857 -0.026288 0.988456 60 -0.0570583 -0.0183837 0.97973 30 -0.00613084 0.0212053 0.954407 24
 -0.0542634 -0.0309003 0.986866 83 -0.0558461 -0.039785 0.99375 68 0.00307014 -0.0332105 1.03731 29
 -0.0600463 -0.0524471 1.00796 126 -0.0734608 -0.0428724 1.01133 47 -0.0641563 -0.0488638 1.0084 11
 -0.130243 -0.0308228 1.03187 108 0.0308763 -0.0217742 1.03293 43 -0.000760202 0.0173727 0.999355 26
 -0.117826 -0.0418264 1.03643 88 0.021041 -0.0376487 1.02617 71 0.00893154 -0.0020706 0.999488 24
 -0.106626 -0.0592653 1.03818 53 0.0123135 -0.0456144 1.03469 50 0.0191885 -0.0154439 1.03509 38
 -0.00924978 -0.0521705 1.02693 100 -0.0983543 -0.0754498 1.04874 61 -0.020976 -0.102161 1.03187 22
 0.00938529 -0.0363679 1.02759 66 -0.0225406 -0.0970967 1.03264 29 -0.0326956 -0.119777 1.04482 28
 -0.0136635 -0.0831738 1.01891 131 -0.0289309 -0.0570821 1.00045 56 -0.0263603 -0.0673386 1.00755 9
 -0.0536015 -0.126715 1.05149 176 -0.0374117 -0.0746369 1.0077 13 -0.0530696 -0.0930598 1.03029 10
 -0.0684654 -0.131491 1.06771 28 -0.0199387 -0.0588459 1.01527 19 -0.0307803 -0.132458 1.05834 17
 -0.0375951 -0.0692487 1.01544 111 -0.0369584 -0.0655612 1.01294 79 -0.0356286 -0.0300938 0.983512 8
 -0.067169 -0.0797234 1.01451 81 -0.0684896 -0.075973 1.02044 51 -0.0156998 -0.0671846 1.02291 20
 -0.0479394 -0.0949987 1.03405 200
 -0.0559355 -0.138872 1.06218 160 -0.0327056 -0.0842021 1.02058 17 -0.0593089 -0.0684738 1.01821 9
