 -0.0994498 -0.138263 1.03028 93 -0.072678 -0.047712 0.965965 74 -0.097287 -0.0996111 0.965026 11
 -0.0811088 -0.0589264 0.970474 75 -0.116502 -0.0971913 1.01281 34 -0.109617 -0.0883289 0.9705 33
 -0.1154 -0.11365 1.01579 113 -0.125143 -0.138986 1.02029 31 -0.109385 -0.085397 0.981813 20
 -0.119731 -0.108217 1.01755 197 -0.0718213 -0.150123 1.03222 3
 -0.117715 -0.113536 1.02182 179 -0.11311 -0.0931073 1.00758 12 -0.128742 -0.145281 1.02594 4
 -0.11737 -0.112041 1.02029 155 -0.103048 -0.142185 1.02694 34 -0.107413 -0.137741 1.02538 6
 -0.0751579 -0.0524697 0.964896 55 -0.0819669 -0.0571893 0.965067 49 -0.102351 -0.0734454 1.00372 39
 -0.105022 -0.0895597 1.01546 147 -0.09693 -0.0802101 0.969924 30 -0.0724793 -0.0605169 0.97122 21
 -0.0993667 -0.100558 1.02054 133 -0.0809121 -0.092859 1.02648 65 -0.0894029 -0.154477 1.03377 2
 -0.101578 -0.105552 1.02285 164 -0.100925 -0.101823 1.02155 24 -0.107928 -0.182266 1.04642 10
 -0.0976062 -0.114842 1.03315 110 -0.0963842 -0.120592 1.03701 54 -0.108139 -0.16615 1.037 21
 -0.100617 -0.121111 1.03204 87 -0.0988487 -0.114239 1.03163 51 -0.109979 -0.081257 1.0168 33
 -0.0728159 -0.0494747 0.964325 142 -0.0720216 -0.0661117 1.01593 58
 -0.0822825 -0.0742689 1.01253 103 -0.075121 -0.0622346 0.970436 76 -0.0743326 -0.13752 1.02455 16
 -0.0855816 -0.0897075 1.02502 182 -0.0889945 -0.0790653 0.979691 9 -0.0869441 -0.0769435 0.974725 8
 -0.0878468 -0.115131 1.03743 60 -0.0695806 -0.0906146 1.0373 58 -0.0712744 -0.0868757 1.03579 56
 -0.0699258 -0.114745 1.0488 85 -0.085305 -0.100989 1.03154 68 -0.0872227 -0.124803 1.03842 37
 -0.0903456 -0.111694 1.0417 193 -0.103914 -0.13822 1.03492 7
 -0.0676112 -0.0442937 0.962362 103 -0.0707811 -0.0696476 1.01845 29 -0.0693108 -0.111561 1.01533 23
 -0.0711372 -0.0536738 0.969318 92 -0.0705498 -0.0622547 1.01208 82 -0.0630532 -0.0748917 1.02116 24
 -0.0769945 -0.078674 1.02257 73 -0.0810133 -0.0774342 1.01979 27 -0.074803 -0.0985544 1.03629 25
 -0.0927336 -0.0721504 0.977523 48 -0.0950693 -0.0863712 1.01853 43 -0.0409193 -0.124176 1.02987 25
 -0.0812058 -0.0807971 1.0317 142 -0.0583364 -0.145298 1.02599 50 -0.0592603 -0.119409 1.04244 3
 -0.0714967 -0.0932787 1.04601 38 -0.0720466 -0.132815 1.03951 35 -0.0930983 -0.100203 1.03254 14
 -0.0308232 -0.101218 0.994868 122 -0.0706462 -0.0485807 0.967385 64 -0.0783105 -0.0541038 1.01211 11
 -0.0415386 -0.113161 1.01264 131 -0.113702 -0.210854 1.07093 49 -0.0480801 -0.117618 1.05033 15
 -0.0495767 -0.128921 1.03151 200
 -0.0579281 -0.136411 1.0347 133 -0.0625246 -0.142889 1.03503 67
 -0.0675517 -0.153625 1.03849 173 -0.118384 -0.155848 1.03314 26 -0.111113 -0.190333 1.07429 1
 -0.0873668 -0.162871 1.04072 196 -0.0660582 -0.109234 1.05208 4
 -0.0974999 -0.17481 1.0576 99 -0.0997351 -0.177383 1.06281 76 -0.110504 -0.141105 1.0333 21
 -0.0820091 -0.165996 1.04257 15
 -0.0949849 -0.129077 1.04373 48 -0.118966 -0.137585 1.02451 1
 -0.106496 -0.123925 1.03168 196 -0.12417 -0.140223 1.03125 3 -0.0904347 -0.0973414 1.03789 1
 -0.0690011 -0.117803 1.03708 34 -0.107422 -0.155503 1.03818 4 -0.0767202 -0.0900076 1.02064 1
 -0.0923957 -0.14287 1.04445 17 -0.10111 -0.187801 1.08353 13 -0.10871 -0.169574 1.04982 11
