 -0.267495 -0.127454 0.995237 68 -0.271081 -0.192268 0.983209 59 -0.188889 -0.119003 1.00553 25
 -0.269109 -0.139156 0.995872 119 -0.199254 -0.123773 1.00756 27 -0.266458 -0.203347 0.974818 25
 -0.269929 -0.150544 0.998982 61 -0.255224 -0.198191 1.00005 46 -0.252417 -0.200295 1.00237 41
 -0.26571 -0.153912 1.01043 55 -0.239068 -0.206091 1.00804 52 -0.264067 -0.193106 1.00011 34
 -0.202088 -0.215214 1.01002 151 -0.269105 -0.159881 1.00772 31 -0.262478 -0.185394 1.00622 12
 -0.182892 -0.223514 1.01013 106 -0.267798 -0.166331 1.01414 43 -0.240127 -0.199182 1.01529 31
 -0.275654 -0.144242 0.994963 95 -0.215303 -0.12382 1.00071 85 -0.245277 -0.212404 0.998614 8
 -0.275217 -0.159402 1.00375 74 -0.231361 -0.146799 1.03216 42 -0.219614 -0.129425 1.00769 30
 -0.184891 -0.217895 1.01356 59 -0.257368 -0.168441 1.00983 52 -0.187415 -0.152714 1.01962 27
 -0.250473 -0.176109 1.01761 49 -0.257638 -0.144824 1.01418 37 -0.228649 -0.20021 1.01601 34
 -0.242373 -0.160266 1.01932 94 -0.206692 -0.164562 1.03592 34 -0.200892 -0.212081 1.01665 30
 -0.237344 -0.173352 1.03453 84 -0.204968 -0.174295 1.03124 35 -0.15046 -0.226853 1.0305 34
 -0.197585 -0.118989 0.998272 47 -0.189249 -0.144192 1.0236 42 -0.222241 -0.127939 1.02796 32
 -0.223208 -0.158733 1.03969 65 -0.217481 -0.140821 1.04149 39 -0.140546 -0.264079 1.09281 30
 -0.189013 -0.154005 1.02573 54 -0.203606 -0.166748 1.03913 42 -0.16421 -0.238609 1.00916 26
 -0.171982 -0.223779 1.01259 66 -0.195817 -0.122086 1.00297 39 -0.274164 -0.174816 1.00031 23
 -0.202893 -0.146462 1.02667 85 -0.184376 -0.172449 1.03444 38 -0.231437 -0.157561 1.03914 35
 -0.183879 -0.168918 1.03448 80 -0.22344 -0.143875 1.0416 64 -0.207063 -0.166865 1.04568 35
 -0.111873 -0.234626 1.11051 81 -0.206152 -0.152015 1.04878 53 -0.185302 -0.196873 1.03565 20
 -0.121642 -0.244012 1.10269 121 -0.147618 -0.153007 1.02819 20 -0.159325 -0.230103 1.03691 16
 -0.143062 -0.243027 1.05096 70 -0.168344 -0.158383 1.02976 33 -0.241665 -0.203045 1.01113 30
 -0.248448 -0.188943 1.01896 30 -0.146576 -0.217896 1.03311 28 -0.144968 -0.215793 1.03694 26
 -0.173238 -0.158613 1.02989 188 -0.22981 -0.160021 1.03654 10 -0.193033 -0.196057 1.01937 2
 -0.233715 -0.170448 1.03949 99 -0.181568 -0.179691 1.03303 41 -0.167587 -0.217631 1.0238 27
 -0.205213 -0.119142 0.998511 99 -0.265089 -0.20063 0.985267 53 -0.126617 -0.289113 1.11057 10
 -0.134759 -0.252751 1.06311 79 -0.197399 -0.128983 1.00852 59 -0.199602 -0.139498 1.05906 16
 -0.159216 -0.222201 1.01266 135 -0.119699 -0.245441 1.12035 33 -0.1585 -0.177014 1.03419 15
 -0.177392 -0.153232 1.03104 79 -0.180711 -0.214969 1.01967 74 -0.251255 -0.178251 1.01946 37
 -0.199306 -0.216227 1.018 128 -0.238137 -0.186903 1.02601 33 -0.161457 -0.168421 1.03948 24
 -0.160859 -0.194789 1.03499 176 -0.130977 -0.238748 1.10147 11 -0.134635 -0.231882 1.0818 8
 -0.151075 -0.233877 1.05503 57 -0.134132 -0.221048 1.0791 51 -0.245676 -0.183116 1.01425 29
 -0.134102 -0.226021 1.10846 17 -0.147312 -0.214661 1.05086 9 -0.138648 -0.220335 1.0792 3
 -0.213491 -0.183557 1.0414 170 -0.195142 -0.187686 1.04058 24 -0.206532 -0.18512 1.04122 4
 -0.213092 -0.195041 1.01971 192 -0.264888 -0.174757 1.01626 8
 -0.175367 -0.19562 1.03456 62 -0.170687 -0.225834 1.02579 38 -0.19038 -0.158159 1.01611 14
 -0.135054 -0.243127 1.08654 8 -0.234391 -0.194399 1.00777 1 -0.179165 -0.147874 1.02294 1
