 -0.113516 -0.12093 1.02789 34 -0.131269 -0.0784395 1.00894 33 -0.102026 -0.156448 1.02765 29
 -0.112706 -0.135057 1.03332 57 -0.121066 -0.102571 1.01899 28 -0.0892771 -0.0336451 1.02854 21
 -0.126121 -0.0881689 1.01831 53 -0.123548 -0.133074 1.02698 49 -0.0910171 -0.137953 1.02307 24
 -0.127094 -0.0916711 1.01999 108 -0.090442 -0.127287 1.02274 26 -0.13906 -0.141099 1.03525 18
 -0.0943146 -0.129789 1.02484 72 -0.127386 -0.0929103 1.01961 48 -0.127176 -0.131404 1.01894 28
 -0.129622 -0.106184 1.02291 117 -0.128904 -0.100737 1.02183 53 -0.106528 -0.145973 1.0279 19
 -0.117331 -0.00948426 1.00802 51 -0.0849736 -0.0851019 0.995475 30 -0.127054 -0.067373 1.0027 28
 -0.116956 -0.0264963 1.014 105 -0.127353 -0.0789784 1.00933 59 -0.112858 -0.0565757 0.99906 20
 -0.117137 -0.045203 1.02339 110 -0.103417 -0.0412901 0.98623 45 -0.112022 -0.0654584 0.998158 16
 -0.102086 -0.0603477 0.997324 99 -0.115495 -0.0602706 1.02332 41 -0.105595 -0.0948988 1.03574 38
 -0.11102 -0.0656502 1.01134 112 -0.112922 -0.103514 1.03332 37 -0.109084 -0.0883741 1.0269 32
 -0.114421 -0.107291 1.03295 147 -0.0960429 -0.0405726 1.03915 14 -0.114459 -0.0851439 1.01224 13
 -0.118041 0.0148431 1.04245 102 -0.0924271 -0.0129301 1.01994 72 -0.108338 -0.00168072 1.0089 24
 -0.0969949 -0.0308765 1.0275 46 -0.112099 -0.00583932 1.00768 44 -0.119677 0.00265115 1.04419 37
 -0.10831 -0.057745 0.990516 70 -0.113293 -0.0258861 1.01363 57 -0.11807 -0.172837 1.06115 25
 -0.108358 -0.0698603 0.995435 56 -0.0844295 -0.0894885 1.00068 39 -0.11582 -0.0925488 1.02978 34
 -0.102071 -0.096809 1.03815 125 -0.0936904 -0.0830549 1.00094 39 -0.0957603 -0.0620424 1.04966 15
 -0.11312 -0.0986663 1.03865 119 -0.116408 -0.0809071 1.01513 28 -0.0767629 -0.117266 1.00751 17
 -0.116061 0.0179757 1.04193 69 -0.0872567 -0.0164299 1.01947 65 -0.0853751 -0.0236561 1.02194 38
 -0.0850009 -0.0243455 1.02489 77 -0.117246 0.00505082 1.04457 36 -0.0833423 -0.0398557 1.03311 30
 -0.0848487 -0.0389924 1.03467 79 -0.084032 -0.105637 1.0124 32 -0.106469 -0.0177144 1.01708 19
 -0.0844499 -0.0860979 0.999885 70 -0.0944909 -0.0337524 1.03572 44 -0.114706 -0.0245972 1.01556 39
 -0.092284 -0.0576413 1.04587 80 -0.0923951 -0.111858 1.01987 61 -0.110059 -0.0251501 1.02222 16
 -0.0818494 -0.134863 1.01353 27 -0.102073 -0.0410863 1.03851 26 -0.0949906 -0.0696213 1.0529 19
 -0.118536 0.0148289 1.04598 102 -0.0757833 -0.100691 1.00386 70 -0.108243 0.00331011 1.00715 10
 -0.0840652 -0.101672 1.00804 66 -0.126451 0.0097108 1.05031 37 -0.10537 -0.0177532 1.01854 21
 -0.0776593 -0.0991071 1.01164 102 -0.0850355 -0.0573468 1.05171 34 -0.0895633 -0.0802078 0.986857 32
 -0.0803585 -0.111205 1.01879 46 -0.0882599 -0.0937092 1.00503 43 -0.0875984 -0.129377 1.02492 42
 -0.0920781 -0.136072 1.03065 101 -0.133612 -0.124368 1.03191 20 -0.0889087 -0.0834903 1.05041 15
 -0.0991767 -0.142766 1.03551 59 -0.10075 -0.118075 1.0246 28 -0.100339 -0.128011 1.02835 3
 -0.118095 -0.15004 1.03704 104 -0.118854 -0.154801 1.04167 71 -0.121035 -0.101073 1.02481 15
 -0.123969 -0.124061 1.03155 36 -0.106826 -0.150497 1.04724 3
 -0.116171 -0.124463 1.03871 72 -0.120843 -0.0534371 1.02027 1
 -0.125549 -0.101314 1.03104 136 -0.127208 -0.126886 1.03133 38 -0.0958584 -0.0843131 1.017 9
 -0.120882 -0.117761 1.03292 40 -0.117735 -0.14352 1.03773 9 -0.106718 -0.063121 1.026 9
 -0.126008 -0.153723 1.04377 56 -0.120882 -0.115757 1.0246 55 -0.128493 -0.168124 1.06598 30
