 0.115161 -0.134882 0.916915 53 0.123749 -0.0728279 0.901422 34 0.192469 -0.137 0.943649 32
 0.1763 -0.0721488 0.925969 47 0.106958 -0.096503 0.921025 34 0.181945 -0.14276 0.945443 30
 0.111695 -0.0984633 0.918228 78 0.0623759 -0.181473 0.976384 56 0.140201 -0.102761 0.92832 23
 0.104928 -0.0941726 0.921382 85 0.0709754 -0.185968 0.961038 42 0.0843866 -0.172759 0.971222 25
 0.106484 -0.0970392 0.925209 124 0.0783103 -0.179887 0.971371 48 0.103053 -0.140046 0.93745 23
 0.101062 -0.128203 0.934865 162 0.104797 -0.15112 0.937003 28 0.117805 -0.0777705 0.91063 5
 0.113036 -0.0897572 0.920462 67 0.120434 -0.0807036 0.911511 59 0.174628 -0.0671333 0.921146 30
 0.110577 -0.104316 0.928436 75 0.162572 -0.0739293 0.927988 42 0.127194 -0.0758982 0.90836 25
 0.13035 -0.100957 0.94107 84 0.123454 -0.0892354 0.917963 34 0.15461 -0.083594 0.933583 25
 0.126102 -0.113185 0.946687 64 0.120264 -0.0846454 0.917177 43 0.120626 -0.116058 0.94111 34
 0.11316 -0.116061 0.936482 80 0.11375 -0.109578 0.933296 29 0.155045 -0.105949 0.967694 29
 0.140881 -0.113601 0.965624 81 0.122587 -0.0952975 0.918764 36 0.103675 -0.132397 0.935216 34
 0.180347 -0.0671088 0.920688 71 0.127016 -0.0718005 0.905352 53 0.185976 -0.105269 0.95674 45
 0.166417 -0.110555 0.962215 62 0.118372 -0.0921239 0.916002 46 0.152288 -0.0668907 0.923807 39
 0.15888 -0.102837 0.964148 82 0.146357 -0.0871531 0.933564 42 0.111731 -0.110356 0.924767 41
 0.129872 -0.109267 0.94599 69 0.144004 -0.121496 0.972193 50 0.108189 -0.118707 0.932783 39
 0.144982 -0.128411 0.977305 71 0.125261 -0.146936 0.965371 34 0.129887 -0.106494 0.948567 27
 0.12375 -0.130518 0.960826 92 0.15345 -0.0987283 0.971572 55 0.129639 -0.123579 0.968367 26
 0.19346 -0.139052 0.944916 60 0.164107 -0.0544279 0.912264 56 0.195546 -0.0678605 0.919165 39
 0.183699 -0.0741658 0.924431 78 0.177867 -0.14378 0.953894 54 0.181963 -0.103347 0.954125 38
 0.164245 -0.0756806 0.925073 75 0.146819 -0.105669 0.963699 30 0.0914343 -0.183642 0.963454 26
 0.163919 -0.100179 0.963416 67 0.156544 -0.0785751 0.931644 54 0.133862 -0.163566 0.962432 17
 0.125736 -0.103012 0.944084 56 0.176182 -0.0941856 0.964679 35 0.157205 -0.07266 0.932227 28
 0.126539 -0.137678 0.973945 55 0.174695 -0.104833 0.97097 43 0.110288 -0.17098 0.968626 12
 0.197449 -0.135332 0.946542 157 0.185408 -0.0696764 0.918889 43
 0.180128 -0.143394 0.958642 130 0.175642 -0.074417 0.923684 47 0.193427 -0.11555 0.95306 15
 0.163382 -0.151945 0.967703 174 0.189319 -0.126274 0.941077 12 0.194178 -0.110237 0.952373 4
 0.144124 -0.161097 0.968599 191 0.179571 -0.0779293 0.924736 4 0.181974 -0.138885 0.949585 4
 0.11751 -0.168201 0.944872 77 0.14375 -0.100285 0.930974 61 0.149659 -0.154159 0.970922 60
 0.138845 -0.147303 0.963135 151 0.12674 -0.17418 0.967913 33 0.0993164 -0.175614 0.945764 8
 0.0777323 -0.169342 0.97099 87 0.0741083 -0.180861 0.979554 64 0.0766358 -0.173357 0.974074 21
 0.177451 -0.118755 0.959548 14 0.112655 -0.135878 0.932655 2
 0.14075 -0.12282 0.980072 22 0.102273 -0.147221 0.952612 17 0.128382 -0.14423 0.970842 8
 0.0877792 -0.160343 0.928491 70 0.101824 -0.130466 0.935643 53 0.126403 -0.124392 0.970749 35
 0.0852999 -0.159914 0.969066 43 0.100469 -0.147326 0.943614 5 0.15222 -0.140548 0.9849 4
 0.125844 -0.104392 0.92924 46 0.07425 -0.172243 0.985876 28 0.0786263 -0.179177 0.95862 14
