 -0.107265 -0.0249586 0.973959 81 -0.109997 -0.161514 1.09846 29 -0.0807362 0.0133115 1.09264 26
 -0.106889 -0.0347467 0.978094 86 -0.0870213 0.00331138 1.09467 57 -0.110394 -0.156823 1.11062 29
 -0.0973341 -0.0541081 0.98538 57 -0.0949962 -0.0524921 0.978018 46 -0.108988 -0.148276 1.1251 43
 -0.0826186 -0.0888659 1.0326 82 -0.0945484 -0.05939 0.99648 45 -0.0729382 -0.116911 1.04859 22
 -0.0832753 -0.0942277 1.04042 90 -0.0910785 -0.132579 1.10436 25 -0.0952182 -0.0622228 1.00064 22
 -0.0809053 -0.0783058 1.02425 56 -0.0892646 -0.143065 1.10882 53 -0.0806328 -0.0973272 1.0385 47
 -0.0910236 -0.0305736 0.975084 146 -0.0466789 -0.0975383 1.04795 19 -0.0620049 -0.120784 1.05073 16
 -0.0928182 -0.0454987 0.983639 163 -0.13384 -0.152554 1.13037 10 -0.0628355 -0.0701117 1.09143 7
 -0.0862678 -0.134175 1.09986 40 -0.0899799 -0.105889 1.05731 34 -0.0902566 -0.0487053 0.980603 32
 -0.0875361 -0.0557203 0.987071 48 -0.0876604 -0.0853867 1.03057 31 -0.0824094 -0.0337978 1.09602 28
 -0.0889707 -0.0760917 1.03256 62 -0.0858319 -0.047524 1.04499 21 -0.0551053 -0.0567027 1.09416 20
 -0.0850202 -0.0717883 1.02146 90 -0.113315 -0.121673 1.09852 38 -0.0899043 -0.0903388 1.04059 14
 -0.0798164 0.00829998 1.09214 146 -0.0900348 -0.0223314 0.956942 34 -0.0873205 -0.0270726 0.958848 11
 -0.0831501 -0.00714359 1.09507 168 -0.0843961 -0.0129223 0.951145 17 -0.0803097 -0.0361879 1.02399 7
 -0.0835592 -0.0176041 1.0975 118 -0.0856204 -0.0331418 0.959882 38 -0.0751489 -0.0720771 1.07964 10
 -0.0861419 -0.0243967 1.09983 76 -0.0636586 -0.0509963 1.09488 36 -0.0808205 -0.0751794 1.0229 32
 -0.0732081 -0.0496104 1.09689 69 -0.0959014 -0.0618023 0.985186 39 -0.0882353 -0.0218564 1.10169 38
 -0.0871763 -0.0373407 1.09034 51 -0.0707328 -0.0748042 1.08482 33 -0.0942568 -0.0331733 0.980313 15
 -0.0769388 0.0111036 1.0906 190 -0.113678 -0.184489 1.15159 6 -0.0586751 -0.106211 1.04344 3
 -0.0807149 0.00315276 1.091 158 -0.0693823 -0.0202233 1.09673 17 -0.0678279 -0.0588356 1.09236 7
 -0.0817034 -0.00818914 1.09473 40 -0.0701392 -0.0377018 1.09996 39 -0.0698717 -0.0620246 1.07665 32
 -0.077434 -0.0315577 1.10041 129 -0.0747824 -0.0688203 1.08214 39 -0.0921212 0.00576306 1.0936 13
 -0.0716775 -0.0574391 1.09404 176 -0.0660397 -0.0642651 1.02583 8 -0.0754631 -0.141858 1.10693 5
 -0.0720747 -0.11141 1.0536 18 -0.0771794 -0.111152 1.05078 4 -0.121325 -0.154852 1.1559 2
 -0.0820899 0.0116642 1.09469 112 -0.056332 -0.035888 1.09654 42 -0.0695812 -0.0155579 1.09662 19
 -0.0763057 -0.0281065 1.10461 100 -0.088198 -0.0765531 1.01795 35 -0.0597874 -0.0709692 1.09689 21
 -0.0607326 -0.051745 1.09463 49 -0.0655338 -0.0788477 1.09494 48 -0.0842297 -0.0789771 1.02516 32
 -0.0683832 -0.0834602 1.09527 35 -0.0651805 -0.0983081 1.03553 34 -0.0714807 -0.0670486 1.01735 17
 -0.061137 -0.0664554 1.08983 13 -0.0640075 -0.117183 1.0816 9 -0.063871 -0.107748 1.04935 5
 -0.0749318 -0.0738969 1.02609 7 -0.0879298 -0.0524973 1.04587 3 -0.0730066 -0.0753503 1.0889 2
 -0.0982756 -0.130443 1.10826 176 -0.0681023 -0.0318875 0.963345 14 -0.0734518 -0.116173 1.05641 6

 -0.0854463 -0.144919 1.12242 7 -0.126365 -0.160212 1.16747 1 -0.080403 -0.0974888 1.04465 1
 -0.0853068 -0.105536 1.02732 29 -0.0818859 -0.112024 1.08584 12 -0.0718648 -0.0815041 1.08429 8
 -0.105315 -0.129581 1.10319 8 -0.10283 -0.107671 1.07868 1
 -0.0944821 -0.137958 1.12692 11 -0.0881326 -0.11297 1.05767 1 -0.0909777 -0.0447302 0.98367 1
