 0.028447 -0.13292 0.849404 52 0.011211 -0.106587 0.84863 52 0.058664 -0.111324 0.831654 42
 0.0113576 -0.142682 0.871664 103 0.00905103 -0.098949 0.846605 35 0.0406397 -0.116337 0.822241 21
 0.0157912 -0.10979 0.843133 99 0.0010518 -0.1323 0.864454 84 -0.000375125 -0.162941 0.966164 7
 0.00749052 -0.107265 0.851884 47 -0.00617706 -0.126383 0.859184 43 0.00980722 -0.10127 0.849381 42
 0.0122027 -0.0912077 0.850162 111 -0.00471999 -0.1124 0.880733 53 0.00602238 -0.109249 0.850506 24
 0.00915278 -0.101887 0.84637 89 0.00893841 -0.099629 0.851106 87 0.00858166 -0.135142 0.862112 14
 0.0278018 -0.0841176 0.835853 59 0.000728067 -0.13996 0.851037 39 0.0422622 -0.123221 0.838224 39
 0.0247093 -0.103424 0.84042 98 0.0327427 -0.10777 0.837404 82 0.026524 -0.133105 0.853052 8
 0.0201698 -0.0870619 0.840662 200
 0.0160936 -0.0775355 0.861338 174 0.0326957 -0.103298 0.838293 20 0.0214919 -0.172863 0.92228 4
 0.026097 -0.0990675 0.838585 200
 0.0151396 -0.0891202 0.858593 199 0.029194 -0.129868 0.854927 1
 0.051051 -0.0639413 0.829468 53 0.0423008 -0.0995639 0.820347 47 0.035947 -0.0667051 0.840834 45
 0.0412528 -0.0874328 0.829616 200
 0.0377697 -0.0806748 0.84168 198 0.0382561 -0.178848 0.924239 2
 0.0367538 -0.071671 0.840904 167 0.0205181 -0.112774 0.845215 31 0.0335685 -0.167439 0.931134 2
 0.0347816 -0.0794943 0.84181 63 0.0409994 -0.141281 0.865698 47 0.019123 -0.102558 0.847795 38
 0.014044 -0.0969501 0.856365 99 0.0378767 -0.0808866 0.845093 52 0.0153268 -0.0917027 0.859947 22
 0.0614707 -0.0697551 0.82181 200
 0.0587912 -0.0786976 0.826539 88 0.0623003 -0.0881328 0.828 86 0.0605426 -0.0828831 0.827145 26
 0.0535263 -0.0817462 0.830268 181 0.0491962 -0.146121 0.87628 11 0.0440818 -0.196176 0.92891 8
 0.0547848 -0.0649647 0.832866 150 0.0458695 -0.103072 0.839082 16 0.0282524 -0.0702084 0.854098 13
 0.052107 -0.0788685 0.82543 155 0.00660948 -0.101175 0.861096 37 0.0560625 -0.108243 0.884575 7
 0.0145251 -0.101092 0.859903 70 0.0516121 -0.115019 0.84445 53 0.0718168 -0.171667 0.897412 2
 0.0614326 -0.0808241 0.821585 129 0.0278868 -0.0616432 0.825214 27 0.0609899 -0.161278 0.875644 18
 0.0463159 -0.0715298 0.836515 99 0.0458822 -0.103904 0.838361 30 0.0214027 -0.209901 0.951289 27
 0.0400906 -0.134394 0.875171 86 0.0465261 -0.0913355 0.828756 51 0.0501152 -0.115035 0.880474 47
 0.0553737 -0.123357 0.889045 90 0.0483188 -0.139486 0.891085 47 0.0495162 -0.116402 0.846416 19
 0.0485465 -0.118951 0.88425 127 0.0437794 -0.139783 0.877354 45 0.0138939 -0.167697 0.982839 13
 0.0302172 -0.138572 0.85097 78 0.0468912 -0.134203 0.889324 43 0.0415376 -0.167259 0.902991 42
 0.0237987 -0.171135 0.970245 71 0.038521 -0.168737 0.926131 43 0.0235662 -0.145315 0.868172 43
 0.0467736 -0.14368 0.875937 144 0.00974115 -0.129961 0.871398 39 0.0520651 -0.165489 0.915309 17
 0.00845137 -0.118872 0.865036 87 0.0329785 -0.107797 0.847582 5 0.019193 -0.159803 0.965574 1
 0.0150881 -0.119561 0.857726 132 0.00300712 -0.164177 0.975811 31 0.0446302 -0.149521 0.870676 18
 0.0161133 -0.0991843 0.838837 27 0.0340439 -0.0656209 0.85966 1
 0.0206017 -0.109838 0.85687 58 0.0235035 -0.137553 0.867545 34 0.0186992 -0.165867 0.936601 6
