 -0.167597 -0.127404 0.864005 107 -0.139468 -0.0656271 0.826336 42 -0.113733 -0.0854887 0.867644 18
 -0.159279 -0.130721 0.870124 79 -0.141417 -0.082513 0.865178 56 -0.141211 -0.0751159 0.833094 37
 -0.14986 -0.132587 0.8833 102 -0.142477 -0.0907758 0.872405 62 -0.158567 -0.102448 0.837993 17
 -0.139193 -0.13408 0.891582 125 -0.1408 -0.0981385 0.881086 29 -0.101894 -0.0772991 0.872268 15
 -0.140014 -0.135026 0.893018 162 -0.110016 -0.0823862 0.877594 16 -0.1415 -0.0941963 0.873804 8
 -0.129027 -0.138825 0.902662 195 -0.138008 -0.102577 0.872244 4 -0.0564205 -0.127436 0.919707 1
 -0.0958171 -0.0675722 0.871813 138 -0.157345 -0.0904885 0.84783 29 -0.134029 -0.0724592 0.830436 18
 -0.100067 -0.0749247 0.880547 91 -0.146791 -0.101357 0.867641 55 -0.0862945 -0.124995 0.909587 21
 -0.139319 -0.100074 0.885941 162 -0.0978545 -0.0762987 0.874086 19 -0.130091 -0.130905 0.900957 8
 -0.127645 -0.100494 0.897085 54 -0.134284 -0.0825105 0.88601 49 -0.128843 -0.10657 0.89674 45
 -0.112969 -0.100133 0.909471 177 -0.147183 -0.088705 0.8682 12 -0.103755 -0.127301 0.901293 7
 -0.113327 -0.10908 0.915084 179 -0.150465 -0.102451 0.882786 10 -0.0817784 -0.137042 0.914672 9
 -0.0677654 -0.0691523 0.854892 95 -0.0962287 -0.0657935 0.872598 52 -0.164644 -0.0866201 0.83936 29
 -0.113129 -0.093675 0.892688 101 -0.073726 -0.0719035 0.856037 33 -0.140673 -0.0984409 0.888835 17
 -0.085603 -0.0997337 0.914371 57 -0.10778 -0.10837 0.913914 43 -0.0965243 -0.0744487 0.871999 22
 -0.134121 -0.0804848 0.885488 108 -0.0936959 -0.106394 0.915284 24 -0.0884394 -0.102819 0.91261 20
 -0.0981125 -0.0958541 0.909697 191 -0.101056 -0.0860851 0.874422 6 -0.139035 -0.0845654 0.898427 3
 -0.0995084 -0.0868626 0.917512 76 -0.0886701 -0.108784 0.921559 50 -0.129021 -0.113114 0.892194 45
 -0.0595578 -0.0711013 0.859799 102 -0.136999 -0.063453 0.826105 41 -0.053047 -0.081048 0.896805 25
 -0.0600501 -0.0807224 0.867665 79 -0.0562459 -0.0921404 0.902117 70 -0.0506491 -0.129109 0.919544 29
 -0.0476978 -0.118449 0.926296 94 -0.0493449 -0.0911699 0.90595 37 -0.0612925 -0.0792686 0.866253 31
 -0.10245 -0.0677908 0.866858 44 -0.0500736 -0.136248 0.935102 42 -0.0614044 -0.0981926 0.90668 39
 -0.0657092 -0.0989468 0.908772 138 -0.114309 -0.0904909 0.906381 29 -0.12913 -0.0875734 0.886582 22
 -0.108269 -0.10397 0.919754 96 -0.0773233 -0.119523 0.923694 36 -0.108281 -0.118367 0.893616 11
 -0.0512917 -0.19743 0.988874 60 -0.0515388 -0.204682 0.999726 57 -0.0859559 -0.0671288 0.846663 36
 -0.0781186 -0.0738698 0.861053 89 -0.0704919 -0.192608 1.00664 40 -0.0561749 -0.102031 0.910354 39
 -0.067225 -0.0905745 0.897822 165 -0.0856387 -0.183957 1.00708 17 -0.0684657 -0.0823323 0.861597 10
 -0.0622544 -0.0979707 0.909829 194 -0.0842351 -0.160036 0.923626 3 -0.0669357 -0.0894709 0.868327 1
 -0.0626002 -0.110985 0.921858 173 -0.102183 -0.150023 0.912271 19 -0.0844018 -0.13377 0.919556 6
 -0.073181 -0.122527 0.918498 183 -0.12868 -0.126312 0.905372 14 -0.10526 -0.104931 0.90172 2
 -0.0858879 -0.137222 0.917916 133 -0.13985 -0.0889869 0.854222 33 -0.092602 -0.162602 0.981046 18
 -0.0588337 -0.125941 0.936717 36 -0.0736921 -0.114152 0.912208 11
 -0.0861366 -0.109478 0.921374 78 -0.116618 -0.10619 0.913433 36
 -0.116342 -0.125459 0.905674 170 -0.14004 -0.103938 0.895109 30
 -0.0680462 -0.127129 0.904165 1.61281
 -0.0779775 -0.129569 0.923443 5 -0.137228 -0.0989992 0.896112 5 -0.117519 -0.0939752 0.898867 1
