 -0.179103 -0.0447188 0.897742 175 -0.157383 0.00239895 0.924446 24 -0.0661662 -0.0499715 0.94303 1
 -0.175798 -0.0556433 0.903246 165 -0.158059 -0.00718865 0.930257 25 -0.133724 -0.00292255 0.943261 5
 -0.16587 -0.0691478 0.917505 171 -0.0800052 -0.0622864 0.954333 10 -0.152064 -0.0279718 0.931765 9
 -0.161687 -0.0795811 0.923756 180 -0.158337 -0.0419182 0.936492 7 -0.152268 -0.121969 0.939838 3
 -0.16301 -0.0776896 0.925711 187 -0.159745 -0.0456762 0.942661 11 -0.158639 -0.146828 0.962003 1
 -0.157849 -0.0866164 0.93296 143 -0.147731 -0.0550929 0.949439 57
 -0.152061 -0.0033405 0.925332 194 -0.123848 -0.023531 0.940822 6
 -0.153119 -0.0174928 0.934789 200
 -0.150716 -0.0363103 0.944653 196 -0.132829 -0.122968 0.947957 2 -0.155364 -0.0729334 0.940556 2
 -0.151105 -0.0456041 0.9416 166 -0.161716 -0.0653476 0.911922 17 -0.125948 -0.0730828 0.95937 14
 -0.145508 -0.0549719 0.947224 193 -0.119364 -0.0508112 0.967203 7
 -0.144552 -0.0665847 0.951544 185 -0.147266 -0.120254 0.94276 12 -0.120695 -0.0458785 0.952499 3
 -0.118528 0.0134063 0.934414 147 -0.154271 -0.000711076 0.92448 42 -0.0685239 -0.0472593 0.947987 7
 -0.123588 -0.00426533 0.94055 187 -0.15204 -0.0112739 0.93217 11 -0.120759 -0.0656519 0.95979 1
 -0.128084 -0.0192949 0.944385 160 -0.12503 -0.0450568 0.960762 27 -0.149874 -0.0392562 0.933358 7
 -0.128587 -0.0245801 0.948397 161 -0.123185 -0.0611101 0.972874 28 -0.148312 -0.0664021 0.932741 4
 -0.126694 -0.0510865 0.966853 195 -0.143621 -0.0210727 0.94316 4 -0.150046 -0.00284979 0.928122 1
 -0.126895 -0.0617335 0.97321 187 -0.13098 -0.0268968 0.954293 10 -0.154741 -0.0318458 0.940939 2
 -0.116584 0.0159646 0.932914 97 -0.0648469 -0.0552482 0.94289 94 -0.149626 -0.00612378 0.922206 5
 -0.120237 0.00405726 0.937939 104 -0.0727341 -0.0623604 0.949888 83 -0.152731 -0.0143208 0.928984 12
 -0.122995 -0.00541272 0.940462 122 -0.148497 -0.00605387 0.935089 34 -0.0762622 -0.0744052 0.952183 24
 -0.0988622 -0.0456025 0.963585 85 -0.129988 -0.0158966 0.947639 53 -0.128288 -0.01054 0.946535 39
 -0.110272 -0.0554964 0.972622 169 -0.112896 -0.0393885 0.954076 13 -0.0866416 -0.0912281 0.97084 9
 -0.12484 -0.0762849 0.976711 129 -0.124688 -0.0431712 0.976657 52 -0.112969 -0.118796 0.973753 15
 -0.0685983 -0.0603151 0.948024 184 -0.118842 0.0146387 0.936319 11 -0.0919679 -0.0473066 0.944046 5
 -0.0788509 -0.0774617 0.959233 162 -0.158859 -0.188197 0.985039 32 -0.102097 -0.115926 0.96839 2
 -0.0902445 -0.0912475 0.970452 129 -0.0735963 -0.0687746 0.954984 70 -0.0794148 -0.0741447 0.960087 1
 -0.096967 -0.103826 0.978953 162 -0.0782538 -0.0773291 0.964717 17 -0.119384 -0.0390133 0.966608 12
 -0.111668 -0.115534 0.976076 117 -0.0933735 -0.0953111 0.976275 58 -0.0980658 -0.100708 0.977006 13
 -0.129771 -0.137108 0.971934 95 -0.120096 -0.117546 0.965303 81 -0.119474 -0.0701129 0.974312 23
 -0.152426 -0.152863 0.976835 174 -0.14519 -0.128597 0.948722 20 -0.135235 -0.0727892 0.956806 5
 -0.153734 -0.107655 0.941483 3 -0.128081 -0.145041 0.98107 2 -0.105041 -0.0907754 0.964131 1
 -0.146437 -0.108137 0.952359 54 -0.134178 -0.0686175 0.963461 34 -0.161619 -0.0419685 0.93905 4
 -0.147665 -0.0990903 0.944476 151 -0.164228 -0.120929 0.941732 22 -0.143203 -0.136214 0.951628 13
 -0.13178 -0.0946914 0.973352 30 -0.132073 -0.136959 0.95767 1 -0.136827 -0.0626547 0.968517 1
 -0.142902 -0.150394 0.976894 42 -0.139672 -0.115363 0.954512 2
