 -0.151081 0.12872 0.949714 170 -0.147702 0.0220624 0.988809 25 -0.147683 0.0817887 0.976717 5
 -0.150673 0.11753 0.954018 171 -0.147906 0.0298025 0.978784 24 -0.146171 0.0704831 0.979835 5
 -0.146925 0.0972393 0.96478 146 -0.147023 0.0398141 0.979176 26 -0.0787149 0.0597133 0.969962 14
 -0.145672 0.0882885 0.968285 128 -0.138625 0.0610065 0.975576 60 -0.140733 0.0670925 0.973931 11
 -0.134492 0.0539712 0.977904 77 -0.143113 0.0804283 0.972524 69 -0.086598 0.0240291 0.956543 25
 -0.142573 0.0557467 0.979719 116 -0.100726 0.0100463 0.954506 44 -0.126776 0.0320551 0.974783 21
 -0.0920744 0.0486415 0.897779 77 -0.113594 0.057746 0.956781 68 -0.144664 0.121387 0.953538 26
 -0.0994798 0.0472868 0.897831 97 -0.120072 0.0553712 0.954002 43 -0.0865384 0.0407841 0.950966 25
 -0.123208 0.0637249 0.958751 68 -0.101377 0.0592518 0.909301 61 -0.0929942 0.0556552 0.906496 23
 -0.12506 0.0672704 0.960907 117 -0.0868481 0.0687001 0.924619 42 -0.117561 0.0565469 0.906488 32
 -0.116681 0.0591293 0.968988 127 -0.0984434 0.0717588 0.916094 17 -0.101062 0.0430304 0.890469 14
 -0.121455 0.0424889 0.976794 79 -0.0947311 0.0321376 0.900711 43 -0.116987 0.0669652 0.96709 20
 -0.0946132 0.0786202 0.914847 102 -0.147562 0.122098 0.952845 64 -0.0678399 0.0350261 0.970922 17
 -0.0922751 0.0526729 0.901773 50 -0.0951864 0.0633613 0.914648 35 -0.113551 0.0799173 0.929717 30
 -0.10295 0.0652106 0.921761 70 -0.106646 0.0674327 0.926499 60 -0.113436 0.0520663 0.970801 21
 -0.0992163 0.0610781 0.901723 34 -0.120201 0.0422413 0.976226 28 -0.0770524 0.0492731 0.97096 27
 -0.125352 0.0742578 0.962717 109 -0.0997402 0.0467464 0.899633 34 -0.11988 0.0487712 0.974017 31
 -0.118868 0.0560163 0.973978 21 -0.122027 0.0440829 0.976793 18 -0.11737 0.060723 0.973357 17
 -0.149907 0.127133 0.950861 88 -0.0698896 0.0770066 0.930263 47 -0.0764546 0.0598821 0.906716 25
 -0.0764344 0.0615217 0.921945 118 -0.149005 0.115675 0.955129 52 -0.0752695 0.0558717 0.9632 24
 -0.0730905 0.0607392 0.924727 107 -0.075696 0.0539054 0.969396 43 -0.145985 0.101541 0.965081 27
 -0.0680426 0.0504133 0.965166 49 -0.0738835 0.0721346 0.940835 42 -0.0639237 0.0527423 0.961382 28
 -0.0761593 0.0416096 0.97294 42 -0.145597 0.0723159 0.973865 25 -0.0946723 -0.00323722 1.00158 19
 -0.120674 -0.0114683 1.00765 18 -0.109278 0.0556098 0.956296 18 -0.0865079 0.0322766 0.899783 17
 -0.152238 0.124477 0.956291 136 -0.115995 0.0554311 0.883304 27 -0.070374 0.0733611 0.930026 19
 -0.146359 0.105055 0.965008 72 -0.084647 0.0386947 0.91152 35 -0.105729 0.048595 0.900089 30
 -0.085964 0.0251232 0.950062 62 -0.083907 0.0334065 0.921991 55 -0.0834354 0.0395203 0.962918 26
 -0.084286 0.0436959 0.969017 150 -0.0823523 0.0279372 0.962491 40 -0.15548 0.0440937 0.993201 5
 -0.0936064 0.00971289 0.974505 138 -0.0897215 0.0234188 0.961459 62
 -0.110658 0.0153029 0.977004 120 -0.113832 0.0087435 0.984473 66 -0.130654 -0.0204043 1.00526 6
 -0.130316 -0.00325682 1.00873 188 -0.114995 -0.00283742 0.977057 8 -0.120492 0.0522712 0.976033 2
 -0.104714 -0.00153885 1.00799 7 -0.139776 0.0167954 1.003 6 -0.101366 0.00593863 0.952812 2
 -0.12119 0.0135158 0.9926 52 -0.12283 0.0485265 0.98046 38 -0.109891 0.0541669 0.909929 15
 -0.133415 0.045815 0.979454 80 -0.108494 0.0255287 0.971897 71 -0.117192 0.0278574 0.978148 34
 -0.110478 0.0388263 0.980663 81 -0.111396 0.0316512 0.982675 45 -0.123067 0.0161027 0.987417 28
 -0.137217 -0.00567217 1.02044 23 -0.143192 0.0356484 0.986753 4 -0.119648 0.0270888 0.986177 3
