 -0.0963301 -0.0712347 0.742522 76 -0.0586748 -0.0662088 0.676193 46 -0.111883 -0.0540396 0.784743 33
 -0.0968936 -0.0661417 0.748282 125 -0.110942 -0.0559599 0.697067 31 -0.111681 -0.051156 0.797731 30
 -0.088842 -0.0673638 0.751942 133 -0.0364763 -0.0515797 0.768118 14 -0.0359524 -0.0712747 0.703863 13
 -0.0821545 -0.0660406 0.760222 115 -0.0921346 -0.0555534 0.771648 40 -0.0304136 -0.0555858 0.765344 35
 -0.0890659 -0.0518265 0.776572 60 -0.0887861 -0.0544655 0.766144 48 -0.0289649 -0.0633708 0.770497 21
 -0.092624 -0.048114 0.786191 73 -0.0198124 -0.0646172 0.757628 43 -0.10816 -0.0602723 0.77136 20
 -0.0570488 -0.066767 0.678916 58 -0.101345 -0.029203 0.833425 41 -0.0156401 -0.0922337 0.761381 30
 -0.0862303 -0.0548427 0.758883 58 -0.0588858 -0.0569927 0.72833 30 -0.0223849 -0.0705492 0.679581 28
 -0.0912111 -0.0462755 0.779433 79 -0.0489458 -0.0495917 0.75992 30 -0.0789966 -0.0612983 0.760564 18
 -0.0862 -0.0466921 0.778311 71 -0.105799 -0.0417424 0.832269 30 -0.0389836 -0.0636561 0.763214 22
 -0.0876872 -0.0476195 0.785637 60 -0.044962 -0.0642627 0.749794 42 -0.0385584 -0.0482153 0.769178 27
 -0.0908101 -0.0531517 0.778964 65 -0.0701178 -0.0415739 0.762874 42 -0.0465413 -0.0558712 0.722243 30
 -0.0175347 -0.114309 0.767017 99 -0.0472093 -0.0710138 0.710859 17 -0.0572672 -0.0643036 0.737783 16
 -0.0466914 -0.0677281 0.715415 110 -0.0266324 -0.107857 0.766227 40 -0.0878497 -0.0651441 0.749594 15
 -0.0478908 -0.0588591 0.727542 78 -0.0593857 -0.0492335 0.757239 58 -0.0408892 -0.0707087 0.755683 48
 -0.0492636 -0.0614914 0.76361 86 -0.0478829 -0.0615197 0.728173 63 -0.0922142 -0.0346195 0.797141 10
 -0.0507392 -0.052053 0.762783 135 -0.0765162 -0.0353727 0.761838 21 -0.0543349 -0.0547586 0.729523 11
 -0.0532561 -0.0525894 0.768097 154 -0.0788808 -0.039706 0.820806 20 -0.0231083 -0.0619557 0.769644 13
 -0.0164056 -0.117348 0.766221 194 -0.108431 -0.0264978 0.839279 5 -0.0183349 -0.0840392 0.689403 1
 -0.0211264 -0.111249 0.774404 157 -0.0262226 -0.085479 0.754132 29 -0.0239342 -0.0802815 0.693037 9
 -0.0292515 -0.069992 0.759216 156 -0.0319626 -0.0704999 0.703043 27 -0.0742102 -0.0435573 0.779562 9
 -0.0379066 -0.0570973 0.765605 152 -0.0743119 -0.0368066 0.761867 17 -0.0412179 -0.0535532 0.728592 10
 -0.0418071 -0.0514209 0.766013 101 -0.0411007 -0.0618615 0.740758 36 -0.0870664 -0.0641043 0.753037 27
 -0.0586178 -0.0459762 0.770039 126 -0.0563369 -0.0607104 0.72431 29 -0.0578837 -0.0601074 0.733456 20
 -0.0197759 -0.0818128 0.683278 97 -0.018472 -0.114898 0.767026 89 -0.0161186 -0.079367 0.763979 9
 -0.0230463 -0.109142 0.775345 116 -0.0256702 -0.0796508 0.682404 57 -0.0945072 -0.0442185 0.768126 11
 -0.110952 -0.0307388 0.824681 55 -0.0875917 -0.0361482 0.772493 44 -0.0980528 -0.0337681 0.796286 19
 -0.0830193 -0.045048 0.790049 59 -0.103676 -0.0415163 0.835795 55 -0.0302618 -0.0736734 0.710911 24
 -0.0823173 -0.0738125 0.75944 8
 -0.0333477 -0.0621169 0.771781 27 -0.0602947 -0.0531487 0.76379 7 -0.0586455 -0.0492339 0.771124 7
 -0.104986 -0.042287 0.82767 61 -0.0895658 -0.0426259 0.781525 35 -0.072441 -0.0508845 0.769249 26
 -0.0638111 -0.0556151 0.755595 25 -0.0520002 -0.0360628 0.789359 1
 -0.0771398 -0.0492095 0.765817 67 -0.0453142 -0.0689122 0.750524 4 -0.041694 -0.0710616 0.753606 4
 -0.0457338 -0.0642102 0.757326 67 -0.0414809 -0.0670642 0.756253 21 -0.0880901 -0.0520753 0.736753 14
 -0.0830894 -0.0429335 0.821674 17 -0.0779639 -0.0477984 0.794857 8 -0.108955 -0.0554512 0.815439 4
 -0.0628549 -0.0509209 0.766025 91 -0.079049 -0.0428403 0.810141 52 -0.0765223 -0.0439799 0.805787 47
