 -0.190515 -0.0519322 0.859273 88 -0.210619 -0.0414055 0.88388 49 -0.231914 -0.0710375 0.853131 49
 -0.189883 -0.0703727 0.883458 76 -0.228159 -0.0780263 0.859888 46 -0.209602 -0.0523143 0.887804 36
 -0.208165 -0.0915588 0.896912 141 -0.217127 -0.0861134 0.877178 19 -0.180298 -0.0903496 0.890823 7
 -0.200989 -0.0943464 0.902478 175 -0.180103 -0.0816109 0.891844 11 -0.230912 -0.0805404 0.868816 7
 -0.191324 -0.0978785 0.90639 173 -0.148498 -0.0532037 0.903278 10 -0.187847 -0.0815416 0.881765 7
 -0.127081 -0.120123 0.939835 87 -0.192297 -0.0982257 0.90979 49 -0.17796 -0.103922 0.91383 36
 -0.149658 -0.0440884 0.886594 119 -0.214496 -0.0636152 0.893645 25 -0.213964 -0.0674479 0.895172 17
 -0.155097 -0.0552412 0.892188 94 -0.207693 -0.0860059 0.910115 27 -0.132122 -0.108086 0.8999 16
 -0.187094 -0.0612984 0.86888 53 -0.1813 -0.102045 0.899134 41 -0.153647 -0.0667679 0.898535 33
 -0.191402 -0.0685154 0.877509 87 -0.162131 -0.0773176 0.896659 50 -0.181375 -0.106263 0.905577 20
 -0.120943 -0.0915747 0.949034 81 -0.153099 -0.0900199 0.907313 38 -0.140835 -0.114743 0.924555 23
 -0.147345 -0.106243 0.916913 90 -0.135459 -0.113751 0.925162 41 -0.129757 -0.127609 0.979327 39
 -0.148933 -0.0414597 0.888832 128 -0.214846 -0.049031 0.886837 52 -0.15167 -0.13144 0.92436 6
 -0.159488 -0.115496 0.915793 50 -0.144089 -0.0818053 0.937334 46 -0.153777 -0.0573087 0.890208 34
 -0.146991 -0.0797063 0.939052 96 -0.156559 -0.0729408 0.897963 53 -0.180911 -0.0661884 0.879294 46
 -0.146451 -0.0729618 0.940287 76 -0.152158 -0.0811861 0.90506 52 -0.197841 -0.080897 0.926495 28
 -0.139275 -0.0823683 0.950467 75 -0.136766 -0.0849821 0.952823 67 -0.17893 -0.0854915 0.945564 24
 -0.145183 -0.0757049 0.947038 126 -0.153004 -0.0935315 0.916449 33 -0.176062 -0.107515 0.91452 21
 -0.215246 -0.0493387 0.886075 95 -0.130062 -0.0589771 0.943537 27 -0.159624 -0.0808985 0.900274 24
 -0.209758 -0.05788 0.896207 69 -0.100707 -0.145072 0.998836 37 -0.126024 -0.0672301 0.951796 37
 -0.131781 -0.0780696 0.946077 61 -0.102209 -0.142291 0.998767 41 -0.126184 -0.0792511 0.948802 33
 -0.127218 -0.0676559 0.951798 129 -0.188719 -0.0521905 0.870593 26 -0.118833 -0.0915247 0.96526 20
 -0.132246 -0.0756252 0.946177 184 -0.196987 -0.0740535 0.941205 6 -0.206706 -0.0999614 0.915355 5
 -0.127718 -0.0830923 0.962991 88 -0.169029 -0.0929076 0.883655 35 -0.175289 -0.0875109 0.943538 26
 -0.102794 -0.176145 1.00646 152 -0.211899 -0.0405322 0.887457 20 -0.0948723 -0.145037 0.992401 19
 -0.116176 -0.166728 1.01542 155 -0.218147 -0.0590994 0.903235 9 -0.16289 -0.121498 0.919075 8
 -0.134738 -0.074507 0.952541 51 -0.215943 -0.0678395 0.913503 47 -0.129883 -0.104978 0.933497 35
 -0.127998 -0.0845089 0.960053 70 -0.159565 -0.111369 0.920496 51 -0.136554 -0.117908 0.926143 41
 -0.160234 -0.116482 0.925374 119 -0.108592 -0.103029 0.967174 61 -0.128048 -0.107639 0.949466 15
 -0.129864 -0.0940316 0.926422 39 -0.159446 -0.110151 0.909087 28 -0.120248 -0.104335 0.949697 10
 -0.116503 -0.114961 0.957247 60 -0.116007 -0.117596 0.960544 45 -0.178544 -0.082648 0.886648 43
 -0.123236 -0.0986797 0.951758 109 -0.101293 -0.121186 0.9907 2 -0.160944 -0.0860311 0.9029 1
 -0.145995 -0.113235 0.913861 20 -0.157858 -0.0762644 0.94832 11 -0.174868 -0.0861563 0.906815 7
 -0.136909 -0.120887 0.924501 58 -0.163776 -0.101544 0.917224 46 -0.199671 -0.0896226 0.901112 18
 -0.160878 -0.117898 0.927291 7 -0.175455 -0.0902151 0.908337 4
 -0.179245 -0.0681567 0.892704 26 -0.142925 -0.150201 1.01254 2 -0.207686 -0.100701 0.89784 2
