 -0.0840436 -0.018449 0.912296 161 -0.0212347 0.00867516 0.904417 38 -0.0556945 -0.0213105 0.927362 1
 -0.0837449 -0.0298826 0.921708 111 -0.0836045 -0.027255 0.917329 81 -0.0462471 -0.00667018 0.914467 5
 -0.0765072 -0.0389095 0.932089 95 -0.0772564 -0.0269622 0.919946 52 -0.0775174 -0.0317978 0.925041 20
 -0.0784267 -0.0276981 0.932419 161 -0.0722862 -0.0539231 0.942721 24 -0.0504301 -0.0512661 0.940101 10
 -0.0765652 -0.0348439 0.939149 197 -0.0158393 -0.0794119 0.951448 2 -0.0239522 -0.000527755 0.90186 1
 -0.0752986 -0.0463784 0.943211 199 -0.0622143 -0.0120234 0.93751 1
 -0.0402492 0.00137111 0.900456 196 -0.0139852 -0.0172802 0.933825 3 -0.0515803 -0.0439923 0.955037 1
 -0.048021 -0.0102209 0.913562 76 -0.0507133 -0.0148374 0.922726 56 -0.0592918 -0.0322308 0.939978 23
 -0.0493016 -0.0294945 0.943703 84 -0.0510577 -0.016605 0.930149 65 -0.0494273 -0.0237066 0.938208 25
 -0.0516482 -0.0415351 0.949505 128 -0.0533076 -0.0301357 0.943091 52 -0.0175474 -0.0110586 0.905318 10
 -0.0481241 -0.0520158 0.958003 55 -0.0545346 -0.021768 0.939189 53 -0.0546044 -0.0277919 0.943098 29
 -0.0528491 -0.0315589 0.951491 182 -0.0612455 -0.0883427 0.962738 11 -0.0250555 -0.0386542 0.96695 6
 -0.0346993 0.00180433 0.903696 180 0.00650117 -0.0344185 0.929122 17 -0.0381348 -0.0332403 0.949266 2
 -0.0346069 -0.025619 0.94943 62 -0.0433011 -0.00720063 0.909895 57 -0.0337975 -0.0209817 0.946329 39
 -0.0419509 -0.0375922 0.954611 96 -0.0430074 -0.021961 0.938918 46 -0.0418219 -0.0260908 0.945241 28
 -0.0345965 -0.0358681 0.956901 65 -0.0466363 -0.0127448 0.939718 44 -0.0552837 -0.105703 0.959626 16
 -0.029295 -0.0200723 0.953973 96 -0.0349521 -0.0545032 0.969882 87 -0.0346141 -0.0435951 0.962679 9
 -0.0327738 -0.0312636 0.965439 99 -0.0387459 -0.0373297 0.966154 90 -0.0164382 -0.0244563 0.931271 10
 -0.0134124 -0.000295533 0.89641 66 0.0060278 -0.0301338 0.921891 58 0.00577189 -0.027267 0.926506 33
 -0.00176275 -0.0360297 0.930392 73 -0.0254072 -0.0153703 0.942667 53 -0.0154896 -0.0104408 0.901533 46
 -0.027359 -0.028279 0.948134 124 -0.00779434 -0.029805 0.930941 23 -0.00131081 -0.0540625 0.916541 14
 -0.0219999 -0.0215525 0.94602 34 -0.00181385 -0.031222 0.928242 32 -0.0201252 -0.0556101 0.968709 27
 -0.019592 -0.0383209 0.962939 59 -0.0246653 -0.0429964 0.964662 36 -0.0183712 -0.0186194 0.947111 21
 -0.0272432 -0.06864 0.97248 36 -0.0369458 -0.0574974 0.9721 25 -0.0210316 -0.00919671 0.90741 14
 0.0103098 -0.0431022 0.914152 189 -0.0893418 -0.169234 1.03245 7 0.00297946 -0.0436725 0.964313 4
 0.00778959 -0.0542586 0.922287 172 -0.00122797 -0.059608 0.974781 8 -0.032444 -0.0147082 0.936505 7
 -0.00240439 -0.0684942 0.954811 113 -0.00325262 -0.0733423 0.956542 83 -0.0615769 -0.125308 0.965939 4
 -0.0238259 -0.0916387 0.966733 198 0.00404701 -0.0472807 0.925248 2
 -0.0304142 -0.101234 0.966146 177 -0.01765 -0.0713505 0.965031 20 -0.0238371 -0.0297224 0.927558 3
 -0.0419488 -0.104271 0.972067 198 -0.0156865 -0.0643895 0.972105 2
 -0.0746113 -0.113712 0.997253 120 -0.0671787 -0.0920917 0.957797 74 -0.0672089 -0.102221 0.964924 5
 -0.0718575 -0.110275 0.974597 26 -0.0288203 -0.0820339 0.960099 6 -0.0749272 -0.117101 0.988156 4
 -0.060061 -0.0645211 0.964708 36 -0.0423002 -0.0620104 0.974041 30 -0.0506012 -0.0307265 0.957717 16
 -0.0627672 -0.0635843 0.957742 200
 -0.019292 -0.0594364 0.961544 4 -0.0579628 -0.0902507 0.961466 2 -0.0395342 -0.0700274 0.978165 1
 -0.0613196 -0.132025 0.982266 41 -0.0591894 -0.114597 0.969651 39 -0.0596037 -0.11823 0.972183 8
