 -0.136576 0.14767 0.929561 191 -0.099621 0.0527708 0.931744 9
 -0.136908 0.135946 0.931348 200
 -0.13291 0.118107 0.935395 200
 -0.127149 0.0994907 0.93254 115 -0.125813 0.089621 0.929175 57 -0.126522 0.0946575 0.930939 28
 -0.127373 0.0968246 0.935209 200
 -0.127735 0.0880035 0.931965 199 -0.0737719 0.0419358 0.918795 1
 -0.0858375 0.142789 0.888976 168 -0.128897 0.138782 0.931564 24 -0.101754 0.0575627 0.928378 6
 -0.0901957 0.135548 0.898792 161 -0.0889725 0.11234 0.910679 33 -0.128945 0.132721 0.932183 3
 -0.0950978 0.122366 0.912926 150 -0.0755921 0.111045 0.900118 44 -0.0804132 0.113766 0.903648 4
 -0.0986045 0.115438 0.9191 176 -0.0689511 0.117437 0.903093 22 -0.0783988 0.117439 0.908611 1
 -0.100569 0.106962 0.927503 200
 -0.100067 0.0955047 0.934905 200
 -0.0865228 0.143103 0.889511 190 -0.0809919 0.110841 0.890602 8 -0.134234 0.148614 0.94189 2
 -0.0940847 0.130647 0.900785 169 -0.0665501 0.0890163 0.881121 13 -0.0834284 0.0940284 0.897269 8
 -0.09695 0.115452 0.916714 193 -0.0672758 0.105742 0.894317 5 -0.10969 0.058594 0.934806 2
 -0.0995047 0.0990737 0.928164 199 -0.10054 0.0182075 0.932581 1
 -0.0951962 0.0849228 0.937657 200
 -0.0970394 0.0861164 0.943765 200
 -0.0549723 0.101206 0.871003 192 -0.0802803 0.152009 0.886004 8
 -0.0580037 0.0895959 0.878415 200
 -0.0622618 0.0744371 0.891059 157 -0.0948744 0.129446 0.909489 14 -0.0656381 0.1075 0.892203 13
 -0.0927559 0.114728 0.914662 55 -0.07112 0.063174 0.926229 48 -0.0710422 0.0948159 0.932388 31
 -0.0697167 0.0960373 0.928623 104 -0.069562 0.0818519 0.93909 41 -0.0705101 0.0890573 0.934364 33
 -0.092499 0.0822292 0.944734 138 -0.0902083 0.068391 0.940006 10 -0.103265 0.0978469 0.91294 2
 -0.0589068 0.0883243 0.879093 182 -0.0804451 0.148689 0.890552 10 -0.131188 0.14227 0.933671 8
 -0.0600167 0.0753839 0.893595 189 -0.074903 0.130033 0.902846 4 -0.0709726 0.0935975 0.930155 2
 -0.0621923 0.0648068 0.906872 184 -0.0674378 0.0742375 0.943115 16
 -0.0649543 0.0487461 0.91971 200
 -0.0774812 0.0291811 0.927096 200
 -0.096654 0.0212283 0.927818 179 -0.0922255 0.0622611 0.928879 18 -0.105564 0.0832915 0.919813 3
 -0.119048 0.00925222 0.938102 200
 -0.100473 0.00482049 0.949643 44
 -0.104261 0.0685994 0.945464 165 -0.0907283 0.0512594 0.919812 19
 -0.122972 0.0629449 0.931441 200
 -0.0977289 0.0496842 0.930468 13 -0.125121 0.0310636 0.933835 2 -0.10863 0.0712728 0.946655 1
 -0.121833 -0.00206179 0.948483 197 -0.108673 0.0699431 0.943843 3
