 -0.00968507 -0.0952003 0.850465 118 0.127418 -0.114104 0.667361 51 -0.0131101 -0.0797947 0.809569 11
 -0.00161938 -0.100127 0.85576 87 0.126505 -0.110561 0.675726 43 -0.011227 -0.0797164 0.825022 11
 0.10976 -0.112231 0.680132 43 0.0468814 -0.105749 0.727145 31 0.00775388 -0.0753245 0.799405 21
 0.0255729 -0.10229 0.755305 95 0.00630354 -0.0704668 0.807405 39 0.0545558 -0.101525 0.718369 26
 0.0230653 -0.0916131 0.762602 137 0.0561057 -0.0952558 0.721323 44 0.0168535 -0.0981504 0.830739 8
 0.0409832 -0.0928319 0.743833 88 0.0161811 -0.071401 0.781965 76 0.0973231 -0.0830244 0.734879 12
 0.100467 -0.0842265 0.70945 55 0.0306157 -0.102184 0.737559 50 0.10963 -0.105429 0.680475 28
 0.108729 -0.0950645 0.644528 67 0.118204 -0.106274 0.678167 40 0.0903026 -0.132942 0.767464 29
 0.0589247 -0.100756 0.713829 55 0.0228298 -0.0731467 0.764463 42 0.0876361 -0.120267 0.785066 39
 0.0510611 -0.0978478 0.726065 125 0.0427437 -0.0702089 0.767825 45 0.104963 -0.109961 0.791477 7
 0.0363828 -0.0711673 0.78078 49 0.0529649 -0.0862761 0.727409 33 0.0596443 -0.082141 0.718506 21
 0.0642847 -0.0716687 0.742641 88 0.0647063 -0.106095 0.701412 45 0.0655457 -0.084211 0.716703 21
 0.127063 -0.111443 0.673452 90 0.113032 -0.0947091 0.697626 21 0.113981 -0.132455 0.745849 16
 0.0870676 -0.0942962 0.674759 61 0.109775 -0.0997214 0.687714 55 0.090877 -0.0896381 0.717951 34
 0.0855201 -0.0877972 0.720628 117 0.101568 -0.09112 0.703994 23 0.0785162 -0.0868308 0.696418 17
 0.078216 -0.0802252 0.727596 163 0.0781702 -0.0937323 0.687593 11 0.047702 -0.0846754 0.730879 8
 0.0787511 -0.0825763 0.71899 44 0.0669007 -0.0766186 0.737674 32 0.0560241 -0.0886635 0.722847 32
 0.0699116 -0.0787966 0.73719 159 0.0477009 -0.0910715 0.711322 24 0.0737676 -0.113418 0.787987 17
 0.12813 -0.116636 0.667383 129 0.119285 -0.140553 0.747581 38 0.105786 -0.0895475 0.651513 22
 0.115904 -0.110013 0.678296 157 0.102498 -0.100142 0.643488 21 0.105834 -0.132331 0.776114 8
 0.107544 -0.0912509 0.69915 56 0.105881 -0.131007 0.778732 54 0.0349865 -0.0786797 0.653805 22
 0.0883476 -0.076309 0.732103 64 0.0968969 -0.126096 0.78767 46 0.0918138 -0.0966425 0.674322 41
 0.102381 -0.0833402 0.72539 185 0.0158759 -0.0822119 0.746266 6 0.10433 -0.0854808 0.67247 3
 0.0753945 -0.070535 0.750911 199 0.0322697 -0.0551677 0.803141 1
 0.130065 -0.112922 0.668686 167 0.113966 -0.142895 0.757276 9 0.108616 -0.0850063 0.69803 9
 0.123034 -0.123074 0.749267 106 0.117332 -0.107586 0.684504 34 0.119485 -0.124502 0.78333 18
 0.0922214 -0.114542 0.787714 149 0.120683 -0.122483 0.751036 27 0.0844426 -0.0987526 0.656884 12
 0.0683101 -0.106704 0.784708 56 0.0826575 -0.1177 0.788247 27 0.0342015 -0.076911 0.753212 24
 0.0447881 -0.0920859 0.668638 21 0.107633 -0.128387 0.792042 7 0.0411398 -0.0943756 0.743638 4
 0.0433812 -0.0878183 0.666469 19 0.0958158 -0.0714321 0.742553 18 0.0859531 -0.105313 0.763704 16
 0.0219673 -0.0711144 0.798622 197 0.0691632 -0.0733462 0.750782 1 0.10297 -0.102766 0.787265 1
 0.0451425 -0.0588378 0.802059 7 0.100981 -0.083614 0.737295 5 0.0626492 -0.0620949 0.780072 3
 0.0601988 -0.0745057 0.765897 179 0.07089 -0.0774353 0.74486 17 0.102656 -0.1029 0.78359 2
 0.0445808 -0.0778331 0.753608 65 0.0898218 -0.0872612 0.725631 55 0.0555387 -0.0825381 0.708973 41
 0.0506318 -0.0752768 0.772682 137 0.0671861 -0.0871907 0.740676 61 0.063339 -0.0845916 0.747996 2
 0.0488241 -0.0652911 0.781737 190 0.066083 -0.0785104 0.751308 10
