 -0.126379 0.0242552 1.12458 144 -0.110999 -0.153613 1.14282 33 0.00799111 0.0445248 1.08705 10
 -0.127516 0.0131548 1.12667 132 -0.112024 -0.142513 1.14086 30 0.0143775 -0.00599449 1.08837 22
 0.00480913 -0.0176017 1.08436 72 -0.00911274 -0.00562985 1.06291 49 -0.119914 0.00135602 1.12292 21
 -0.00189893 -0.0215971 1.08336 91 -0.118138 -0.00645097 1.12585 23 -0.0427426 0.00876014 1.05925 20
 -0.00830259 -0.0260096 1.07351 88 -0.067914 -0.125708 1.11215 26 -0.0468258 0.00322966 1.06514 24
 -0.0154716 -0.0352549 1.08063 137 -0.0604591 -0.0887946 1.09749 22 -0.0460008 -0.0655635 1.08794 13
 -0.0595579 0.0553247 1.06866 89 -0.0258859 0.0557379 1.04564 52 -0.0547214 0.0300463 1.06222 33
 -0.0625525 0.0378304 1.0707 122 -0.0383274 0.0431977 1.05263 29 -0.021759 0.0223062 1.06671 21
 -0.0669417 0.00699505 1.06914 60 -0.0394638 0.0179882 1.0548 52 -0.0380244 0.011477 1.05793 36
 -0.0676051 0.00085675 1.07182 97 -0.0239734 0.013211 1.07332 38 -0.0477838 0.0156495 1.05432 28
 -0.0268737 0.00921381 1.07447 72 -0.0691899 0.00394209 1.06265 29 -0.064519 -0.026615 1.06717 21
 -0.0329472 -0.00989217 1.0757 84 -0.0460651 -0.0318585 1.07459 73 -0.0430915 -0.0267118 1.07503 13
 -0.0292271 0.0615863 1.0458 138 -0.0447861 0.0651153 1.07779 46 -0.00507872 0.0401823 1.07006 9
 -0.0365257 0.0498668 1.04984 115 -0.052919 0.0493564 1.07389 47 -0.0110502 0.0449703 1.07517 22
 -0.043479 0.0124863 1.05732 70 -0.0455499 0.0356361 1.0491 62 -0.04544 0.0296376 1.05089 35
 -0.0450579 0.000285324 1.06253 105 -0.0318167 0.0584458 1.05027 32 -0.0482029 0.0504255 1.07793 21
 -0.0411009 0.00548359 1.07207 57 -0.0414194 0.0240811 1.06784 51 -0.0365661 0.0129226 1.07139 37
 -0.0528886 -0.00194792 1.07484 177 -0.0806697 -0.0171294 1.08027 23
 -0.0222728 0.0639431 1.04503 75 -0.0495683 0.0671712 1.07695 55 0.00116208 0.0457713 1.08131 30
 -0.0279288 0.0551305 1.05065 70 -0.0520516 0.0536459 1.07816 60 0.0104712 -0.00703551 1.09043 22
 -0.0590375 0.0401569 1.07314 82 -0.0174202 0.0205295 1.0671 46 -0.0400876 0.0454569 1.05054 43
 -0.0667293 0.0350415 1.06909 46 -0.0226641 -0.0404846 1.08 43 -0.0231733 -0.0651794 1.07914 19
 -0.0710879 0.0132311 1.07358 96 -0.0251098 -0.0325145 1.07906 36 -0.0140821 -0.00746686 1.08052 21
 -0.0709057 -0.0140584 1.0831 199 -0.0465841 -0.0414644 1.08309 1
 0.0152706 0.0016863 1.09212 134 -0.049302 0.0578561 1.07869 28 -0.024776 0.0668707 1.04646 18
 -0.124538 0.00895836 1.1274 86 0.00313392 -0.0087651 1.09124 63 0.00462828 0.019246 1.09327 24
 -0.112917 -0.0155217 1.12598 112 -0.00620236 -0.0209657 1.08106 62 0.00180671 0.00603169 1.10164 14
 -0.106147 -0.0354089 1.11907 140 -0.0128524 -0.0214529 1.08429 30 -0.0149009 -0.0317545 1.08462 23
 -0.0346204 -0.0618162 1.09296 145 -0.0272455 -0.0207504 1.08649 27 -0.0931477 -0.0794489 1.12087 5
 -0.0286553 -0.0142289 1.07519 130 -0.0485952 -0.0745601 1.09172 70
 -0.0799917 -0.105896 1.11118 196 -0.0897601 -0.0230946 1.09077 2 -0.0808985 -0.0491688 1.09953 1
 -0.0806095 0.00938891 1.08012 20 -0.0906198 -0.0985253 1.1275 8 -0.0544049 0.025488 1.07862 6
 -0.0554718 -0.0231297 1.08316 152 -0.0811273 -0.0313628 1.10197 32 -0.0878809 -0.0888799 1.11676 12
 -0.0589789 -0.0661534 1.09346 65 -0.0570466 -0.0619948 1.09082 65 -0.0431677 -0.0449253 1.08324 32
 -0.064118 -0.044203 1.08954 200
 -0.0773551 -0.112083 1.11613 156 -0.0783587 -0.0747119 1.107 40 -0.0462031 0.010263 1.06911 4
