 -0.12317 0.0225744 1.12488 108 -0.112206 -0.151623 1.14158 47 0.0228674 0.0127075 1.09631 24
 -0.124327 0.0109715 1.12473 100 0.0148346 -0.00102048 1.09402 38 -0.112444 -0.139762 1.13888 33
 0.00556632 -0.0141003 1.08846 77 -0.0101245 -0.00426073 1.06582 50 -0.119176 0.00059325 1.12385 16
 -0.00163761 -0.0198843 1.08516 70 -0.0407694 0.00650941 1.06424 24 -0.118104 -0.00662713 1.12778 18
 -0.00696126 -0.0224563 1.07661 88 -0.104132 -0.0255152 1.09435 23 -0.0661819 -0.0788235 1.09337 20
 -0.0154434 -0.0326079 1.08321 154 -0.0571176 -0.0793101 1.09165 24 -0.0750039 -0.0327871 1.08918 7
 -0.024932 0.0625513 1.04834 54 -0.0559594 0.0612413 1.07541 41 -0.066035 0.0532447 1.06912 32
 -0.0536936 0.0424529 1.07231 75 -0.0578999 0.0406621 1.07319 37 -0.0672855 0.0328668 1.07192 33
 -0.0366155 0.0205053 1.06066 66 -0.0651185 0.0117605 1.07461 42 -0.0459293 0.0218333 1.06211 24
 -0.0653342 -0.00519011 1.07501 63 -0.023806 0.0179248 1.07317 50 -0.0677484 0.027307 1.07657 31
 -0.069285 0.0103302 1.0641 75 -0.0267271 0.0108983 1.07583 62 -0.0396116 0.0311781 1.06019 27
 -0.0325611 -0.00853515 1.0776 167 -0.0768156 -0.0115231 1.0827 13 -0.0638935 -0.0316116 1.08051 10
 -0.0274475 0.0663044 1.04875 144 -0.047315 0.0674795 1.08277 53 -0.0198678 0.0151051 1.07387 2
 -0.0416145 0.0518781 1.05526 178 -0.00898555 0.0534415 1.07786 22
 -0.0427723 0.0154138 1.06272 89 -0.044571 0.039837 1.05459 58 -0.0161744 0.03336 1.0868 29
 -0.0447955 0.000682626 1.06999 86 -0.0557007 0.0485917 1.08116 27 -0.00478323 0.0378092 1.09323 22
 -0.0458735 0.00941424 1.07314 109 -0.0433216 0.0250704 1.06809 62 -0.0756563 -0.0106071 1.08234 18
 -0.0528736 -0.0017297 1.07711 180 -0.0816559 -0.0125009 1.08552 14 -0.0744538 -0.0168355 1.08478 3
 -0.0235017 0.0683987 1.04691 88 -0.0504399 0.0682868 1.08249 51 0.0218925 0.0040754 1.0963 35
 -0.027732 0.0587845 1.0528 92 -0.0528794 0.0542573 1.08348 47 -0.00443368 0.0401082 1.07213 35
 -0.0394467 0.0462908 1.05408 60 -0.0558796 0.0470853 1.07622 46 -0.0275172 0.0173403 1.05758 32
 -0.0241147 -0.0432342 1.0834 34 -0.00886941 0.0315431 1.0876 32 -0.0678629 0.0383585 1.07276 31
 -0.0723715 0.0121251 1.07943 98 -0.0183165 -0.0156199 1.08169 39 -0.0775555 -0.0120248 1.08019 24
 -0.0712498 -0.0110333 1.08499 198 -0.0225544 0.0413928 1.09441 1 -0.0272176 -0.0252577 1.08322 1
 0.0157586 0.0054233 1.09758 109 -0.0521413 0.0556856 1.0823 30 -0.0281576 0.0664743 1.04905 23
 -0.12405 0.00756929 1.12894 99 0.00166177 0.000805359 1.08291 26 0.00311934 -0.00168698 1.08778 16
 -0.112584 -0.0156216 1.12575 123 -0.0122593 -0.0232077 1.07568 33 -0.00063136 -0.0106415 1.08847 23
 -0.106364 -0.0312987 1.12303 146 -0.0145605 -0.0203662 1.08636 34 -0.0174176 -0.0266935 1.0842 15
 -0.0342923 -0.0546418 1.09134 144 -0.025734 -0.0159268 1.0816 32 -0.0573378 -0.0907987 1.10609 10
 -0.0326124 -0.0146934 1.07743 115 -0.0487139 -0.0759352 1.09488 70 -0.0596027 -0.105126 1.11123 7
 -0.0783581 -0.105138 1.11077 197 -0.0703993 -0.000456428 1.08362 2 -0.0931264 -0.0240834 1.09777 1
 -0.0899309 -0.0893051 1.12299 18 -0.07954 0.0159301 1.08417 7 -0.0820828 -0.034983 1.10462 3
 -0.0564937 -0.023076 1.08491 164 -0.0876019 -0.0834642 1.11505 15 -0.0888356 -0.0568402 1.11502 11
 -0.0577802 -0.05971 1.08963 132 -0.0440732 -0.0453768 1.08518 22 -0.0416741 -0.0153619 1.07808 18
 -0.0649557 -0.0421726 1.09031 200
 -0.0795558 -0.109495 1.11756 176 -0.0786176 -0.0784483 1.1096 20 -0.0794163 -0.0845189 1.11103 4
