 -0.2482 0.00320711 0.915685 155 -0.138071 -0.0206593 0.955985 21 -0.165092 -0.180143 1.04244 7
 -0.246392 -0.00675179 0.920843 148 -0.169675 -0.177317 1.05489 14 -0.20181 -0.0268759 0.932797 14
 -0.188438 -0.0809759 0.958449 85 -0.241906 -0.0185056 0.930359 66 -0.202133 -0.0389984 0.944646 16
 -0.186345 -0.0887429 0.967435 111 -0.240306 -0.0171907 0.929033 24 -0.164766 -0.15481 1.03621 16
 -0.203104 -0.0785148 0.962257 113 -0.237536 -0.014437 0.93581 43 -0.215577 -0.0587914 0.966562 22
 -0.191263 -0.0818228 0.96488 173 -0.231188 -0.0284069 0.936527 26 -0.158122 -0.0241232 0.953516 1
 -0.218258 0.014626 0.951666 79 -0.244343 -0.00353434 0.917541 47 -0.157594 -0.0631236 0.994424 19
 -0.228076 -0.0201123 0.940215 67 -0.221571 0.00105242 0.961278 39 -0.223507 -0.0236785 0.970238 28
 -0.228544 -0.0416055 0.949481 78 -0.193231 -0.0185062 0.935506 49 -0.230757 -0.0329091 0.943685 23
 -0.221794 -0.0478761 0.95545 75 -0.222962 -0.0523142 0.956177 36 -0.188643 -0.00684529 0.925664 24
 -0.216656 -0.0552105 0.969067 87 -0.187768 -0.0216035 0.936398 35 -0.221116 -0.0803893 0.960892 31
 -0.196112 -0.0575488 0.95945 173 -0.164298 -0.107531 0.960431 19 -0.174549 -0.0747855 0.978877 4
 -0.218519 0.0143689 0.952019 118 -0.18518 0.00295279 0.92033 38 -0.150821 -0.099626 1.00184 25
 -0.223746 0.00148623 0.961276 83 -0.19045 -0.0111176 0.926102 58 -0.154034 -0.0444681 0.954331 25
 -0.21654 -0.0194461 0.943247 57 -0.212237 -0.0216942 0.937997 39 -0.232458 -0.0436441 0.955356 21
 -0.203324 -0.0354385 0.937409 38 -0.203784 -0.0528014 0.961523 32 -0.225581 -0.0329863 0.946497 23
 -0.19816 -0.0611735 0.949766 54 -0.180552 -0.101708 0.972124 32 -0.191504 -0.0297679 0.94087 28
 -0.190753 -0.0613223 0.963101 103 -0.196646 -0.0731865 0.970643 44 -0.225093 -0.0426632 0.959169 23
 -0.145306 -0.0239789 0.955635 100 -0.148518 -0.0861754 0.995661 87 -0.183533 -0.00982848 0.9262 5
 -0.149887 -0.0350641 0.961272 148 -0.222985 0.00985077 0.955102 37 -0.189387 -0.0219848 0.931016 5
 -0.216489 -0.00465983 0.966995 72 -0.149484 -0.0705706 1.00496 44 -0.156062 -0.0464 0.985813 30
 -0.222891 -0.0168341 0.970278 50 -0.198362 -0.017469 0.90487 33 -0.156266 -0.0503403 0.99457 21
 -0.160138 -0.0580614 0.995287 88 -0.190388 -0.00940051 0.932798 42 -0.181814 -0.0588396 0.947266 41
 -0.157752 -0.0427477 0.957233 38 -0.20798 -0.0615407 0.946829 22 -0.160339 -0.051541 0.998835 19
 -0.145689 -0.0293751 0.957396 168 -0.250322 0.00630883 0.918203 13 -0.191445 -0.00746607 0.92132 11
 -0.15091 -0.0445913 0.988192 48 -0.153452 -0.0455593 0.949294 39 -0.175502 -0.1335 0.981592 33
 -0.213575 -0.0383615 0.970112 76 -0.227283 -0.0111252 0.951656 28 -0.15704 -0.0553345 1.00198 21
 -0.167834 -0.071489 1.00223 61 -0.209488 -0.0465918 0.96279 24 -0.164628 -0.171763 1.05717 22
 -0.157989 -0.137513 1.02405 49 -0.16286 -0.0464846 0.992498 34 -0.164311 -0.0693584 1.00298 33
 -0.171383 -0.0935876 0.972732 44 -0.163831 -0.0709889 0.989959 36 -0.158065 -0.113834 1.00492 31
 -0.168366 -0.0938652 0.991888 63 -0.17085 -0.136174 1.01772 62 -0.173186 -0.13329 1.01351 48
 -0.174477 -0.0630926 0.99275 106 -0.148891 -0.131447 1.02772 29 -0.151793 -0.127942 1.01933 16
 -0.180859 -0.0946436 0.972706 14 -0.203546 -0.0475574 0.933821 12 -0.190223 -0.0510823 0.952153 9
 -0.188455 -0.0767283 0.962565 144 -0.176248 -0.0836451 0.989317 16 -0.210741 -0.0656353 0.962064 16
 -0.167366 -0.121576 0.998313 4 -0.194625 -0.0561727 0.964452 2
 -0.1618 -0.12741 1.0161 16 -0.17711 -0.163217 1.04759 1
