 0.137669 0.0265401 0.86777 125 0.157854 0.036907 0.856385 27 0.20074 0.023198 0.825073 13
 0.139073 0.0375739 0.86972 125 0.219703 0.0394427 0.844386 20 0.161825 0.0292827 0.846375 14
 0.139199 0.0175671 0.860604 61 0.140896 0.0491709 0.87378 43 0.139839 0.0236642 0.862498 28
 0.145888 0.0110509 0.859885 94 0.177882 0.055753 0.837397 34 0.178629 0.0675434 0.868206 28
 0.139986 -0.00407007 0.87401 49 0.115216 0.0286587 0.887773 37 0.174351 0.0536667 0.843848 30
 0.113671 0.0432991 0.894383 63 0.18856 0.055859 0.865033 43 0.139966 0.0477984 0.874176 27
 0.203158 0.0175093 0.835978 88 0.157976 0.0231058 0.855296 41 0.181696 0.0160378 0.820974 37
 0.182895 0.0318329 0.836829 139 0.159421 0.0477685 0.870267 14 0.146202 0.0201434 0.862859 14
 0.174962 0.0260344 0.842837 38 0.168293 0.0379185 0.862857 24 0.180322 0.038553 0.868533 23
 0.143506 0.0503329 0.870281 48 0.184717 0.0473703 0.869005 30 0.186337 0.0351374 0.837338 28
 0.165413 0.0293489 0.853728 81 0.144313 0.0363928 0.849901 41 0.131751 0.0207653 0.880758 27
 0.15141 0.0366705 0.866318 99 0.140472 0.0235544 0.874634 31 0.182977 0.0372781 0.840321 31
 0.203288 0.0186271 0.837659 150 0.195046 -0.0125858 0.855139 36 0.167262 -0.024252 0.868802 10
 0.188854 0.0245387 0.841874 179 0.161969 -0.00904797 0.873298 10 0.172038 -0.0078577 0.866158 8
 0.174931 0.0235966 0.84389 145 0.186325 0.0475611 0.864671 33 0.183541 0.0458825 0.861716 20
 0.184001 0.0577136 0.875757 88 0.169219 0.0281691 0.850037 56 0.16881 0.0233209 0.85066 47
 0.1659 0.0298646 0.857991 115 0.178472 0.0131798 0.847075 42 0.178259 0.0457793 0.862511 34
 0.179721 0.0514749 0.874865 192 0.10171 0.0169374 0.947565 7 0.187369 0.056098 0.916187 1
 0.207996 0.0444448 0.837535 189 0.211249 0.0253604 0.83567 11
 0.208449 0.0361735 0.84062 144 0.166795 -0.0141255 0.866811 30 0.183541 0.00576198 0.852026 13
 0.197798 0.0503048 0.873149 120 0.209388 0.0437691 0.84833 59 0.180966 0.0182993 0.84397 11
 0.192687 0.0605471 0.877918 178 0.184014 0.0301425 0.842777 9 0.196883 0.0516733 0.855122 8
 0.197449 0.050594 0.86572 104 0.201468 0.0556317 0.881119 34 0.142297 0.0526281 0.882866 32
 0.159162 0.037247 0.871802 99 0.168012 -0.00474379 0.875667 5 0.154154 0.054243 0.928186 5
 0.212463 0.0255372 0.839015 154 0.185895 -0.0199018 0.855869 46
 0.165565 -0.0155634 0.87333 97 0.204898 0.0332161 0.840526 79 0.0770197 -0.0352291 0.958132 10
 0.202254 0.0261806 0.838421 99 0.156544 -0.0151098 0.87524 95 0.196859 0.0570972 0.889244 5
 0.188559 0.0185571 0.845658 87 0.170173 -0.0122017 0.870003 52 0.15348 -0.0116438 0.886068 39
 0.161542 -0.00376056 0.883237 120 0.140693 -0.0070322 0.91247 54 0.143554 -0.00714366 0.908516 11
 0.12309 0.000792825 0.916023 159 0.161156 -0.00175549 0.872447 29 0.135971 0.0169239 0.881885 11
 0.100893 0.021218 0.947013 199 0.154441 0.0193076 0.863798 1
 0.163733 0.0623166 0.925102 60 0.113087 -0.00478555 0.950283 15 0.126235 0.00484215 0.918339 14
 0.134453 0.0199989 0.897618 160 0.187911 0.0559468 0.912381 31 0.172573 0.0317897 0.852438 9
 0.13379 0.0388159 0.88403 160 0.143148 -0.0021443 0.901344 24 0.210409 0.0263878 0.832319 13
 0.123108 0.0247969 0.912027 77 0.155335 0.038066 0.870419 75 0.179164 0.0329946 0.864611 28
 0.157072 0.0556213 0.924786 114 0.090899 0.0102645 0.956428 63 0.146871 0.0459187 0.866048 23
