 -0.189924 -0.0592483 1.01694 198 -0.151091 -0.150476 1.03147 2
 -0.188347 -0.0699458 1.02087 199 -0.148878 -0.0455048 1.00705 1
 -0.184777 -0.0851778 1.02769 198 -0.0988006 -0.132141 1.02488 1 -0.140255 -0.0374831 1.00358 1
 -0.180578 -0.0972745 1.03025 166 -0.170321 -0.173565 1.02747 29 -0.132422 -0.0324502 1.00432 3
 -0.177038 -0.104387 1.03141 169 -0.171267 -0.173733 1.03616 29 -0.115297 -0.136526 1.01545 1
 -0.176277 -0.112327 1.03051 199 -0.137494 -0.148264 1.03253 1
 -0.145979 -0.0360748 1.01085 183 -0.114705 -0.0403005 1.00145 16 -0.177511 -0.0506214 1.00895 1
 -0.151878 -0.0499763 1.02346 189 -0.141913 -0.113689 1.03903 6 -0.114893 -0.0469351 1.00655 5
 -0.153968 -0.0666557 1.03327 185 -0.152642 -0.102294 1.04125 6 -0.117733 -0.0691971 1.01649 4
 -0.155006 -0.0751568 1.0355 159 -0.165052 -0.15586 1.02763 29 -0.139245 -0.111054 1.04137 9
 -0.149587 -0.0841391 1.03824 189 -0.115728 -0.123396 1.04406 8 -0.173867 -0.119492 1.02654 3
 -0.15049 -0.102091 1.04015 181 -0.145994 -0.140757 1.03851 12 -0.173931 -0.150567 1.0307 4
 -0.113693 -0.0355901 0.998615 111 -0.143537 -0.0310962 1.00917 87 -0.146056 -0.0652621 1.03269 2
 -0.120307 -0.0468783 1.00807 135 -0.146826 -0.0528096 1.0217 53 -0.138864 -0.0509437 1.01754 9
 -0.128664 -0.0630412 1.02193 97 -0.179124 -0.0934306 1.02989 33 -0.152055 -0.0726395 1.03602 30
 -0.172792 -0.104313 1.03521 38 -0.127126 -0.0526807 1.01341 23 -0.136564 -0.0737306 1.02877 23
 -0.127653 -0.112887 1.04865 46 -0.130199 -0.0858869 1.04181 34 -0.126816 -0.107589 1.04798 33
 -0.139352 -0.105903 1.04512 198 -0.121369 -0.138604 1.03098 1 -0.108197 -0.0299891 1.00731 1
 -0.111192 -0.0313416 0.997009 131 -0.0947189 -0.0871121 0.997028 22 -0.143361 -0.0299923 1.00765 19
 -0.115743 -0.0422732 1.00231 130 -0.0998444 -0.0918455 1.00677 28 -0.0956692 -0.0982015 0.977113 27
 -0.122163 -0.0534673 1.01384 70 -0.149379 -0.0566704 1.0245 44 -0.102658 -0.11182 0.987669 28
 -0.123977 -0.054609 1.02308 53 -0.107494 -0.0875208 1.02109 33 -0.156283 -0.0732168 1.03133 24
 -0.125035 -0.0827679 1.04142 169 -0.115828 -0.137866 1.03455 14 -0.106545 -0.108847 1.00981 12
 -0.129648 -0.100971 1.05075 82 -0.143786 -0.126738 1.03708 40 -0.171555 -0.151261 1.03297 4
 -0.0902328 -0.0947496 0.988145 82 -0.0890606 -0.0881188 0.998265 71 -0.117351 -0.0285229 0.999709 24
 -0.0940622 -0.0955769 1.00312 61 -0.0967411 -0.107059 0.993829 54 -0.102548 -0.11934 1.00943 46
 -0.103526 -0.128155 1.01993 199 -0.120169 -0.0943348 1.04288 1
 -0.107685 -0.140022 1.02995 190 -0.133655 -0.199384 1.114 4 -0.178094 -0.103099 1.03754 3
 -0.114215 -0.15726 1.03576 193 -0.170821 -0.186782 1.05999 7
 -0.12806 -0.16363 1.03127 104 -0.129785 -0.125449 1.03921 50 -0.135644 -0.186156 1.08231 3
 -0.134901 -0.159109 1.03593 132 -0.147572 -0.181042 1.05308 32 -0.14483 -0.177661 1.04876 16
 -0.132 -0.172423 1.04947 3 -0.173672 -0.17699 1.04074 2 -0.163053 -0.15359 1.03438 1
 -0.150463 -0.127053 1.04631 166 -0.145925 -0.15057 1.0393 28 -0.142847 -0.0932958 1.03767 5
 -0.161163 -0.128833 1.03834 192 -0.166452 -0.0890759 1.04558 8
 -0.15453 -0.167094 1.03667 1.05884
 -0.149179 -0.174257 1.04557 46 -0.148862 -0.186919 1.06799 42 -0.149013 -0.179375 1.05396 4
