 -0.172016 0.0441084 0.956675 120 -0.138501 0.106777 0.972566 57 -0.169974 0.0903826 0.970175 9
 -0.166341 0.0369842 0.959622 121 -0.140876 0.0959077 0.977061 63 -0.169932 0.0773475 0.971724 9
 -0.156192 0.0299197 0.963562 139 -0.139418 0.0793375 0.983571 47 -0.0818107 -0.0225274 0.930047 7
 -0.144621 0.0244018 0.964389 92 -0.137763 0.0698804 0.987626 32 -0.0338608 -0.0380074 0.952793 30
 -0.146065 0.0253981 0.968435 68 -0.105238 0.00304678 0.943578 34 -0.149057 0.0282166 0.969969 24
 -0.0902296 -0.0338363 0.942844 97 -0.13325 0.0197202 0.971254 49 -0.104981 -0.00500874 0.94775 24
 -0.160149 0.0874799 0.971106 127 -0.138344 0.0987017 0.972827 40 -0.0771121 0.0900696 0.946712 30
 -0.15311 0.0744479 0.976989 126 -0.0876025 0.0672782 0.965941 68 -0.0825471 0.0790734 0.957711 5
 -0.133106 0.0605543 0.98714 66 -0.117304 0.00570141 0.954612 31 -0.0552686 0.0506602 0.950317 26
 -0.0440317 0.0159531 0.952635 67 -0.141278 0.0508517 0.982309 51 -0.053867 0.0559931 0.959651 34
 -0.14777 0.0655788 0.981969 39 -0.129964 0.0490646 0.980109 29 -0.0734146 -0.0299731 0.951829 23
 -0.147245 0.0582655 0.984801 68 -0.0674571 -0.0408712 0.941698 30 -0.0985041 0.0348112 0.986521 29
 -0.0702165 0.0836139 0.948342 123 -0.133582 0.100874 0.97678 67 -0.169992 0.0874418 0.968986 4
 -0.137748 0.0908876 0.983048 60 -0.0590164 0.0572312 0.961983 44 -0.074919 0.0764819 0.953111 30
 -0.0646116 0.0445571 0.965648 107 -0.147113 0.0658857 0.976964 63 -0.0568319 0.00315268 0.954511 11
 -0.050229 0.0315949 0.957348 64 -0.135567 0.0503826 0.979641 58 -0.0361679 -0.00596806 0.95157 41
 -0.0651578 0.0213007 0.954953 63 -0.0377295 0.00301204 0.972897 38 -0.115698 0.056433 0.989962 34
 -0.0904188 0.0486091 0.99495 56 -0.0890835 0.0437016 0.995426 50 -0.0805033 0.0291336 0.975059 20
 -0.0526548 0.0831966 0.950107 176 -0.16329 0.0937354 0.971674 11 -0.0674111 0.0273512 0.969141 8
 -0.0568467 0.071286 0.954777 185 -0.153101 0.0871264 0.97364 11 -0.0332677 0.0218418 0.956639 3
 -0.056518 0.064032 0.958812 52 -0.0540903 0.0500882 0.965491 44 -0.0557995 0.0578479 0.961811 36
 -0.0414881 0.0338738 0.963928 51 -0.106923 0.0537752 0.985194 26 -0.14632 0.0710628 0.975835 24
 -0.050853 0.028556 0.961185 42 -0.0946548 0.0458596 0.988409 35 -0.0495188 -0.0146068 0.95539 30
 -0.0573615 -0.0190901 0.953378 63 -0.0602164 0.0209419 0.963696 50 -0.0929073 0.0384069 0.997669 40
 -0.0611584 0.0804718 0.952439 51 -0.0591824 0.0771006 0.953892 48 -0.0564204 0.0718843 0.956377 35
 -0.0540189 0.0517912 0.958245 162 -0.0528514 -0.0802127 0.978999 16 -0.150204 0.0736549 0.9857 9
 -0.0549689 0.0285771 0.957837 176 -0.0654126 0.0644662 0.961542 16 -0.141873 0.0456916 0.980014 6
 -0.140462 0.0209231 0.97052 53 -0.0444636 -0.014033 0.969528 39 -0.0447422 -0.00743883 0.968272 33
 -0.0380923 -0.0476667 0.978152 30 -0.0432588 0.0131321 0.961099 27 -0.0465847 -0.0166781 0.96386 18
 -0.0887272 -0.00093132 0.952055 121 -0.0536711 -0.0180775 0.946866 57 -0.0486986 0.0153037 0.953287 21
 -0.0679833 -0.0418932 0.958902 175 -0.096636 0.00453906 0.949277 9 -0.0941416 -0.00118614 0.948573 7
 -0.0487525 -0.0332568 0.968416 29 -0.106105 0.0149635 0.956674 9 -0.081301 -0.0450227 0.980138 8
 -0.0924424 0.024767 0.97892 163 -0.0419849 -0.000517579 0.967204 32 -0.0788258 0.0379843 0.999667 5
 -0.106182 0.0142557 0.974379 112 -0.082216 -0.0221932 0.946613 88
 -0.0591864 0.0133421 0.953605 20 -0.0804195 0.0224562 0.979083 5
 -0.0639301 -0.0390338 0.959209 28 -0.137156 0.0228232 0.962716 13 -0.149412 0.0866035 0.980126 5
