 -0.17678 -0.152846 0.86709 77 -0.172248 -0.113271 0.837058 60 -0.146682 -0.0916638 0.823453 22
 -0.169234 -0.12248 0.844088 69 -0.16831 -0.157109 0.87384 63 -0.145712 -0.111695 0.874858 36
 -0.153987 -0.159868 0.889031 86 -0.14668 -0.126707 0.880552 56 -0.168993 -0.125234 0.841292 49
 -0.140451 -0.160526 0.894909 95 -0.135949 -0.160461 0.896275 62 -0.170652 -0.117533 0.842837 20
 -0.124524 -0.160301 0.899243 159 -0.149133 -0.162214 0.893616 28 -0.172897 -0.116945 0.842052 6
 -0.131509 -0.160215 0.901938 80 -0.0478523 -0.155116 0.91848 50 -0.104361 -0.163037 0.908132 39
 -0.112954 -0.091226 0.902288 59 -0.142533 -0.0925854 0.824608 32 -0.171018 -0.110494 0.833349 21
 -0.115305 -0.102833 0.908183 43 -0.16136 -0.119933 0.856481 29 -0.145318 -0.115229 0.869821 26
 -0.150766 -0.125414 0.882624 96 -0.153035 -0.124355 0.879271 51 -0.130672 -0.123405 0.891844 35
 -0.13401 -0.111234 0.896602 80 -0.139963 -0.120521 0.894354 48 -0.0948656 -0.109036 0.900112 21
 -0.109266 -0.123787 0.907709 84 -0.11496 -0.122774 0.905975 61 -0.128671 -0.132214 0.877451 28
 -0.114195 -0.133207 0.910034 91 -0.0736514 -0.152277 0.901849 50 -0.132953 -0.135171 0.899607 42
 -0.109656 -0.0917691 0.902857 47 -0.146379 -0.0853441 0.823295 36 -0.175831 -0.111058 0.833747 29
 -0.120857 -0.117457 0.894328 33 -0.124561 -0.121029 0.893799 33 -0.0840422 -0.108252 0.892922 29
 -0.107413 -0.117033 0.90658 79 -0.0941527 -0.120354 0.905909 62 -0.129515 -0.124193 0.893079 18
 -0.105177 -0.105846 0.906935 90 -0.0709096 -0.111581 0.89 37 -0.122764 -0.107334 0.896876 25
 -0.106292 -0.12418 0.908172 195 -0.0730246 -0.153827 0.91414 4 -0.139646 -0.111893 0.884553 1
 -0.105991 -0.117808 0.914042 107 -0.0868278 -0.13657 0.914165 34 -0.11006 -0.122483 0.914237 25
 -0.0741723 -0.151091 0.902707 56 -0.0384676 -0.203235 0.98995 45 -0.170811 -0.157571 0.867643 28
 -0.0553319 -0.114655 0.896704 78 -0.0452117 -0.1915 0.991219 39 -0.177094 -0.14586 0.872619 30
 -0.0777637 -0.113571 0.899083 57 -0.0494579 -0.127578 0.910617 43 -0.114193 -0.0963192 0.903625 28
 -0.0561486 -0.101936 0.893846 71 -0.134291 -0.101745 0.882227 42 -0.0576427 -0.139594 0.911098 34
 -0.0654751 -0.119683 0.904053 160 -0.135065 -0.0972747 0.888584 40
 -0.093982 -0.140196 0.914634 52 -0.120102 -0.120195 0.908879 52 -0.11047 -0.151027 0.891428 49
 -0.0429165 -0.21839 0.977217 72 -0.0403462 -0.229697 0.995447 57 -0.0711532 -0.0848605 0.840954 27
 -0.0586512 -0.205866 0.985299 78 -0.0555764 -0.216571 1.00263 46 -0.0721544 -0.109555 0.884771 40
 -0.0685411 -0.109187 0.892248 123 -0.0808968 -0.179559 0.912686 73 -0.0682901 -0.197411 0.96777 4
 -0.0638528 -0.119583 0.905653 117 -0.109012 -0.172742 0.914152 44 -0.102644 -0.175013 0.91591 38
 -0.0653465 -0.128707 0.910119 117 -0.0970689 -0.172453 0.915445 57 -0.120936 -0.165148 0.909048 24
 -0.0632991 -0.153224 0.925793 91 -0.0732828 -0.144385 0.918672 57 -0.114071 -0.145332 0.908989 38
 -0.0866823 -0.164933 0.914811 98 -0.0582788 -0.155728 0.938926 41 -0.146366 -0.127223 0.887184 20
 -0.058159 -0.156289 0.941714 108 -0.0721318 -0.137574 0.911779 2
 -0.0973625 -0.135381 0.916007 104 -0.104888 -0.165524 0.906283 27 -0.170547 -0.123438 0.841032 2
 -0.115542 -0.14824 0.905441 177 -0.149379 -0.12863 0.889748 20 -0.059674 -0.149012 0.902408 3
 -0.0953978 -0.161128 0.91487 23 -0.0962425 -0.167631 0.910632 14 -0.1208 -0.131522 0.905112 9
 -0.118273 -0.108116 0.913206 11 -0.0652465 -0.172494 0.92881 1 -0.110177 -0.127845 0.88782 1
