 -0.0437033 -0.120106 0.996288 42 -0.00351702 0.0132867 0.978054 41 -0.0438533 -0.116364 0.994305 38
 -0.062516 -0.0650249 0.998199 56 -0.00837921 0.00466783 0.977434 44 -0.0308252 -0.115434 0.996357 36
 -0.0332036 -0.108993 0.993861 61 -0.0266374 -0.060412 0.975179 47 -0.0635296 -0.0671068 1.00217 44
 -0.0325603 -0.10785 0.997544 43 -0.0279086 -0.0458379 0.981163 39 -0.0215938 -0.101575 0.994218 39
 -0.0302055 -0.0458294 0.983474 85 -0.0490775 -0.0973545 0.997627 38 -0.0437095 -0.127537 1.00029 24
 -0.0568015 -0.114866 0.996326 82 -0.0338838 -0.0454365 1.00047 37 -0.0363637 -0.0683588 0.99725 32
 -0.0217224 -0.00422855 0.989777 75 -0.0207139 -0.0547432 0.977242 36 -0.0203245 -0.112962 0.991971 27
 -0.0259514 -0.0164851 0.997638 63 -0.0222119 -0.0485643 0.982773 57 -0.0385889 -0.0478224 0.999735 24
 -0.00895456 -0.0782626 0.987625 72 -0.0280215 -0.0382425 0.983479 46 -0.0467458 -0.078902 1.0105 36
 -0.0290964 -0.0486396 0.987259 60 -0.036336 -0.0783211 1.01045 51 -0.0300522 -0.0690852 0.979869 37
 -0.038539 -0.0783443 1.00642 87 -0.0413815 -0.0841746 1.00601 62 -0.0438732 -0.0890082 1.0053 41
 -0.0528707 -0.085415 1.00739 119 -0.0557403 -0.0786485 1.00754 69 -0.0230732 -0.0684225 0.989588 12
 -0.00655808 0.0130979 0.980312 167 -0.0121484 -0.109997 0.99403 24 -0.0348128 -0.0414976 0.998475 9
 -0.0137319 -0.00653174 0.984215 200
 -0.0183618 -0.02559 0.985638 171 -0.0404129 -0.0574585 0.994391 12 -0.0405762 -0.0635362 1.00092 8
 -0.0266894 -0.0374673 0.979369 141 -0.0152739 -0.0974583 0.997764 29 -0.0474137 -0.0703377 1.00425 10
 -0.0359172 -0.0714798 1.01045 120 -0.0351107 -0.0561866 0.998567 37 -0.0428612 -0.0912204 0.980761 30
 -0.0325227 -0.0902462 1.0116 95 -0.0438024 -0.0605879 1.01067 70 -0.0594292 -0.0986553 1.008 13
 -0.0047695 0.00994982 0.974366 199 -0.00331566 -0.0820868 0.988604 1
 -0.00940285 -0.0014929 0.978306 156 -0.00487463 -0.0171437 1.01005 44
 -0.0112169 -0.0266068 1.01618 83 -0.0168544 -0.0185687 0.983353 74 -0.0342703 -0.0494868 0.994188 38
 -0.0121442 -0.0325201 1.0222 76 -0.0168817 -0.0676594 0.988147 73 -0.0231668 -0.00303635 0.987657 17
 -0.020213 -0.0345512 1.02383 67 -0.0264475 -0.0854759 0.996527 66 -0.071145 -0.0794123 0.997254 48
 -0.0141528 -0.107184 0.988023 63 -0.0242313 -0.0762218 0.999244 62 -0.0165942 -0.0437321 1.03494 27
 -0.00820236 0.00617759 0.980082 199 -0.0304307 -0.0254303 0.999264 1
 -0.012802 -0.0117688 0.985941 89 -0.0179311 -0.0997476 0.990331 82 -0.0133414 -0.016532 1.00788 20
 -0.0178357 -0.0952694 0.991178 136 -0.0189083 -0.0278066 1.01902 48 -0.0236704 -0.0498024 0.973863 11
 -0.021857 -0.10296 0.99899 163 -0.012264 -0.0558782 1.02575 32 -0.0211081 -0.0628552 0.986476 5
 -0.022465 -0.109859 0.999102 109 -0.0301724 -0.122852 1.00717 57 -0.0269444 -0.117895 1.00381 28
 -0.0398921 -0.135902 1.01769 200
 -0.0686618 -0.147302 1.02792 200
 -0.0572763 -0.0646387 1.00729 38 -0.0554243 -0.0989675 1.00503 6
 -0.0527225 -0.106894 0.99741 10 -0.0247872 -0.0920853 1.01005 7
 -0.0636177 -0.105301 1.00355 97 -0.0584114 -0.0717725 1.0081 63 -0.0338221 -0.0990166 1.00548 16
 -0.0382695 -0.0503745 1.00096 2 -0.0476724 -0.109715 0.992727 1
 -0.0488869 -0.0789552 0.99874 53 -0.0277839 -0.0380295 1.0067 41 -0.0771979 -0.156474 1.04249 29
