 -0.167362 -0.142588 0.864558 99 -0.134642 -0.0984473 0.870812 37 -0.106819 -0.103037 0.864117 17
 -0.15832 -0.144029 0.87389 88 -0.138629 -0.1041 0.875284 55 -0.163299 -0.124342 0.835297 25
 -0.147625 -0.151836 0.888606 83 -0.141261 -0.111741 0.883416 62 -0.157197 -0.120318 0.841051 28
 -0.138703 -0.149095 0.894874 150 -0.100571 -0.0931139 0.872645 23 -0.159345 -0.110349 0.842175 17
 -0.123532 -0.153044 0.901071 94 -0.138646 -0.149392 0.894037 45 -0.105584 -0.0982086 0.875943 32
 -0.131 -0.151881 0.904759 169 -0.125521 -0.106692 0.89793 22 -0.106166 -0.119552 0.909023 5
 -0.101022 -0.0851507 0.873818 128 -0.0490103 -0.156973 0.951618 26 -0.140018 -0.0996392 0.872774 16
 -0.104698 -0.127979 0.917089 59 -0.10659 -0.092794 0.885379 52 -0.0587298 -0.144723 0.954336 26
 -0.132753 -0.111871 0.889138 171 -0.0797824 -0.137603 0.924132 10 -0.138548 -0.104995 0.854291 8
 -0.136639 -0.0983217 0.888471 165 -0.106428 -0.126437 0.910597 24 -0.144762 -0.0983954 0.842044 8
 -0.108348 -0.11771 0.912907 134 -0.112089 -0.14483 0.901705 47 -0.0721343 -0.136854 0.921211 12
 -0.111162 -0.125317 0.911524 129 -0.080171 -0.149819 0.918285 71
 -0.0788654 -0.0926156 0.855853 92 -0.0994461 -0.0832973 0.872986 73 -0.0491815 -0.108548 0.90523 13
 -0.115194 -0.111768 0.895381 82 -0.119917 -0.110943 0.894408 31 -0.0855169 -0.131736 0.917087 29
 -0.0868969 -0.120565 0.917405 96 -0.0915138 -0.121809 0.91834 39 -0.126028 -0.122464 0.903131 18
 -0.0928719 -0.125611 0.920664 60 -0.113011 -0.0957985 0.89488 35 -0.129602 -0.0977128 0.887544 32
 -0.0922771 -0.112286 0.910631 72 -0.108448 -0.116086 0.914115 71 -0.100467 -0.116077 0.914625 54
 -0.082361 -0.129757 0.923277 148 -0.092962 -0.147027 0.91931 35 -0.12457 -0.129459 0.90979 6
 -0.0544075 -0.0951005 0.898871 86 -0.0555604 -0.0915272 0.859142 68 -0.0842542 -0.149137 0.914747 16
 -0.0564333 -0.108068 0.905199 110 -0.0585171 -0.101621 0.866668 59 -0.0552768 -0.184042 0.992335 11
 -0.0667385 -0.111197 0.907289 59 -0.0527032 -0.131088 0.921275 44 -0.125562 -0.112492 0.896969 32
 -0.0585379 -0.0997754 0.908541 80 -0.0472628 -0.133524 0.921794 55 -0.0594947 -0.0863608 0.870852 32
 -0.0621885 -0.115606 0.910234 136 -0.118034 -0.105735 0.904946 20 -0.114216 -0.0982426 0.865463 17
 -0.0745953 -0.142444 0.927417 30 -0.11171 -0.129172 0.913068 9 -0.0521506 -0.145909 0.944151 5
 -0.0523071 -0.220907 1.01141 86 -0.0513489 -0.210147 0.991316 41 -0.0925796 -0.0816107 0.853944 35
 -0.0596258 -0.109757 0.905632 42 -0.0668253 -0.210389 1.01779 38 -0.0757314 -0.0934763 0.848512 36
 -0.0672882 -0.105234 0.899109 162 -0.0678109 -0.10049 0.864194 38
 -0.0633017 -0.113732 0.912596 165 -0.114108 -0.160923 0.917814 19 -0.0897025 -0.172489 0.923762 14
 -0.0634021 -0.128404 0.926692 89 -0.12048 -0.150414 0.910068 40 -0.101737 -0.164877 0.918493 31
 -0.072247 -0.133019 0.920114 49 -0.120322 -0.143341 0.911284 23 -0.111425 -0.141334 0.90818 22
 -0.0649914 -0.141321 0.924915 104 -0.0878833 -0.152904 0.917269 20 -0.141321 -0.109052 0.853139 18
 -0.0733006 -0.132314 0.920682 50 -0.0683579 -0.137898 0.929677 18 -0.0577604 -0.148405 0.953875 4
 -0.0910103 -0.128457 0.926706 95 -0.113762 -0.145067 0.885996 4 -0.0769264 -0.137145 0.889135 2
 -0.121724 -0.13348 0.906188 158 -0.102525 -0.148404 0.911979 42
 -0.072591 -0.148317 0.913165 2
 -0.0729194 -0.145603 0.929367 18 -0.0743803 -0.170571 0.933664 4 -0.115504 -0.114498 0.911196 3
