 -0.0594324 0.0652123 0.913511 70 -0.0857325 0.0710961 0.827169 53 -0.143018 0.0303341 1.00088 53
 -0.0704762 0.0682786 0.907804 70 -0.0914926 0.0788428 0.837292 57 -0.13833 0.0296511 1.004 31
 -0.0552473 0.0817125 0.805423 47 -0.0863738 0.0569438 0.885117 38 -0.095249 0.0998137 0.879538 32
 -0.0985923 0.107437 0.888145 45 -0.0887816 0.0641734 0.880739 40 -0.0766663 0.0592861 0.811359 22
 -0.0772724 0.0814762 0.920488 48 -0.0759683 0.113429 0.86807 37 -0.0715376 0.0783777 0.813124 36
 -0.0873352 0.0641005 0.884936 48 -0.0847938 0.0608278 0.886583 41 -0.0779313 0.0855352 0.831806 40
 -0.0547987 0.0697902 0.918585 64 -0.0817644 0.0921747 0.839616 45 -0.0349573 0.0988819 0.850256 31
 -0.0762902 0.081337 0.822139 45 -0.0867739 0.101517 0.880421 40 -0.0681485 0.0826991 0.922766 31
 -0.0699179 0.102608 0.861825 72 -0.0889443 0.103196 0.88091 58 -0.0800321 0.0818216 0.832162 19
 -0.0817692 0.112446 0.880273 66 -0.0858625 0.111696 0.883519 47 -0.081431 0.0808222 0.829788 31
 -0.0599191 0.0896473 0.815504 63 -0.0694569 0.0841519 0.921111 36 -0.0864284 0.0704101 0.845475 35
 -0.0924333 0.0672009 0.88268 49 -0.0739435 0.0717193 0.821436 38 -0.0797116 0.0847795 0.919629 26
 -0.021291 0.0977059 0.858961 68 -0.0311062 0.0967813 0.922296 48 -0.0655301 0.116913 0.857492 47
 -0.0567968 0.109811 0.853717 70 -0.0520018 0.0895982 0.920698 39 -0.0612207 0.110541 0.854177 34
 -0.0615286 0.0998737 0.8581 113 -0.059459 0.0880726 0.815988 46 -0.0741315 0.0930342 0.910487 22
 -0.070403 0.108337 0.866874 101 -0.0769659 0.0872506 0.837308 47 -0.0698941 0.0856164 0.917606 30
 -0.0673528 0.0900228 0.916897 128 -0.0630015 0.0951471 0.812767 28 -0.0502144 0.0539867 0.918416 20
 -0.0798822 0.0925807 0.842482 94 -0.0736448 0.0727877 0.925277 58 -0.0784732 0.101817 0.882153 16
 -0.0289713 0.110303 0.8542 86 -0.0373034 0.101589 0.918019 63 -0.0334875 0.11107 0.852354 45
 -0.0380525 0.0986852 0.858943 135 -0.0439472 0.0973794 0.9194 35 -0.0433367 0.0963488 0.802218 17
 -0.0384639 0.0990632 0.861028 100 -0.0450953 0.0955737 0.923907 67 -0.0512383 0.0846996 0.812721 22
 -0.0434315 0.103007 0.860527 67 -0.0540695 0.0906567 0.922039 46 -0.0736329 0.117351 0.866045 27
 -0.0588669 0.0697415 0.929068 105 -0.0462758 0.0969411 0.921889 47 -0.0765697 0.104884 0.866221 22
 -0.0927147 0.104686 0.887719 20 -0.0724617 0.108486 0.866274 12 -0.0751568 0.047362 0.930877 5
 -0.02701 0.105457 0.859241 96 -0.0354937 0.0901058 0.921734 88 -0.142456 0.059601 1.01737 8
 -0.0387977 0.100043 0.857435 79 -0.0392358 0.103106 0.914782 48 -0.0775507 0.0460645 0.898618 37
 -0.050006 0.0920035 0.927837 157 -0.077422 0.0522516 0.904867 14 -0.119309 0.022171 1.00707 9
 -0.052066 0.0896796 0.931887 135 -0.0822599 0.0442371 0.917773 20 -0.0926342 0.11234 0.894346 11
 -0.0671406 0.0687152 0.944766 71 -0.0770546 0.0516805 0.915457 1 -0.0498357 0.083575 0.91072 1
 -0.0586029 0.0701574 0.941194 90 -0.0520212 0.0857908 0.933031 17 -0.0919534 0.0399902 0.982135 5
 -0.0910037 0.0566253 0.895991 75 -0.107881 0.0228849 0.992655 34 -0.0630238 0.0629631 0.929255 31
 -0.0836013 0.0525018 0.917643 30 -0.0585094 0.0722272 0.933935 25 -0.140009 0.0444441 1.03257 1
 -0.0738103 0.0687299 0.8754 2.28115
 -0.0806458 0.0634751 0.906851 79 -0.0597645 0.103149 0.858118 22 -0.0621041 0.0820647 0.921913 17
 -0.0704083 0.0765121 0.917688 13
 -0.0811914 0.0532177 0.91996 67 -0.0913981 0.0405197 0.964549 7 -0.0950668 0.0603806 0.888755 5
