 -0.194824 -0.0176164 1.02186 152 -0.174854 -0.0379283 1.01371 29 -0.125654 0.030527 1.05248 19
 -0.189742 -0.0291421 1.02089 174 -0.172919 -0.0496158 1.01598 22 -0.125959 0.0255456 1.05158 4
 -0.18352 -0.0433591 1.02281 197 -0.149011 -0.0482532 1.01367 1 -0.136398 0.0147674 1.05344 1
 -0.176933 -0.0481179 1.01785 83 -0.0816273 -0.092627 0.989978 46 -0.0856515 -0.108584 0.991961 40
 -0.171121 -0.0529796 1.01599 89 -0.0837006 -0.10508 0.999504 41 -0.0796705 -0.0914592 0.998095 27
 -0.131922 -0.115967 0.981853 98 -0.162206 -0.068242 1.00862 96 -0.13955 0.00315733 1.05812 5
 -0.155561 0.00974735 1.05592 156 -0.11995 0.0145396 1.05846 36 -0.199095 -0.020281 1.02471 3
 -0.154918 -0.00508327 1.05234 188 -0.1255 0.0119349 1.06102 8 -0.15388 -0.0656486 1.00004 2
 -0.152466 -0.025512 1.04788 100 -0.149688 -0.0285434 1.04325 88 -0.147853 -0.031055 1.03999 5
 -0.151427 -0.0285257 1.03855 100 -0.146336 -0.0394015 1.03607 66 -0.123295 -0.0164855 1.04836 22
 -0.144413 -0.0408145 1.039 158 -0.106124 -0.0265206 1.03634 18 -0.12759 -0.0723734 1.0105 9
 -0.13592 -0.059806 1.03159 132 -0.133505 -0.0630739 1.03038 61 -0.134415 -0.122306 0.988966 4
 -0.122971 0.0245552 1.05135 189 -0.0594369 -0.0406752 0.994007 7 -0.152937 0.00278816 1.06032 2
 -0.127794 0.0116649 1.05334 194 -0.105735 -0.0216497 1.01475 6
 -0.128882 -0.00749823 1.05329 190 -0.0964923 -0.0335749 0.992097 4 -0.113785 -0.159666 1.00996 3
 -0.128233 -0.0127669 1.04973 171 -0.0918843 -0.0396299 1.02066 11 -0.139443 -0.0429223 1.03151 6
 -0.118686 -0.0448078 1.03913 92 -0.120963 -0.0377844 1.04133 59 -0.122684 -0.0415424 1.03914 27
 -0.117921 -0.0513893 1.04138 173 -0.112954 -0.0220864 1.03363 18 -0.130595 -0.00935548 1.06686 5
 -0.123164 0.0311447 1.05089 129 -0.154155 0.0044234 1.0543 27 -0.0663187 -0.0199819 0.984645 24
 -0.126718 0.0200724 1.05591 142 -0.153345 -0.00384679 1.06414 34 -0.0737691 -0.0305287 0.988551 20
 -0.0771895 -0.0495345 0.995135 139 -0.144879 0.0121246 1.05585 19 -0.127992 -0.00707704 1.03259 19
 -0.0939093 -0.0308922 1.03051 52 -0.0637046 -0.0477216 0.994318 41 -0.153441 0.000899531 1.05988 31
 -0.10137 -0.0402646 1.02984 183 -0.153493 -0.0279973 1.03424 5 -0.0867118 -0.0360041 0.999683 4
 -0.111688 -0.0592027 1.03737 184 -0.126325 -0.0274081 1.05275 11 -0.0950819 -0.0387318 1.00012 5
 -0.0664974 -0.0261654 0.98717 150 -0.124774 0.0259905 1.05646 44 -0.0731816 -0.0464577 1.03261 4
 -0.0755114 -0.0378328 0.988764 189 -0.0806581 -0.0514759 1.02299 7 -0.202129 -0.0202467 1.03327 2
 -0.0782714 -0.0590286 1.00318 183 -0.0865202 -0.0586958 1.03679 10 -0.0910928 -0.106376 0.989182 7
 -0.0847192 -0.0848365 0.995572 200
 -0.0895246 -0.104529 0.994877 200
 -0.100946 -0.126033 0.9965 181 -0.135827 -0.0619129 1.02461 18 -0.106566 -0.0955884 1.00593 1
 -0.112269 -0.137388 0.993089 157 -0.156085 -0.0674775 0.998172 11 -0.130263 -0.0935623 0.993583 10
 -0.102847 -0.139273 1.00923 24
 -0.125978 -0.0599306 1.03949 183 -0.156775 -0.0272371 1.05534 10 -0.10643 -0.147249 1.01489 4
 -0.136079 -0.0916031 0.998371 200
 -0.13371 0.00947758 1.05054 27 -0.128558 -0.0402384 1.04349 13 -0.112188 -0.0902301 0.993318 10
 -0.116223 -0.095511 1.00393 18 -0.117987 -0.144095 0.999621 16 -0.137318 -0.155312 0.999221 1
