 -0.194897 0.0193173 0.91926 120 -0.158485 0.0484306 0.906238 53 -0.205241 -0.00649107 0.969511 6
 -0.192208 0.0087867 0.921046 101 -0.166133 0.0380865 0.913917 52 -0.191809 0.000903636 0.95542 39
 -0.192691 -0.00474209 0.961675 120 -0.189686 0.0156427 0.924323 54 -0.198684 -0.040273 0.98176 16
 -0.193094 -0.00402254 0.961981 64 -0.190099 -0.0669607 0.984144 52 -0.194658 -0.0100391 0.96733 47
 -0.193118 -0.0164416 0.972929 126 -0.191294 -0.0665187 0.992774 55 -0.189026 0.0146326 0.927243 16
 -0.189704 -0.0184992 0.97661 180 -0.191219 0.0157437 0.932345 16 -0.16743 -0.0404741 0.957821 2
 -0.160551 0.0415176 0.911992 133 -0.156169 0.0443154 0.934539 35 -0.180234 0.0170118 0.921894 14
 -0.162334 0.0330181 0.942755 101 -0.166568 0.0350059 0.916933 54 -0.178559 0.0112354 0.946341 13
 -0.166101 0.0110439 0.966751 93 -0.184876 -0.0246779 0.973505 80 -0.169692 0.0185873 0.935874 18
 -0.179772 -0.0131052 0.974509 53 -0.185233 -0.0485341 0.984474 46 -0.155965 0.0165951 0.969713 39
 -0.172285 -0.00511192 0.973522 177 -0.154491 0.0103679 0.976479 16 -0.182131 0.0148719 0.953888 4
 -0.170423 -0.0121426 0.977349 75 -0.174716 0.00103385 0.973721 57 -0.172967 -0.00450216 0.975217 43
 -0.155041 0.0431278 0.910753 153 -0.156663 0.0384743 0.932868 37 -0.156383 0.0391606 0.927811 5
 -0.161496 0.0277382 0.946904 155 -0.159772 0.0358655 0.920161 40 -0.161153 0.0343388 0.925145 5
 -0.164676 -0.000682535 0.972225 109 -0.164595 0.00953649 0.967871 84 -0.16364 0.0232708 0.921463 7
 -0.16765 -0.0150318 0.979349 92 -0.164787 -0.00231499 0.974844 61 -0.166033 -0.0069364 0.976433 29
 -0.160777 0.00525261 0.977038 53 -0.161634 -0.0206057 0.9871 50 -0.161399 -0.0287423 0.988429 37
 -0.161483 -0.0120277 0.98806 107 -0.158325 -0.00321006 0.984884 67 -0.160245 -0.00824412 0.986649 25
 -0.161627 0.0465003 0.908703 108 -0.126886 0.0205324 0.957714 59 -0.150308 0.0327797 0.954674 16
 -0.130449 0.00953196 0.963532 121 -0.166144 0.0362798 0.918992 43 -0.159367 0.0346071 0.941423 17
 -0.135233 -0.00934699 0.978641 61 -0.155888 0.0273916 0.951895 57 -0.130652 0.0151243 0.961941 47
 -0.135671 0.0124002 0.96937 84 -0.140133 -0.026045 0.984067 41 -0.15817 0.0430418 0.951558 39
 -0.13956 -0.00497187 0.979729 198 -0.140198 0.0168279 0.966957 2
 -0.153289 -0.0143895 0.986624 53 -0.177215 0.0114544 0.972323 6 -0.187501 -0.0160461 0.9798 3
 -0.124356 0.00843952 0.969436 117 -0.16031 0.0480047 0.912831 71 -0.127349 -0.0329965 0.910278 9
 -0.130784 -0.000166617 0.977842 166 -0.136528 -0.0380845 0.916492 14 -0.125508 -0.0391262 0.955523 9
 -0.138145 -0.0150548 0.9788 87 -0.130216 -0.0400563 0.953332 69 -0.156107 0.00728603 0.977508 23
 -0.128748 -0.050272 0.970424 104 -0.135538 -0.0314662 0.984716 56 -0.151862 -0.00865838 0.985407 23
 -0.147505 -0.0651387 0.98475 106 -0.145059 -0.0619 0.978621 77 -0.149413 -0.0754596 1.03112 9
 -0.1536 -0.0604266 0.983671 160 -0.152065 -0.0836158 1.01709 14 -0.155168 -0.0160285 0.979831 14
 -0.168235 -0.0840003 1.02265 155 -0.169402 -0.0706943 1.00364 20 -0.136039 -0.0314499 0.920882 13
 -0.15192 -0.0833439 1.03556 59 -0.174633 -0.053394 0.993875 31 -0.139267 -0.0543408 0.970212 14
 -0.164441 -0.0441902 0.979614 48 -0.153664 -0.0797273 1.00383 17 -0.158723 -0.0892394 1.03955 3
 -0.182464 -0.0359998 0.986559 197 -0.147606 0.0207457 0.970047 3
 -0.163764 -0.07049 1.00539 13 -0.169538 -0.0470513 0.992115 5
 -0.17332 -0.0907536 1.03557 42 -0.174706 -0.0252172 0.97758 2 -0.151126 0.00412495 0.974939 2
