 0.0817923 -0.062614 0.944237 81 0.103083 -0.10514 0.949095 64 0.0112793 -0.0952309 0.973518 43
 0.0703611 -0.0598936 0.940319 79 0.0086823 -0.0902646 0.978274 64 0.0959577 -0.110557 0.951911 29
 0.0554331 -0.0598542 0.939674 88 0.013834 -0.085478 0.973913 88 0.014294 -0.0555073 0.968378 12
 0.0121811 -0.0707554 0.974719 84 0.0266406 -0.0521319 0.967826 28 0.054106 -0.0693572 0.946431 27
 0.00680977 -0.0706486 0.97231 68 0.0300603 -0.0879149 0.95638 65 0.0701173 -0.114217 0.965359 30
 0.0166069 -0.0639318 0.970458 111 0.0540295 -0.117814 0.977604 57 0.0582182 -0.045393 0.966767 19
 0.0381782 -0.0918947 0.964537 103 0.0844326 -0.0621469 0.947813 71 0.0581524 -0.0504293 0.94633 21
 0.0250102 -0.0636665 0.968709 78 0.070523 -0.0479849 0.950738 77 0.0421543 -0.0756118 0.948879 41
 0.0632683 -0.0625473 0.94726 148 0.032408 -0.0617035 0.970731 29 0.029348 -0.0698046 0.970562 21
 0.0310813 -0.0543303 0.972832 74 0.0599705 -0.0591744 0.945586 54 0.0587985 -0.067266 0.948671 20
 0.0418243 -0.0633941 0.95424 158 0.041742 -0.0588577 0.965054 30 0.0563758 -0.10052 0.967537 7
 0.0442445 -0.0833671 0.958546 83 0.0293484 -0.0621308 0.97338 48 0.0385927 -0.0807746 0.957633 39
 0.092352 -0.0609946 0.945195 91 0.0803023 -0.032481 0.951465 63 0.0605176 -0.0489395 0.965691 41
 0.0704951 -0.0471624 0.945378 88 0.0892362 -0.0655365 0.940032 63 0.0566266 -0.0752296 0.944692 39
 0.0598445 -0.0494624 0.981363 82 0.0667526 -0.0769723 0.948808 57 0.0552255 -0.0659597 0.954232 27
 0.0552658 -0.0443617 0.982534 62 0.0667254 -0.0436523 0.95389 35 0.0798747 -0.0778677 0.953496 33
 0.0450483 -0.0675027 0.956353 171 0.0852445 -0.074191 0.951377 16 0.0523464 -0.0381619 0.988709 10
 0.0267094 -0.0722143 0.97098 76 0.0471424 -0.0681589 0.958443 42 0.0389362 -0.0761412 0.965915 32
 0.0854169 -0.0317698 0.94508 134 0.102833 -0.106409 0.950588 61 0.0862519 -0.0709193 0.939206 5
 0.0809416 -0.0434585 0.944703 148 0.0908541 -0.109621 0.95803 39 0.035218 -0.0414632 0.967209 13
 0.0805368 -0.0537914 0.948197 128 0.0758222 -0.111331 0.967679 43 0.0442621 -0.0319896 0.967592 15
 0.0812125 -0.0395409 0.952809 141 0.0645974 -0.104657 0.976367 32 0.0529376 -0.0369533 0.983535 12
 0.0646637 -0.0689812 0.951373 78 0.0664334 -0.10598 0.943525 27 0.0497547 -0.121386 0.985469 24
 0.0298663 -0.0619465 0.978025 108 0.0575126 -0.0830008 0.954136 12 0.0304464 -0.156853 1.03772 3
 0.106954 -0.10781 0.951631 122 0.0920737 -0.0583568 0.945946 48 0.0807998 -0.039525 0.952145 29
 0.0918142 -0.105082 0.963291 108 0.0815449 -0.0439245 0.952554 70 0.039781 -0.0523137 0.975041 15
 0.0781695 -0.112717 0.969617 117 0.0602133 -0.0807577 0.955951 26 0.077593 -0.0614834 0.941635 24
 0.0643957 -0.100997 0.968417 87 0.0588468 -0.119367 0.983205 72 0.0640882 -0.0801535 0.954707 30
 0.0457046 -0.11013 0.977563 124 0.0350601 -0.133275 1.00561 20 0.0830679 -0.0553812 0.94956 19
 0.0384489 -0.108109 0.976838 180 0.0185736 -0.157879 1.03292 13 0.0249628 -0.140169 1.01216 5
 -0.00147933 -0.148678 1.03148 180 -0.00361211 -0.125105 1.0222 19 0.019062 -0.094039 0.984134 1
 0.00884677 -0.14397 1.0314 33 0.0165554 -0.0753112 0.97731 14
 0.0293081 -0.0974383 0.978139 24 0.044974 -0.0639742 0.972691 12 0.0209426 -0.120583 1.00082 5
 0.0246233 -0.0837892 0.972977 69 0.0384737 -0.111643 0.979928 41 0.030646 -0.131665 1.00329 39
 0.0114436 -0.10613 1.00455 185 0.0437772 -0.0747885 0.965407 15
 -0.0091115 -0.148604 1.04249 125 0.0209521 -0.0814221 0.980673 39 0.0676822 -0.0981613 0.9688 4
