 -0.0558968 -0.0908248 0.909283 156 -0.0427489 -0.0913952 0.942132 20 -0.0237036 -0.0651755 0.939335 11
 -0.0541245 -0.102417 0.91765 91 -0.0538984 -0.0985142 0.914064 81 -0.0388507 -0.0784283 0.93479 26
 -0.0485806 -0.109798 0.932677 178 -0.0449971 -0.0840309 0.937077 22
 -0.0461091 -0.120492 0.939446 190 -0.0511255 -0.14326 0.956108 5 -0.0580304 -0.0722419 0.924317 3
 -0.0389603 -0.133817 0.942084 183 -0.0558059 -0.0811284 0.921252 6 -0.0110045 -0.0696025 0.934835 5
 -0.0333029 -0.139976 0.944509 85 -0.036044 -0.134348 0.944705 53 -0.0483018 -0.0959994 0.953228 47
 -0.0241765 -0.058349 0.922359 157 -0.00500598 -0.0772506 0.968161 32 -0.0329378 -0.0817682 0.944893 9
 -0.0288703 -0.0724563 0.935442 149 -0.0363627 -0.0999038 0.949996 36 -0.0222484 -0.0823036 0.967261 10
 -0.0316369 -0.0881619 0.948955 124 -0.0304438 -0.0786272 0.937936 43 -0.030878 -0.0842549 0.945554 11
 -0.0307452 -0.0951464 0.957662 118 -0.0341449 -0.072692 0.938328 49 -0.0504884 -0.0947154 0.909191 12
 -0.0239096 -0.115442 0.959696 157 -0.0302988 -0.0853381 0.956981 22 -0.0258182 -0.0850752 0.962681 15
 -0.0254082 -0.106935 0.968424 98 -0.0232218 -0.115323 0.965778 38 -0.0261926 -0.0999789 0.96922 19
 -0.0137542 -0.0512538 0.922913 172 0.00853363 -0.0636079 0.94899 22 0.0301316 -0.079497 0.941658 3
 -0.0228528 -0.0688937 0.936462 115 -0.00644203 -0.0753194 0.965396 49 0.00410891 -0.0796482 0.952846 23
 -0.0288914 -0.0871877 0.945891 98 -0.0102776 -0.0928834 0.977196 71 -0.00217426 -0.0652011 0.957761 18
 -0.00903196 -0.0821065 0.970836 91 0.00230287 -0.135218 0.974138 38 -0.0102385 -0.0947738 0.976139 21
 -0.00439794 -0.0714287 0.962279 124 -0.0149853 -0.113353 0.975896 47 -0.0113799 -0.104072 0.980337 28
 -0.00256315 -0.0916201 0.988865 171 -0.0280801 -0.143294 0.947205 17 0.0182139 -0.0934221 0.971003 12
 0.036732 -0.0795735 0.941131 172 -0.00389388 -0.0517529 0.924628 25 0.0139173 -0.207221 0.974995 1
 0.0327195 -0.0857046 0.950836 142 -0.00293077 -0.0597814 0.950845 58
 0.00462976 -0.0727342 0.959987 89 0.0320016 -0.103743 0.962648 44 0.030842 -0.107965 0.967491 36
 0.0265122 -0.120399 0.971921 68 0.0265827 -0.125727 0.971735 41 -0.0371672 -0.0765465 0.936459 29
 0.0197364 -0.148807 0.974436 118 0.00961422 -0.081689 0.969534 41 -0.03485 -0.0917366 0.947855 26
 0.00212075 -0.115619 0.980086 148 0.00368047 -0.158358 0.978256 47 0.0060118 -0.072334 0.968843 2
 0.0435059 -0.0999867 0.965184 76 0.0373743 -0.082827 0.947829 75 0.040528 -0.0913071 0.95535 16
 0.0362976 -0.10879 0.970252 123 -0.0212271 -0.222015 0.993381 77
 0.0297154 -0.123306 0.978116 182 -0.021178 -0.200981 1.00491 12 -0.0218574 -0.189553 0.989515 3
 0.0270981 -0.13944 0.978908 200
 0.0221638 -0.156289 0.977292 191 -0.00777471 -0.158548 0.962277 4 0.0147978 -0.187313 0.986641 3
 0.013497 -0.166433 0.974569 184 -0.0108051 -0.126765 0.977442 16
 -0.00762768 -0.182833 0.970056 78 -0.0190956 -0.16595 0.955465 56 -0.0326533 -0.142579 0.949136 29
 0.00888626 -0.178811 0.979656 9 0.00543834 -0.109392 0.986389 7 0.0167369 -0.123131 0.976994 4
 -0.0166931 -0.122024 0.980959 72
 -0.0249186 -0.136211 0.960491 200
 -0.0120329 -0.122324 0.987125 14
 -0.0085507 -0.171254 0.960782 15 -0.0300621 -0.105836 0.960591 15 -0.0125549 -0.195525 0.992847 7
