 0.0654661 -0.13536 0.90785 105 0.0804215 -0.139899 0.93275 44 0.0762774 -0.139642 0.927315 23
 0.0694208 -0.107958 0.905619 82 0.0707151 -0.102073 0.905212 31 0.142349 -0.0914132 0.916767 28
 0.0675604 -0.102668 0.910953 58 0.00329659 -0.18175 0.972967 49 0.127471 -0.0858663 0.920199 26
 0.0652844 -0.114798 0.912908 86 0.0247412 -0.18051 0.950763 36 0.044493 -0.139496 0.914217 30
 0.0589169 -0.125907 0.922677 84 -0.00836879 -0.18181 0.966845 24 0.0413867 -0.143025 0.915542 19
 0.0558555 -0.14084 0.9223 164 -0.0133593 -0.177945 0.988409 12 0.0639578 -0.160302 0.948497 8
 0.0769621 -0.0983869 0.907626 79 0.124894 -0.102443 0.943469 37 0.100233 -0.0816177 0.885908 26
 0.115708 -0.111302 0.942353 54 0.0715509 -0.105501 0.90924 46 0.0885285 -0.0870052 0.893411 31
 0.0764539 -0.104124 0.907266 114 0.0983763 -0.112572 0.954629 37 0.0695292 -0.164661 0.95424 35
 0.0692322 -0.112347 0.913821 68 0.0635347 -0.122933 0.918872 39 0.0661243 -0.118646 0.916849 30
 0.0651843 -0.122379 0.924331 54 0.083965 -0.131832 0.959751 50 0.0610468 -0.143271 0.939395 45
 0.0728491 -0.146183 0.914105 54 0.0190285 -0.1735 0.97672 49 0.0410264 -0.140196 0.925924 47
 0.137672 -0.116297 0.945551 105 0.150759 -0.0889919 0.912122 37 0.109003 -0.0910972 0.892005 31
 0.0645444 -0.178968 0.948362 52 0.132886 -0.12419 0.941452 41 0.132276 -0.0820542 0.908763 37
 0.111907 -0.115026 0.953957 91 0.084199 -0.117024 0.926055 52 0.0880291 -0.114716 0.927964 25
 0.058593 -0.123986 0.919336 57 0.0871846 -0.116983 0.930305 56 0.104136 -0.125606 0.962649 40
 0.097731 -0.13249 0.967698 50 0.0825269 -0.141622 0.964846 44 0.0959481 -0.128845 0.966301 34
 0.101964 -0.119647 0.966883 73 0.0854479 -0.103319 0.933532 44 0.099202 -0.122871 0.967364 44
 0.141252 -0.0844952 0.908171 94 0.147158 -0.140086 0.93172 90 0.0951992 -0.0910785 0.915767 12
 0.136926 -0.0930946 0.913467 102 0.141281 -0.135771 0.93797 57 0.129057 -0.109363 0.943188 26
 0.12924 -0.0960568 0.916212 78 0.135239 -0.107186 0.939822 24 0.119966 -0.154646 0.952101 24
 0.12521 -0.0860302 0.911942 48 0.100969 -0.0906929 0.901011 39 0.122334 -0.103247 0.951077 37
 0.128999 -0.104481 0.948498 83 0.0558761 -0.131145 0.923691 25 0.0971213 -0.119415 0.963468 24
 0.0994536 -0.139169 0.969352 13 0.0375075 -0.165519 0.942287 6 0.116836 -0.134754 0.951761 5
 0.147683 -0.150539 0.936451 103 0.141403 -0.0820282 0.907225 93 0.12084 -0.0923752 0.941937 2
 0.128182 -0.15598 0.951805 161 0.134339 -0.0915664 0.913103 31 0.103805 -0.101069 0.949238 3
 0.113298 -0.160566 0.963506 144 0.133696 -0.0831925 0.901389 17 0.14715 -0.13287 0.940427 17
 0.0961962 -0.168422 0.962308 165 0.135358 -0.0940733 0.914254 17 0.127954 -0.128584 0.941988 7
 0.118173 -0.14797 0.958688 57 0.0670023 -0.168832 0.937248 32 0.100492 -0.164401 0.960715 24
 0.0785691 -0.15198 0.946339 58 0.0774779 -0.177075 0.956734 49 0.0453344 -0.178038 0.939383 41
 0.019737 -0.176379 0.971688 177 0.0750952 -0.111282 0.911892 13 0.0885337 -0.141965 0.964081 6
 0.0901577 -0.149866 0.958661 6 0.116572 -0.140236 0.962559 3
 0.0959048 -0.106919 0.95793 20 0.0897115 -0.131554 0.968496 13 0.0672575 -0.138426 0.946463 13
 0.0762677 -0.138146 0.955544 38 0.0482761 -0.140194 0.928561 25 0.0846928 -0.10484 0.908061 20
 0.0397563 -0.137999 0.922436 58 0.0374278 -0.149767 0.94597 10 0.0814353 -0.145615 0.968617 10
 0.0209849 -0.178841 0.971418 28 0.0404933 -0.167215 0.937159 6 0.0763445 -0.113633 0.920193 1
