 0.149623 -0.153696 0.881589 75 0.173919 -0.186548 0.844462 33 0.208159 -0.156949 0.839507 31
 0.161639 -0.151204 0.873187 72 0.199785 -0.127219 0.907289 37 0.201889 -0.163002 0.843754 27
 0.152528 -0.20518 0.890806 46 0.180779 -0.134084 0.917461 30 0.168021 -0.155397 0.861047 19
 0.136929 -0.189088 0.898703 73 0.157931 -0.203946 0.884364 40 0.143842 -0.147251 0.879565 19
 0.133483 -0.183358 0.904585 102 0.160596 -0.135339 0.875635 47 0.155667 -0.199195 0.888815 17
 0.145838 -0.136608 0.882385 46 0.115799 -0.166461 0.904579 38 0.146554 -0.19127 0.912148 30
 0.197699 -0.175855 0.843939 57 0.19249 -0.122824 0.910341 54 0.157084 -0.205398 0.890644 28
 0.180292 -0.117536 0.921965 42 0.155731 -0.183011 0.866129 40 0.19244 -0.154122 0.839517 39
 0.168631 -0.126137 0.926659 42 0.18034 -0.165526 0.850416 33 0.152875 -0.181153 0.884519 29
 0.16994 -0.123035 0.926373 55 0.147942 -0.14734 0.876239 44 0.148611 -0.170294 0.886536 38
 0.151299 -0.164599 0.879421 57 0.179254 -0.155855 0.855318 45 0.148274 -0.162757 0.881439 39
 0.140658 -0.158729 0.885296 105 0.147707 -0.162217 0.88363 88 0.154454 -0.12896 0.871368 7
 0.132576 -0.125175 0.879193 58 0.188369 -0.118483 0.868573 35 0.199637 -0.168962 0.845407 29
 0.192246 -0.161999 0.848079 72 0.153907 -0.194466 0.884476 31 0.180875 -0.128638 0.87785 31
 0.180444 -0.147628 0.856478 103 0.17615 -0.112341 0.912081 22 0.132051 -0.162054 0.887741 21
 0.178168 -0.120617 0.923786 69 0.171847 -0.138765 0.87589 63 0.18932 -0.148314 0.84644 32
 0.162533 -0.139409 0.924918 51 0.142364 -0.137577 0.887344 47 0.1594 -0.14109 0.879525 35
 0.150797 -0.136932 0.888497 186 0.154882 -0.127946 0.927641 7 0.180676 -0.130311 0.916395 4
 0.205236 -0.172164 0.842328 90 0.210517 -0.126198 0.880048 37 0.179052 -0.205899 0.874564 33
 0.20234 -0.164025 0.846358 101 0.20037 -0.126281 0.898677 35 0.138106 -0.133553 0.888923 30
 0.189309 -0.129412 0.915985 102 0.182075 -0.131416 0.871374 59 0.192358 -0.165194 0.845778 39
 0.188469 -0.120575 0.918672 70 0.185237 -0.122901 0.920177 55 0.197877 -0.1597 0.848113 38
 0.184871 -0.127557 0.876373 131 0.182792 -0.128964 0.922662 39 0.151291 -0.120234 0.900643 10
 0.161799 -0.138671 0.884989 58 0.143509 -0.134787 0.902088 25 0.190226 -0.137102 0.883405 24
 0.212399 -0.157819 0.844332 157 0.191872 -0.202268 0.862941 26 0.154125 -0.15497 0.871052 8
 0.192803 -0.171942 0.848141 113 0.192486 -0.128291 0.91632 44 0.180548 -0.208496 0.872038 29
 0.19608 -0.173526 0.846416 96 0.172777 -0.177915 0.86105 46 0.207371 -0.138551 0.872109 18
 0.144811 -0.174702 0.886656 83 0.193928 -0.171078 0.846667 37 0.185867 -0.193305 0.866192 22
 0.146143 -0.187389 0.913355 98 0.152416 -0.191717 0.885351 36 0.152648 -0.191087 0.889779 15
 0.131219 -0.18015 0.939098 191 0.144804 -0.156536 0.869871 9
 0.111958 -0.155392 0.964294 200
 0.164325 -0.196998 0.886125 44 0.150525 -0.13244 0.93468 32 0.123088 -0.188642 0.951508 16
 0.169088 -0.146734 0.88026 50 0.144839 -0.160768 0.900436 27
 0.130626 -0.146626 0.921273 84 0.129265 -0.146524 0.926749 45 0.149785 -0.183111 0.898964 32
 0.173901 -0.139508 0.87661 21 0.181175 -0.136438 0.924952 17 0.149972 -0.138433 0.90405 10
 0.101947 -0.167835 0.979019 82 0.1518 -0.134554 0.933291 71 0.124496 -0.136046 0.909194 19
