 0.085132 -0.0935513 0.911153 83 0.0973749 -0.0740024 0.888846 36 0.178787 -0.136308 0.922497 21
 0.0881223 -0.107154 0.913848 111 0.161321 -0.072454 0.90852 35 0.094391 -0.0862209 0.900114 33
 0.0943357 -0.0984721 0.91138 170 0.145293 -0.071425 0.909429 12 0.0557633 -0.182426 0.950202 9
 0.0901919 -0.09493 0.916247 183 0.120285 -0.102783 0.929113 8 0.0674782 -0.18839 0.956331 4
 0.0913944 -0.0963956 0.919366 188 0.0771954 -0.11693 0.908936 5 0.0768908 -0.191264 0.961854 4
 0.0853438 -0.11393 0.921366 166 0.103309 -0.178667 0.948058 33 0.170721 -0.122527 0.938724 1
 0.0989915 -0.0827566 0.901175 97 0.161982 -0.0741555 0.904643 46 0.175509 -0.127687 0.917513 19
 0.146234 -0.0722358 0.91159 80 0.0940327 -0.0998679 0.910551 64 0.111256 -0.074766 0.889947 19
 0.108838 -0.099283 0.921627 154 0.162086 -0.0996945 0.932473 26 0.123146 -0.0802126 0.917331 16
 0.120268 -0.0860292 0.925153 83 0.110124 -0.111868 0.931633 52 0.101814 -0.0926732 0.92409 24
 0.113863 -0.0953766 0.932944 143 0.123987 -0.149836 0.954504 33 0.131339 -0.107763 0.947108 22
 0.125321 -0.114821 0.953963 71 0.106996 -0.105461 0.931169 40 0.1137 -0.103294 0.937701 21
 0.166192 -0.0697697 0.905834 112 0.100273 -0.0759209 0.898145 41 0.129584 -0.0739526 0.915843 23
 0.150517 -0.10923 0.94808 69 0.148504 -0.0744596 0.915549 53 0.15327 -0.072563 0.913399 39
 0.140222 -0.0902102 0.923253 87 0.111837 -0.10036 0.932544 44 0.138406 -0.10866 0.951426 31
 0.115367 -0.110829 0.936389 120 0.160439 -0.1027 0.943993 27 0.130932 -0.0785326 0.919296 22
 0.132172 -0.114395 0.956705 46 0.123438 -0.076946 0.925005 44 0.134867 -0.111471 0.956072 31
 0.134227 -0.107871 0.958226 114 0.137275 -0.104457 0.958082 83 0.0918617 -0.084327 0.900577 2
 0.144168 -0.06743 0.903032 57 0.139787 -0.0698814 0.906791 49 0.180507 -0.142052 0.924213 48
 0.166872 -0.072987 0.909166 78 0.128746 -0.0933899 0.936871 31 0.167329 -0.14174 0.93169 25
 0.151934 -0.095969 0.945253 59 0.151497 -0.0770982 0.909371 53 0.12446 -0.106141 0.947044 45
 0.1459 -0.0939221 0.94858 104 0.138433 -0.126565 0.956644 41 0.13614 -0.0785047 0.920722 36
 0.139124 -0.115613 0.9594 77 0.167358 -0.111251 0.946063 22 0.139633 -0.0776316 0.918664 21
 0.124362 -0.119375 0.96334 109 0.159366 -0.105308 0.951375 69 0.123618 -0.178997 0.938425 8
 0.182841 -0.135032 0.92445 149 0.167202 -0.0688103 0.901048 43 0.146825 -0.167543 0.948671 8
 0.165592 -0.147061 0.942182 155 0.166193 -0.0723104 0.906854 22 0.153707 -0.0738209 0.900092 13
 0.15501 -0.151192 0.95212 146 0.147963 -0.101559 0.955682 32 0.165241 -0.108862 0.939205 12
 0.133159 -0.16269 0.955523 189 0.17162 -0.123965 0.943636 10 0.159218 -0.0772405 0.903736 1
 0.104777 -0.168911 0.937314 97 0.140462 -0.155029 0.959404 52 0.136595 -0.101416 0.923794 42
 0.121199 -0.151392 0.947727 125 0.101152 -0.160338 0.943701 46 0.139406 -0.129964 0.963386 28
 0.0669369 -0.16614 0.964419 96 0.0657693 -0.184297 0.9732 52 0.0965909 -0.122184 0.933291 25
 0.149637 -0.128523 0.936595 7 0.0568349 -0.179753 0.961295 3 0.101703 -0.136319 0.925655 1
 0.11933 -0.118299 0.960113 22 0.105545 -0.150653 0.945274 11 0.0848255 -0.145411 0.942987 10
 0.096035 -0.126971 0.931084 155 0.118305 -0.102072 0.939854 18 0.0922261 -0.19152 0.956442 15
 0.0817593 -0.151827 0.946659 14 0.0787988 -0.154813 0.952153 9 0.0718571 -0.169321 0.975193 1
 0.061827 -0.173758 0.980969 46 0.115786 -0.106753 0.923782 31 0.0652638 -0.181041 0.956488 15
