 0.0893899 -0.110611 0.860507 46 0.103327 -0.109767 0.851923 42 0.0905328 -0.159373 0.888156 35
 0.0762928 -0.196981 0.860634 94 0.0971265 -0.111923 0.85261 56 0.0786617 -0.15568 0.884139 37
 0.0849583 -0.119637 0.857894 77 0.0643383 -0.153362 0.881474 28 0.018764 -0.1924 0.917303 21
 0.0759207 -0.198142 0.878181 46 0.069746 -0.157667 0.87715 46 0.0688983 -0.129661 0.860382 33
 0.0730134 -0.129644 0.88777 73 0.0650158 -0.147523 0.881226 31 0.0412165 -0.195441 0.924171 31
 0.0726627 -0.130444 0.883711 108 -0.00961599 -0.195508 0.995031 27 0.0426492 -0.198539 0.917187 21
 0.0768202 -0.116842 0.86893 171 0.05979 -0.157512 0.895338 8 0.112513 -0.145808 0.889912 7
 0.0662206 -0.119564 0.8928 84 0.0933373 -0.137373 0.889536 24 0.0595283 -0.190886 0.889848 22
 0.0782051 -0.156275 0.888299 112 0.0577486 -0.180059 0.890944 46 0.0555354 -0.152028 0.903219 21
 0.0835886 -0.14698 0.88866 118 0.0561588 -0.16827 0.901174 35 0.0626873 -0.124532 0.904014 14
 0.0691641 -0.164022 0.890763 36 0.0718629 -0.16908 0.886027 35 0.0944676 -0.157853 0.877234 33
 0.0592863 -0.157558 0.9008 59 0.0574154 -0.170861 0.901461 55 0.0573257 -0.164492 0.902163 54
 0.0900365 -0.10877 0.857298 76 0.0861591 -0.110018 0.859986 56 0.129426 -0.152901 0.856596 47
 0.0735403 -0.136084 0.890895 52 0.0987022 -0.111071 0.855656 35 0.0810452 -0.122789 0.870344 29
 0.0763488 -0.149759 0.886372 125 0.107802 -0.140722 0.940796 27 0.0794458 -0.180897 0.871342 16
 0.087044 -0.134905 0.883777 125 0.0969815 -0.15076 0.883964 31 0.100698 -0.126016 0.937396 12
 0.0832669 -0.162139 0.881068 79 0.0703457 -0.157989 0.891624 40 0.0735371 -0.133808 0.888694 39
 0.0824802 -0.157315 0.89281 126 0.0520432 -0.150664 0.905495 28 0.0615864 -0.135788 0.901596 18
 0.107143 -0.103959 0.846922 143 0.132767 -0.160081 0.857124 33 0.117584 -0.151366 0.866309 11
 0.104448 -0.113159 0.851024 90 0.102513 -0.155519 0.86913 68 0.087885 -0.195893 0.837553 27
 0.10481 -0.145227 0.880047 57 0.102082 -0.15889 0.867857 48 0.104694 -0.109476 0.84811 34
 0.102307 -0.153196 0.871584 61 0.100073 -0.149349 0.8798 47 0.107 -0.120867 0.933689 37
 0.0890612 -0.131158 0.887658 69 0.102646 -0.123666 0.935312 54 0.0633979 -0.135049 0.904653 34
 0.0656232 -0.140738 0.899522 88 0.107716 -0.151725 0.871805 12 0.0592677 -0.184718 0.902352 11
 0.133392 -0.15721 0.858133 180 0.0918584 -0.209345 0.853952 11 0.0833791 -0.104504 0.858918 4
 0.116231 -0.158865 0.865103 170 0.075149 -0.199406 0.863717 28 -0.00118412 -0.239181 0.983233 2
 0.113588 -0.159189 0.864981 137 0.0995001 -0.145172 0.889829 24 0.0681433 -0.161156 0.885476 12
 0.098494 -0.163178 0.875796 61 0.0793782 -0.166536 0.892494 57 0.042854 -0.169511 0.923849 20
 0.0664966 -0.189643 0.901894 60 0.0655576 -0.193883 0.907608 44 0.0358996 -0.16698 0.897732 14
 0.0477724 -0.189658 0.916286 134 0.0824347 -0.166824 0.86407 41 0.0243154 -0.196604 0.940531 10
 0.0229109 -0.183683 0.974003 190 0.0373915 -0.173882 0.947781 8 0.0155101 -0.181218 1.00979 2
 0.00461636 -0.195922 0.987121 3
 0.0591476 -0.150796 0.904387 102 0.0284385 -0.174425 0.966402 2
 0.0437337 -0.177792 0.93155 98 0.0652095 -0.159681 0.89922 88 0.0346613 -0.188601 0.951667 12
 0.0482156 -0.164641 0.927085 63 0.0549805 -0.159343 0.914091 32 0.0529215 -0.16076 0.918154 27
 0.0129753 -0.197303 0.976304 95 0.0583271 -0.142874 0.907492 6
