 -0.120872 -0.0558728 0.698187 104 -0.112801 -0.063385 0.736499 31 -0.125639 -0.0514601 0.794072 28
 -0.1123 -0.060136 0.749281 84 -0.123989 -0.0551389 0.702817 59 -0.125268 -0.0482216 0.806474 28
 -0.102241 -0.0629377 0.75843 99 -0.121757 -0.051742 0.7825 30 -0.0531736 -0.0480805 0.769446 21
 -0.0471435 -0.051699 0.766684 46 -0.106438 -0.060947 0.754611 42 -0.10242 -0.0601001 0.759357 28
 -0.106708 -0.0546681 0.761208 66 -0.111969 -0.0481585 0.785701 39 -0.0453554 -0.0587916 0.772376 32
 -0.0373895 -0.0585188 0.756914 58 -0.113426 -0.048981 0.792523 37 -0.120232 -0.0577355 0.773488 32
 -0.0505778 -0.0425882 0.764876 22 -0.0328822 -0.0834325 0.679598 21 -0.0354628 -0.0815874 0.757257 20
 -0.0934903 -0.061044 0.747745 43 -0.105656 -0.0444823 0.761775 39 -0.0425369 -0.0703742 0.69968 25
 -0.0974337 -0.0628078 0.75909 71 -0.0466186 -0.0597642 0.704636 25 -0.063773 -0.0495701 0.76188 21
 -0.0475991 -0.0598457 0.712541 35 -0.095915 -0.0584999 0.75713 24 -0.0988941 -0.0571523 0.76392 16
 -0.0650337 -0.0629962 0.753487 48 -0.102993 -0.0662214 0.739437 36 -0.10261 -0.0459594 0.7864 31
 -0.0853228 -0.0475358 0.766491 105 -0.0489933 -0.0517699 0.727902 30 -0.118155 -0.049696 0.818557 15
 -0.0321002 -0.109967 0.76919 68 -0.0570003 -0.070532 0.711248 60 -0.0357529 -0.0884229 0.678355 24
 -0.0402541 -0.0997852 0.77181 74 -0.0624681 -0.0674241 0.717623 25 -0.060648 -0.0681299 0.670536 18
 -0.0639762 -0.0551129 0.734363 123 -0.0761258 -0.042582 0.769329 29 -0.0662019 -0.0518847 0.681164 20
 -0.0657451 -0.0585879 0.734713 101 -0.068573 -0.0524479 0.767171 87 -0.116915 -0.038707 0.832324 6
 -0.0621344 -0.0543315 0.751795 48 -0.0422706 -0.0610757 0.770055 32 -0.0929149 -0.048996 0.777665 32
 -0.082353 -0.0466469 0.770798 120 -0.0656083 -0.060969 0.757118 37 -0.0879789 -0.0396651 0.813937 22
 -0.0315741 -0.114003 0.76844 128 -0.0342482 -0.0910506 0.675763 70 -0.0323271 -0.0834374 0.753788 1
 -0.0360328 -0.106084 0.774744 173 -0.0446524 -0.0782105 0.754282 25 -0.0437184 -0.0712025 0.698397 2
 -0.0444846 -0.0645519 0.76317 116 -0.0486999 -0.0674502 0.705637 34 -0.113596 -0.0548666 0.733222 31
 -0.0519939 -0.0499265 0.767294 102 -0.0363572 -0.0734731 0.75517 50 -0.126798 -0.0580108 0.697624 19
 -0.056637 -0.0586288 0.745597 65 -0.0481092 -0.0590963 0.767493 60 -0.100329 -0.0524425 0.755603 27
 -0.0825367 -0.0450633 0.77677 69 -0.0850689 -0.0433706 0.801798 55 -0.0737081 -0.0584612 0.730461 28
 -0.0320985 -0.0824821 0.682971 102 -0.0326382 -0.107231 0.769009 92 -0.122803 -0.0606415 0.698041 4
 -0.0390173 -0.10395 0.776434 111 -0.0425208 -0.0775736 0.685175 79 -0.0627438 -0.0530706 0.769054 5
 -0.111582 -0.0322043 0.797051 45 -0.0693006 -0.0623277 0.736814 42 -0.105546 -0.049679 0.743547 22
 -0.0972192 -0.044559 0.801016 43 -0.121812 -0.0501069 0.741659 24 -0.0772856 -0.0493176 0.766964 24
 -0.118186 -0.0368662 0.82395 2
 -0.0503884 -0.055677 0.773828 43 -0.0971129 -0.0629796 0.770016 3
 -0.101208 -0.0387656 0.781079 66 -0.114198 -0.0422692 0.830764 55 -0.0771006 -0.0427731 0.778712 34
 -0.0949939 -0.0331559 0.826701 6 -0.0758026 -0.0448556 0.76078 5 -0.0867846 -0.0464793 0.79758 1
 -0.088327 -0.0488715 0.767586 13 -0.0957949 -0.0475443 0.806164 8 -0.0590557 -0.0687886 0.755993 4
 -0.0492843 -0.0654133 0.756399 108 -0.0633567 -0.0710886 0.720856 17 -0.0924993 -0.0314529 0.803049 8
 -0.0927783 -0.0477964 0.801868 9 -0.10725 -0.0413265 0.819094 7 -0.101557 -0.0438332 0.812288 5
 -0.0926893 -0.0416879 0.809631 123 -0.0713452 -0.0477534 0.766553 48 -0.109727 -0.0388331 0.841969 14
