 -0.162717 -0.133923 0.830791 181 -0.149775 -0.155032 0.88094 17 -0.187179 -0.142781 0.861959 2
 -0.162699 -0.139654 0.836263 168 -0.186103 -0.152428 0.864153 16 -0.173942 -0.171354 0.885751 5
 -0.165786 -0.145868 0.832184 38 -0.163602 -0.170521 0.900991 32 -0.118307 -0.146842 0.906947 28
 -0.0958762 -0.151071 0.92667 26 -0.171184 -0.178043 0.838093 25 -0.160698 -0.145268 0.838513 21
 -0.150944 -0.187753 0.915097 52 -0.168789 -0.171857 0.847815 35 -0.0951224 -0.17074 0.92271 24
 -0.151916 -0.168386 0.912051 48 -0.0946109 -0.163484 0.962762 38 -0.092281 -0.151911 0.921847 28
 -0.161821 -0.123697 0.895458 111 -0.166617 -0.130133 0.847578 34 -0.183245 -0.139571 0.865544 27
 -0.164248 -0.134701 0.900699 130 -0.166981 -0.142125 0.849474 22 -0.110277 -0.156381 0.925657 17
 -0.161552 -0.126435 0.88801 154 -0.115175 -0.152117 0.907232 23 -0.158638 -0.139304 0.897548 9
 -0.162662 -0.134644 0.896 179 -0.122061 -0.146037 0.907297 21
 -0.160101 -0.140255 0.907821 66 -0.115191 -0.159465 0.922165 39 -0.147431 -0.165162 0.9183 39
 -0.144992 -0.147673 0.910558 73 -0.123936 -0.168539 0.911938 60 -0.120178 -0.157938 0.900604 26
 -0.15041 -0.113663 0.905118 126 -0.0767748 -0.20836 1.02186 39 -0.177816 -0.125603 0.870119 16
 -0.151127 -0.123099 0.91095 94 -0.150324 -0.171934 0.904673 37 -0.0880964 -0.196747 1.01347 37
 -0.15506 -0.147878 0.906295 181 -0.127171 -0.195326 0.921301 5 -0.116241 -0.160414 0.907459 5
 -0.148646 -0.128742 0.910708 68 -0.159433 -0.135227 0.904222 35 -0.152738 -0.130894 0.908302 29
 -0.140237 -0.156846 0.91956 90 -0.15351 -0.156738 0.91646 62 -0.137675 -0.138918 0.905076 19
 -0.123211 -0.163218 0.925063 99 -0.153951 -0.170287 0.910784 83 -0.103614 -0.175162 0.939563 12
 -0.167786 -0.126218 0.886408 51 -0.0757 -0.201773 1.01227 41 -0.0967374 -0.228525 1.02557 30
 -0.084998 -0.195244 1.01671 67 -0.159867 -0.133621 0.897035 56 -0.0951333 -0.18324 0.970413 18
 -0.153538 -0.131725 0.906217 159 -0.10212 -0.17624 0.9513 13 -0.0962854 -0.149822 0.921943 9
 -0.140653 -0.129506 0.904187 66 -0.155742 -0.118823 0.91021 49 -0.11055 -0.159533 0.930944 26
 -0.108641 -0.141314 0.91287 65 -0.147877 -0.129736 0.910894 56 -0.119174 -0.188036 0.930594 21
 -0.151379 -0.145875 0.917585 106 -0.147939 -0.174517 0.897842 24 -0.121104 -0.171577 0.893539 12
 -0.08277 -0.202458 1.01905 157 -0.0888657 -0.241117 1.02999 30 -0.0943478 -0.139008 0.908536 7
 -0.103922 -0.227147 1.03573 75 -0.097819 -0.160746 0.920003 29 -0.123389 -0.159043 0.92366 21
 -0.100825 -0.187472 0.986037 109 -0.133927 -0.192654 0.921785 43 -0.110133 -0.170294 0.935969 13
 -0.135872 -0.182852 0.926501 79 -0.118786 -0.18365 0.938025 53 -0.101146 -0.165057 0.972838 21
 -0.133176 -0.185687 0.924873 67 -0.106887 -0.140072 0.921326 10
 -0.15085 -0.17222 0.923686 2
 -0.0947191 -0.164647 0.957063 44 -0.159685 -0.148986 0.900932 39 -0.134024 -0.16653 0.924146 24
 -0.105684 -0.171281 0.965053 14 -0.147994 -0.131523 0.909285 8
 -0.131941 -0.17428 0.901183 14 -0.153138 -0.170267 0.91184 1 -0.13173 -0.147442 0.900105 1
 -0.129575 -0.171408 0.919912 100 -0.167026 -0.162773 0.908787 14 -0.105144 -0.163502 0.907047 13

 -0.155328 -0.171341 0.915599 3 -0.142886 -0.18767 0.908822 1
