 -0.21635 -0.195731 0.870007 84 -0.166492 -0.166228 0.883973 44 -0.18337 -0.214155 0.932342 35
 -0.213116 -0.198156 0.878156 78 -0.172317 -0.214398 0.936411 33 -0.183123 -0.163702 0.895089 25
 -0.205504 -0.209757 0.922014 114 -0.190658 -0.166114 0.9055 64 -0.166929 -0.171153 0.894085 11
 -0.193798 -0.212271 0.931447 126 -0.157532 -0.164924 0.885899 30 -0.206674 -0.238735 0.904826 15
 -0.18496 -0.217615 0.938667 77 -0.157144 -0.160778 0.895651 43 -0.19668 -0.188417 0.935243 26
 -0.196597 -0.20507 0.926054 46 -0.115268 -0.211504 0.97765 28 -0.193696 -0.181783 0.933852 27
 -0.154874 -0.164688 0.889869 107 -0.194101 -0.163796 0.917925 45 -0.1757 -0.237588 0.938242 28
 -0.172418 -0.164474 0.891171 59 -0.197261 -0.177791 0.925991 59 -0.190226 -0.220363 0.940823 38
 -0.174446 -0.185533 0.945057 73 -0.13314 -0.186721 0.94545 63 -0.194839 -0.1878 0.922141 24
 -0.173176 -0.178929 0.946444 69 -0.198406 -0.1836 0.929061 53 -0.196461 -0.183929 0.933909 28
 -0.159149 -0.195877 0.952897 78 -0.189303 -0.174422 0.925063 32 -0.126607 -0.195617 0.955804 28
 -0.157619 -0.202605 0.957709 46 -0.176436 -0.191869 0.951679 31 -0.188477 -0.187839 0.938322 30
 -0.140165 -0.163946 0.889927 99 -0.134075 -0.161824 0.922637 79 -0.150409 -0.243433 0.946405 8
 -0.145669 -0.158024 0.896223 87 -0.191756 -0.186845 0.927799 26 -0.186469 -0.187792 0.930784 23
 -0.144897 -0.194268 0.956035 98 -0.18463 -0.19155 0.939324 81 -0.18999 -0.194453 0.914872 11
 -0.154973 -0.196929 0.960266 50 -0.142346 -0.169936 0.94059 43 -0.145417 -0.172558 0.945175 39
 -0.157029 -0.194049 0.957842 167 -0.200287 -0.186031 0.918398 22 -0.154451 -0.175629 0.890136 7
 -0.147889 -0.204857 0.963803 193 -0.186004 -0.193211 0.938709 4 -0.188841 -0.191364 0.935678 3
 -0.112254 -0.268063 1.04297 49 -0.111001 -0.169607 0.949702 46 -0.127438 -0.162741 0.901934 33
 -0.103643 -0.171065 0.957866 48 -0.109469 -0.223416 1.01761 33 -0.108903 -0.240354 0.975499 24
 -0.102616 -0.199606 0.986172 74 -0.112321 -0.180787 0.960862 72 -0.127277 -0.172381 0.938036 36
 -0.106544 -0.211115 0.992157 104 -0.109712 -0.201119 0.972038 33 -0.109332 -0.204315 0.97728 30
 -0.121117 -0.171801 0.953716 118 -0.165985 -0.185547 0.949498 28 -0.179115 -0.184914 0.932379 26
 -0.155405 -0.228422 0.931505 87 -0.11513 -0.193044 0.968083 39 -0.147679 -0.212848 0.956561 35
 -0.151185 -0.161563 0.891258 45 -0.148833 -0.159728 0.896251 36 -0.13624 -0.160349 0.934022 27
 -0.125741 -0.171358 0.948313 105 -0.103731 -0.196153 0.974289 34 -0.118117 -0.251334 1.03237 24
 -0.125043 -0.17978 0.950968 107 -0.149686 -0.230696 0.958068 35 -0.120716 -0.193162 0.982582 19
 -0.141612 -0.230976 0.963116 102 -0.119806 -0.189297 0.967754 56 -0.117424 -0.2023 0.997133 14
 -0.153308 -0.226611 0.958988 167 -0.131968 -0.189175 0.958225 24 -0.126007 -0.187991 0.969472 5
 -0.19273 -0.227824 0.933641 30 -0.172904 -0.217441 0.935722 25 -0.169768 -0.213244 0.931229 19
 -0.187486 -0.199079 0.93556 161 -0.124069 -0.204132 0.981129 27 -0.132094 -0.233073 0.976467 5
 -0.119118 -0.214776 1.00616 12 -0.11641 -0.224385 1.03572 2
 -0.157418 -0.207072 0.964498 46 -0.190401 -0.197787 0.938178 19 -0.176511 -0.180657 0.947388 6
 -0.185993 -0.198294 0.94407 98 -0.205758 -0.199651 0.929753 37 -0.140048 -0.218182 0.962046 20
 -0.134944 -0.213054 0.949665 4
 -0.192078 -0.208934 0.943823 4 -0.19575 -0.188267 0.86896 4 -0.170073 -0.181132 0.931984 3
