 -0.261397 -0.0796794 0.999059 97 -0.286363 -0.108031 1.00229 22 -0.266247 -0.163283 1.00421 20
 -0.260967 -0.0918471 1.00467 84 -0.277591 -0.155666 1.00019 45 -0.284628 -0.121151 1.00349 24
 -0.261335 -0.169791 1.01096 132 -0.256339 -0.112016 1.01797 23 -0.192246 -0.108707 1.00833 12
 -0.25238 -0.174138 1.01603 143 -0.254582 -0.11953 1.02628 36 -0.185093 -0.0997562 1.00946 12
 -0.250661 -0.176664 1.01937 134 -0.273447 -0.154263 1.00963 20 -0.187838 -0.220377 1.03411 17
 -0.241118 -0.176179 1.02111 133 -0.190102 -0.206149 1.02657 33 -0.143677 -0.207252 1.05448 18
 -0.273389 -0.108507 1.00559 110 -0.203989 -0.0974819 1.01373 57 -0.237848 -0.115144 1.02472 24
 -0.275929 -0.121669 1.01176 109 -0.244099 -0.12449 1.0361 34 -0.21672 -0.116498 1.04145 16
 -0.269256 -0.116713 1.01322 57 -0.265594 -0.115008 1.0157 53 -0.184367 -0.13315 1.02771 40
 -0.25276 -0.145738 1.02518 43 -0.272164 -0.120619 1.01433 37 -0.175371 -0.126048 1.03102 28
 -0.264613 -0.129227 1.02193 78 -0.216146 -0.142225 1.04594 47 -0.195551 -0.18541 1.03337 22
 -0.217229 -0.154897 1.04772 132 -0.241658 -0.148024 1.035 47 -0.169467 -0.204421 1.03786 18
 -0.258734 -0.0839262 1.0004 83 -0.189931 -0.0976059 1.0066 60 -0.210314 -0.11486 1.0427 50
 -0.190625 -0.105247 1.01121 86 -0.205462 -0.108881 1.01925 33 -0.206649 -0.123696 1.04575 29
 -0.208519 -0.139421 1.05467 53 -0.259424 -0.134265 1.02011 46 -0.274635 -0.116337 1.01083 40
 -0.255509 -0.143348 1.02484 71 -0.207601 -0.132822 1.04127 64 -0.240581 -0.103505 1.02322 24
 -0.199651 -0.135477 1.04243 138 -0.168236 -0.193488 1.03163 25 -0.234049 -0.124525 1.04057 23
 -0.208917 -0.120977 1.05348 109 -0.190866 -0.161001 1.04839 42 -0.194076 -0.156985 1.05127 40
 -0.167304 -0.110492 1.02145 69 -0.26169 -0.0841023 1.00029 68 -0.198248 -0.127962 1.06353 35
 -0.169829 -0.11377 1.02268 64 -0.259294 -0.0924014 1.00865 58 -0.172844 -0.218433 1.04002 38
 -0.169854 -0.119961 1.02854 42 -0.170649 -0.123349 1.03104 41 -0.169917 -0.227329 1.05625 33
 -0.160219 -0.150584 1.03903 167 -0.125249 -0.248974 1.12756 12 -0.212958 -0.115702 1.03561 7
 -0.178019 -0.137014 1.04516 158 -0.213602 -0.120559 1.04518 30 -0.242855 -0.136267 1.03582 12
 -0.18374 -0.166601 1.04253 97 -0.224202 -0.14112 1.05554 86 -0.274609 -0.159597 1.00683 14
 -0.192628 -0.105711 1.0088 63 -0.261064 -0.0797811 1.00463 40 -0.147756 -0.13932 1.03726 39
 -0.188587 -0.108276 1.01753 80 -0.171841 -0.134671 1.037 51 -0.149145 -0.242223 1.07597 32
 -0.173163 -0.158523 1.03582 68 -0.133562 -0.237858 1.12855 52 -0.176349 -0.204708 1.01791 22
 -0.177684 -0.120627 1.03186 57 -0.203382 -0.200909 1.02458 53 -0.171136 -0.145271 1.02227 32
 -0.205239 -0.199224 1.02488 115 -0.155436 -0.168658 1.05299 85
 -0.164323 -0.182673 1.04704 192 -0.223104 -0.164881 1.03826 8
 -0.164372 -0.22463 1.06244 141 -0.183088 -0.170894 1.03445 19 -0.154594 -0.215623 1.07607 18
 -0.153597 -0.212712 1.103 22 -0.165363 -0.206743 1.05244 4
 -0.212832 -0.162898 1.04807 121 -0.206268 -0.168525 1.04544 69 -0.175659 -0.182559 1.04642 10
 -0.213527 -0.17895 1.02488 160 -0.257486 -0.157227 1.02392 35 -0.171859 -0.211745 1.02749 3
 -0.19673 -0.17073 1.04111 21 -0.182026 -0.216484 1.03538 8 -0.252279 -0.14537 1.03852 1
 -0.15147 -0.238929 1.09353 7
