 0.146162 0.0161587 0.866045 163 0.162855 0.0172282 0.853089 13 0.1648 -0.0325803 0.860273 9
 0.142677 0.0264531 0.870196 78 0.168844 0.0161571 0.852149 56 0.231827 0.03585 0.840063 30
 0.146023 0.0313053 0.870148 55 0.150993 -7.35033e-05 0.859059 24 0.14654 0.023284 0.867011 20
 0.155888 0.000521599 0.859011 77 0.0697361 0.00421825 0.967545 34 0.187231 0.0417095 0.838423 29
 0.144178 -0.0131419 0.873406 61 0.122068 0.0199469 0.884155 44 0.183839 0.0428088 0.844901 20
 0.116905 0.0335773 0.898263 40 0.221845 0.0272307 0.830566 40 0.173887 0.0528617 0.906257 36
 0.207538 0.00511375 0.834692 125 0.170764 0.0124036 0.85048 25 0.169806 -0.0276177 0.861002 21
 0.191837 0.0184984 0.837386 148 0.167124 -0.0069138 0.848789 21 0.177505 -0.020614 0.87041 9
 0.159849 0.00662917 0.858643 47 0.171833 0.027485 0.854892 44 0.179025 0.0208791 0.843313 36
 0.151975 0.0426746 0.872341 50 0.199189 0.0378078 0.870054 42 0.166131 0.0389192 0.846633 24
 0.136328 0.0108234 0.881866 62 0.169597 0.0152405 0.85563 40 0.186485 0.0473609 0.900838 32
 0.144597 0.00945357 0.877166 78 0.183151 0.0429791 0.870045 46 0.194009 0.0261464 0.839447 32
 0.211961 0.00987 0.838104 119 0.197681 -0.0224574 0.854088 52 0.175597 -0.0332343 0.867262 24
 0.198345 0.0154138 0.841334 154 0.170304 -0.0180303 0.871757 24 0.174538 -0.0175292 0.867392 21
 0.18551 0.014258 0.843549 112 0.192766 0.0351894 0.865862 88
 0.175911 0.0181652 0.850069 101 0.188324 0.044752 0.87333 92 0.181254 0.031797 0.856426 3
 0.172552 0.0140631 0.852028 81 0.186844 0.0342231 0.861475 48 0.157033 0.0506784 0.858787 41
 0.189969 0.0419995 0.87475 193 0.166906 0.0194435 0.861391 5 0.177513 0.0485335 0.907753 1
 0.21485 0.035377 0.836405 200
 0.215201 0.0264751 0.841038 137 0.194751 -0.00776007 0.851111 43 0.167589 -0.0235086 0.872966 19
 0.210176 0.0390767 0.875721 91 0.215264 0.0336888 0.845031 49 0.196224 0.0308265 0.840168 32
 0.201386 0.0491208 0.877769 178 0.199887 0.03333 0.851033 6 0.212708 0.0525518 0.850092 4
 0.19771 0.0390228 0.860338 81 0.209519 0.0488561 0.883342 29 0.154752 0.0419567 0.872023 28
 0.169193 0.0294025 0.867483 89 0.180511 0.0344973 0.866442 57 0.175679 0.0517056 0.924026 15
 0.220518 0.0158871 0.838076 193 0.192444 -0.0280189 0.852679 7
 0.213714 0.0233652 0.838994 126 0.170246 -0.0255557 0.873928 60 0.0824392 -0.0464416 0.949729 7
 0.204345 0.016076 0.842599 123 0.161291 -0.0224641 0.880716 68 0.203858 0.0346843 0.84207 3
 0.196861 0.00855866 0.845016 64 0.154174 -0.0190591 0.89427 62 0.177871 -0.0199464 0.86637 54
 0.16793 -0.0163824 0.881878 112 0.146815 -0.0198406 0.916514 87 0.0752137 -0.0212493 0.963113 1
 0.128091 -0.0121497 0.914892 154 0.165278 -0.00995323 0.872021 45 0.142206 0.00525543 0.878753 1
 0.109383 0.0103595 0.942917 195 0.169782 0.0347558 0.871948 4 0.119528 0.0248617 0.902679 1
 0.172224 0.0498819 0.924188 57 0.12058 -0.0208151 0.947145 12 0.141267 -0.0123077 0.905614 8
 0.14088 0.0105134 0.895694 81 0.137719 0.00985266 0.902122 67 0.174925 0.0219743 0.862645 40
 0.134523 0.0301288 0.894128 55 0.120973 0.0312054 0.940984 36 0.143102 0.0299947 0.884934 36
 0.128334 0.0128718 0.913908 86 0.161111 0.0300675 0.870386 81 0.192569 0.0220307 0.862861 21
 0.163379 0.0445466 0.924238 108 0.097665 0.000342555 0.956813 71 0.177817 0.0351791 0.863609 16
