 -0.113393 0.00406893 0.958043 165 -0.087284 0.0091672 0.935126 16 -0.0898495 -0.125537 1.00172 10
 -0.111888 -0.00502452 0.960105 199 -0.0825026 0.025366 0.955027 1
 -0.107628 0.00108998 0.950807 75 -0.106876 -0.0221659 0.96493 45 -0.104211 -0.00659593 0.956578 42
 -0.103136 -0.0230362 0.964668 103 -0.111904 0.00166844 0.957927 80 -0.105994 -0.015463 0.962219 6
 -0.11107 -0.00734403 0.963725 160 -0.105645 -0.0414046 0.968633 28 -0.0803777 -0.0873237 0.967549 3
 -0.101129 -0.0443203 0.966806 161 -0.101504 0.0010122 0.961618 35 -0.0439711 -0.0496382 0.974132 3
 -0.0871601 0.0163713 0.940496 197 -0.098445 0.00849865 0.981841 3
 -0.0896809 0.00864156 0.947277 193 -0.0941674 0.00132714 0.989995 7
 -0.0784432 0.00661272 0.94809 101 -0.0929282 -0.00660342 0.993251 34 -0.0746083 -0.0198413 0.968443 29
 -0.073919 -0.0217527 0.980588 110 -0.0946127 0.0153226 0.942171 45 -0.0987143 -0.0179084 0.962146 28
 -0.0842564 -0.0227485 0.983799 117 -0.0885967 -0.0716378 0.965158 38 -0.0933752 0.00333914 0.953638 24
 -0.083295 -0.0339417 0.981248 131 -0.0930355 -0.0597156 0.971662 45 -0.102274 -0.0107893 0.992512 19
 -0.0685609 0.02749 0.938814 200
 -0.0774582 0.0164652 0.93815 194 -0.0791335 0.00272842 0.991434 6
 -0.0877839 -0.00400416 0.992629 124 -0.0760185 0.00422852 0.938738 54 -0.0892421 0.0284694 0.957272 13
 -0.0873038 -0.0118032 0.990798 126 -0.0820939 -0.0175068 0.966622 35 -0.0763961 -0.0837599 0.968089 22
 -0.0837184 -0.0283602 0.98992 71 -0.0813939 -0.0351896 0.980896 66 -0.0798828 -0.0376598 0.976792 60
 -0.0911334 -0.0405158 0.980937 104 -0.0777151 -0.0937951 0.976823 23 -0.0734017 -0.0200221 0.971362 21
 -0.057434 0.0223441 0.939876 150 -0.0485585 -0.00126673 0.953845 20 -0.0593229 -0.154176 1.03568 18
 -0.0596508 0.0108705 0.946218 179 -0.0870284 -0.000470632 0.934468 12 -0.0707419 -0.156759 1.04365 9
 -0.0607307 0.00628622 0.949482 115 -0.0540503 -0.0147502 0.968751 51 -0.0699738 0.00365591 0.99956 18
 -0.0579968 -0.0173115 0.967966 51 -0.058258 -0.0940641 0.993177 50 -0.0675236 0.0303693 0.947017 26
 -0.0631529 -0.0284708 0.976048 107 -0.0750308 0.00551788 1.00244 64 -0.0884896 -0.0101529 0.955276 14
 -0.0570983 -0.0236383 0.975632 35 -0.0613102 -0.0866768 0.984343 8 -0.0930876 -0.0188479 0.979012 7
 -0.0523335 0.0027604 0.948946 127 -0.0714699 0.0292938 0.942936 28 -0.0878868 -0.156347 1.02016 23
 -0.0557229 -0.0146638 0.96643 98 -0.0570109 -0.0104992 0.964217 67 -0.0725974 -0.140591 1.01422 16
 -0.0519609 -0.0229734 0.972664 87 -0.0673967 0.00756857 0.942339 47 -0.0596261 -0.0875309 0.992346 35
 -0.0600658 -0.0671254 0.979337 107 -0.0635179 -0.00256759 0.958757 48 -0.0563869 -0.0488663 0.973367 21
 -0.0627712 -0.0822613 0.989737 42 -0.0626267 -0.034604 0.971488 41 -0.0635568 -0.0393823 0.971438 41
 -0.0711238 -0.0574505 0.968632 75 -0.066026 -0.0771409 0.980099 71 -0.0697131 -0.0649223 0.972111 37
 -0.0897851 -0.108332 0.996456 147 -0.0880608 -0.106754 0.993178 45 -0.097777 -0.0305641 0.958969 5
 -0.0679233 -0.10537 1.00888 42 -0.0639244 -0.0390303 0.973566 33
 -0.0910782 -0.0345356 0.991204 61 -0.0912628 -0.0287751 0.995384 57 -0.0826921 -0.0776535 0.972776 28
 -0.0975474 -0.033772 0.974573 120 -0.0918889 -0.0723261 0.973463 62 -0.0955342 -0.0522181 0.972298 7
 -0.0877102 -0.0708038 0.967686 3 -0.0656498 -0.0250735 0.957404 3
 -0.0948385 -0.0368296 0.969466 36 -0.087869 -0.11591 1.00695 2
