 -0.045938 -0.0630186 0.932429 93 -0.0321477 -0.0423367 0.909081 67 -0.00652036 -0.0841425 0.926249 10
 -0.040676 -0.071769 0.934269 147 -0.0303684 -0.0490869 0.915519 32 0.0205228 -0.0422604 0.906909 10
 -0.0331554 -0.0571605 0.925445 194 0.0292711 -0.114946 0.951053 5 -0.00140723 -0.0529984 0.929872 1
 -0.0362773 -0.0624045 0.933996 182 -0.0373393 -0.0967271 0.93547 12 0.0212915 -0.118663 0.942924 5
 -0.0354589 -0.069557 0.937769 186 -0.0354106 -0.110093 0.937442 12 0.0170472 -0.1191 0.946448 1
 -0.0411922 -0.0815998 0.939233 200
 -0.0081291 -0.0452065 0.920812 171 -0.0218216 -0.16236 0.965246 18 -0.0142211 -0.113984 0.937487 8
 -0.00883827 -0.048424 0.9233 112 -0.0160107 -0.0574219 0.929779 65 -0.0133677 -0.0540486 0.926922 12
 -0.0277572 -0.0707105 0.936795 87 -0.00899684 -0.060318 0.93487 66 -0.0099634 -0.0417592 0.920813 16
 -0.0210165 -0.0571439 0.933884 89 -0.0247409 -0.0625367 0.936811 84 -0.0324062 -0.136229 0.949008 15
 -0.0171733 -0.0658864 0.941189 142 -0.0192058 -0.0507276 0.921535 19 -0.0250965 -0.108615 0.946149 12
 -0.0170149 -0.0743816 0.948446 157 -0.0370382 -0.123507 0.949654 19 -0.0114193 -0.0529366 0.934671 13
 0.0153181 -0.0340989 0.905783 183 0.0456779 -0.0788351 0.932418 10 0.000180943 -0.109723 0.954915 5
 -0.00243119 -0.0475492 0.92397 162 0.0130701 -0.0673111 0.940731 22 0.0489813 -0.0383248 0.891357 7
 -0.00481468 -0.0629138 0.93505 99 -0.00124132 -0.0582933 0.93032 89 0.0344132 -0.0477601 0.903225 7
 -0.00728232 -0.0551828 0.937295 147 -0.0168579 -0.0854937 0.940109 22 0.0121285 -0.088857 0.95676 11
 -0.0063482 -0.0749633 0.951215 182 0.00222978 -0.0523231 0.934457 13 0.0028446 -0.0470725 0.92972 5
 -0.00208677 -0.0883822 0.962713 183 -0.00660942 -0.0578374 0.942959 6 -0.0210103 -0.106734 0.946651 6
 0.0257959 -0.0405416 0.908303 139 0.0499032 -0.117369 0.91196 41 0.0442822 -0.0671654 0.925134 20
 0.018823 -0.049691 0.929016 96 0.0456389 -0.0928145 0.909367 44 0.0324756 -0.0501855 0.905007 40
 0.0178457 -0.060658 0.935526 158 0.0375145 -0.0978684 0.91615 23 0.0262856 -0.130223 0.948481 19
 0.013686 -0.0694829 0.941889 95 0.0102347 -0.0435809 0.9257 92 -0.0224789 -0.0601054 0.936047 6
 0.0188811 -0.0795074 0.956179 114 0.018841 -0.0750227 0.954124 39 -0.0441385 -0.0709713 0.93864 22
 0.0104721 -0.0866973 0.965963 111 0.0105436 -0.123552 0.955282 12 0.0328665 -0.0651612 0.936211 9
 0.0509194 -0.0808071 0.915669 124 0.0515395 -0.110654 0.912421 41 0.0205867 -0.0547739 0.911608 11
 0.0474079 -0.0874753 0.92264 110 0.0392298 -0.111372 0.928209 47 0.0418744 -0.107463 0.926694 10
 0.0344677 -0.113919 0.948669 194 0.0445221 -0.0910779 0.917712 4 0.0113175 -0.0540894 0.947466 1
 0.0147197 -0.130548 0.954577 197 -0.0504807 -0.155062 0.99375 2 0.0449713 -0.0896564 0.920024 1
 0.00510207 -0.137621 0.957181 200
 -0.0177984 -0.140157 0.961856 184 -0.0353101 -0.17 0.974821 5 0.0103531 -0.0990458 0.957467 5
 -0.0475606 -0.146872 0.979647 72 -0.0446799 -0.145341 0.973815 55 -0.0351552 -0.0943806 0.943514 40
 -0.0493093 -0.147153 0.980647 36 0.0143403 -0.0976061 0.970541 11 -0.01085 -0.133459 0.964836 4
 -0.0155985 -0.100288 0.962416 37 -0.0214193 -0.108782 0.957355 19 -0.020881 -0.101713 0.957939 3
 -0.0306665 -0.10092 0.947254 199 -0.0566456 -0.139097 0.967009 1
 -0.0589212 -0.139758 0.995745 4 -0.0297894 -0.12597 0.954198 4 -0.00370349 -0.122871 0.968932 1
 -0.0515119 -0.149762 0.98358 54 -0.030615 -0.151501 0.961702 11 -0.0328934 -0.120916 0.951596 3
