 0.0757169 -0.135778 0.9474 74 0.0897171 -0.110827 0.929578 69 0.0924571 -0.0600814 0.90393 37
 0.0854378 -0.100511 0.936775 67 0.0868022 -0.0687893 0.912522 65 0.157643 -0.0629286 0.941279 21
 0.0800223 -0.0767038 0.923366 131 0.142843 -0.0583075 0.944282 17 0.0831486 -0.121279 0.946534 17
 0.0909789 -0.0870656 0.935135 78 0.0789863 -0.0875164 0.933847 48 0.0619193 -0.116166 0.934535 31
 0.066813 -0.11917 0.940985 73 0.0765484 -0.0845429 0.930712 63 0.0758691 -0.117336 0.943843 33
 0.072391 -0.114255 0.940924 189 0.0988561 -0.102278 0.978697 5 0.0834616 -0.0848372 0.927331 4
 0.0857286 -0.0730554 0.920593 82 0.0891502 -0.0692829 0.91647 58 0.145685 -0.0570018 0.935972 18
 0.0779739 -0.0885376 0.932472 113 0.124472 -0.0867482 0.966746 37 0.102502 -0.059154 0.912875 26
 0.100803 -0.0811651 0.943299 50 0.0916546 -0.0762125 0.92184 39 0.0934622 -0.0746634 0.918505 29
 0.0770941 -0.103909 0.939707 77 0.086282 -0.0755763 0.921537 51 0.109205 -0.0741571 0.943381 33
 0.0780556 -0.104038 0.94156 46 0.0925324 -0.128915 0.969481 27 0.0834843 -0.0930083 0.938631 25
 0.0607597 -0.118681 0.948968 101 0.119499 -0.101526 0.976397 29 0.0973721 -0.0883046 0.948637 29
 0.153058 -0.0872944 0.970491 61 0.164618 -0.0630042 0.936107 54 0.0938644 -0.0587946 0.9102 46
 0.145662 -0.0560722 0.935991 64 0.141345 -0.0947584 0.969112 57 0.150285 -0.0974572 0.966156 37
 0.131815 -0.0837845 0.975313 75 0.0916143 -0.0887794 0.939543 55 0.125224 -0.0769724 0.940651 32
 0.0742302 -0.0965877 0.940891 47 0.115927 -0.0679882 0.94133 43 0.0967086 -0.0956888 0.945936 32
 0.109841 -0.0679733 0.945562 59 0.121683 -0.0887447 0.977291 56 0.109258 -0.116784 0.98927 39
 0.122293 -0.0828708 0.987533 171 0.0841296 -0.102137 0.945629 17 0.0665266 -0.127678 0.94978 7
 0.159947 -0.0550431 0.929967 101 0.165007 -0.114986 0.956854 76 0.157906 -0.0823061 0.962955 18
 0.153542 -0.0643205 0.936386 97 0.155291 -0.121399 0.973027 69 0.152219 -0.0923978 0.967889 20
 0.137912 -0.0636401 0.935947 87 0.138167 -0.130181 0.978766 60 0.15534 -0.110879 0.967081 33
 0.137171 -0.0591026 0.940147 37 0.126676 -0.0618166 0.936836 32 0.130404 -0.0783609 0.974129 31
 0.152891 -0.0866548 0.972571 82 0.140317 -0.056218 0.941872 33 0.0974068 -0.0900488 0.949175 26
 0.145145 -0.108953 0.984231 21 0.117777 -0.0851472 0.971636 19 0.0864991 -0.0890892 0.939544 7
 0.15637 -0.0551401 0.929027 98 0.165091 -0.121822 0.964182 77 0.136901 -0.144227 0.984549 19
 0.146466 -0.127204 0.975835 121 0.143092 -0.0609528 0.931049 70 0.124738 -0.0762195 0.979572 5
 0.134402 -0.132772 0.986904 168 0.154576 -0.0533272 0.921678 15 0.119428 -0.0598739 0.932119 8
 0.109966 -0.143337 0.981006 177 0.15437 -0.0660521 0.938369 15 0.145952 -0.112757 0.974175 4
 0.0871292 -0.153602 0.971858 90 0.114168 -0.084092 0.937534 63 0.136746 -0.113182 0.971053 22
 0.108258 -0.13309 0.972672 106 0.078156 -0.150086 0.964066 62 0.0892807 -0.144959 0.970405 26
 0.0489542 -0.158397 0.975275 200
 0.0472339 -0.143134 0.957015 5 0.118178 -0.117181 0.989707 5 0.0369244 -0.159709 0.975611 4
 0.107169 -0.105188 0.992216 38 0.109919 -0.080522 0.981753 9 0.071944 -0.130189 0.951542 5
 0.0914751 -0.11109 0.976876 49 0.0739456 -0.106748 0.942297 45 0.0506031 -0.142249 0.937193 36
 0.0574428 -0.132689 0.965226 35 0.0923549 -0.122957 0.989514 4 0.0430786 -0.15135 0.991995 2
 0.0412846 -0.153806 0.986163 57 0.0483519 -0.154066 0.960749 42 0.046434 -0.153477 0.968494 3
