 -0.178816 0.0259416 0.831711 84 -0.136954 0.0896762 0.807424 75 -0.16805 0.0651942 0.812396 22
 -0.166361 0.0171029 0.844652 83 -0.138208 0.0788193 0.811566 73 -0.167539 0.0525427 0.814436 22
 -0.155832 0.0162424 0.853998 178 -0.141162 0.0625099 0.842563 22
 -0.148786 0.0154495 0.858506 180 -0.135184 0.0393614 0.869022 10 -0.139906 0.0687808 0.843782 6
 -0.143591 0.0149545 0.863036 188 -0.175323 0.0213262 0.848478 6 -0.13599 0.0574119 0.862948 5
 -0.130534 0.00760323 0.870623 199 -0.127027 0.046252 0.875661 1
 -0.162343 0.0674367 0.817218 102 -0.130155 0.0680426 0.854464 52 -0.0996183 0.0713255 0.848332 21
 -0.134985 0.0539935 0.860231 120 -0.107651 0.0445062 0.885839 17 -0.14193 0.0795737 0.831976 17
 -0.148596 0.0515098 0.855023 111 -0.135393 0.0344211 0.865874 38 -0.109514 0.0440976 0.881219 15
 -0.141893 0.0400572 0.863083 100 -0.110443 0.0486178 0.871711 46 -0.0668093 0.00589574 0.891545 15
 -0.132053 0.0421689 0.873109 118 -0.10407 0.0535635 0.884982 36 -0.109783 -0.00244325 0.877049 25
 -0.118234 0.0391517 0.882104 113 -0.122563 0.0378399 0.879684 83 -0.0741374 0.0303611 0.878618 3
 -0.134464 0.0890597 0.80892 100 -0.0634863 0.0711513 0.825942 46 -0.0928918 0.0765017 0.838479 24
 -0.0685686 0.0669986 0.83487 131 -0.152089 0.0523204 0.849464 25 -0.0923798 0.0418618 0.89077 13
 -0.136278 0.0776741 0.843482 46 -0.0853425 0.0432012 0.885474 42 -0.139061 0.0440817 0.864843 41
 -0.135473 0.0691574 0.856674 94 -0.0904775 0.0550079 0.884471 45 -0.0863822 0.0479193 0.881662 34
 -0.0867913 0.0527243 0.875001 113 -0.119934 0.0598105 0.874766 85 -0.105491 0.0560753 0.876508 1
 -0.121045 0.0505666 0.880231 73 -0.100507 0.0408848 0.895389 57 -0.0897365 0.0591438 0.884993 54
 -0.0583533 0.070141 0.829615 109 -0.139063 0.0857962 0.809799 25 -0.0556851 0.0626901 0.855626 22
 -0.0631736 0.0693767 0.838555 124 -0.156568 0.0673297 0.82835 28 -0.0928117 0.0671868 0.848938 17
 -0.0615223 0.0568034 0.864376 161 -0.140055 0.0731103 0.843598 21 -0.063394 0.0784067 0.810573 5
 -0.0724119 0.0658161 0.850087 62 -0.0576003 0.047833 0.873859 56 -0.0841757 0.0700756 0.878979 31
 -0.0688934 0.0505227 0.871359 134 -0.133158 0.053361 0.871033 28 -0.099889 0.0826871 0.840271 18
 -0.112053 0.0542225 0.887016 156 -0.106248 0.0587047 0.845733 19 -0.113536 0.0575832 0.851204 11
 -0.086548 0.0805982 0.817326 85 -0.103939 0.07908 0.846879 37 -0.056634 0.0592949 0.853154 36
 -0.0774829 0.0731141 0.831817 120 -0.0565933 0.0459718 0.874306 47 -0.0759017 -0.0645478 0.953984 22
 -0.0662973 0.0545044 0.866026 135 -0.0673393 0.0571516 0.834273 47 -0.137821 0.0780442 0.854718 15
 -0.0605426 0.0437963 0.879323 187 -0.0524545 0.00394423 0.91618 9 -0.0531165 0.0113709 0.870732 3
 -0.0595852 0.0325106 0.885496 194 -0.0605801 -0.0114361 0.920421 6
 -0.0641166 3.63626e-05 0.897591 193 -0.0727311 0.00967048 0.885986 5 -0.114913 0.0355371 0.852448 2
 -0.0906854 -0.0239438 0.922587 124 -0.0653733 0.0280029 0.877444 28 -0.0834332 -0.0171618 0.89508 22
 -0.081791 -0.0220348 0.898712 43 -0.0620256 -0.0104256 0.916483 20 -0.0723338 0.0198921 0.885622 6
 -0.110382 0.0373958 0.890813 98 -0.0995254 -0.00684776 0.884383 2
 -0.112806 0.0135243 0.879383 200
 -0.0979205 0.0136489 0.882615 10 -0.112931 0.0306926 0.888144 10 -0.122776 0.0401865 0.868739 9
 -0.100038 -0.0226814 0.919399 10 -0.133633 0.0457114 0.868854 5 -0.0920497 -0.0176688 0.89483 3
