 -0.210484 -0.188122 0.916857 100 -0.174821 -0.14366 0.943621 28 -0.202863 -0.183212 0.941215 18
 -0.198289 -0.17704 0.949905 58 -0.205886 -0.196249 0.922059 58 -0.179385 -0.15202 0.946716 40
 -0.195406 -0.206365 0.946996 80 -0.192378 -0.178334 0.947185 56 -0.179312 -0.150776 0.950737 19
 -0.19326 -0.168943 0.951684 62 -0.194441 -0.207235 0.954376 31 -0.197338 -0.204555 0.950493 30
 -0.148745 -0.147832 0.956081 52 -0.177777 -0.211526 0.964916 44 -0.196 -0.173364 0.957354 40
 -0.180262 -0.170702 0.976757 67 -0.172549 -0.223761 0.978194 55 -0.198692 -0.188288 0.95816 42
 -0.168956 -0.151781 0.944254 140 -0.119301 -0.15548 0.984354 18 -0.192828 -0.193838 0.947814 14
 -0.183591 -0.164514 0.950029 111 -0.181667 -0.184193 0.976924 32 -0.133612 -0.154716 0.992215 18
 -0.184193 -0.192284 0.952504 66 -0.171146 -0.147839 0.931333 31 -0.184289 -0.185856 0.952081 20
 -0.187859 -0.174764 0.957488 87 -0.176565 -0.152469 0.942093 46 -0.185106 -0.17049 0.954961 20
 -0.186806 -0.183211 0.97352 58 -0.189085 -0.1827 0.969495 46 -0.172847 -0.162996 0.951311 27
 -0.176552 -0.194051 0.97946 64 -0.147315 -0.179485 0.993001 40 -0.200136 -0.181142 0.966796 26
 -0.141908 -0.150786 0.978959 71 -0.0594365 -0.239723 1.08674 30 -0.116659 -0.241709 0.972277 27
 -0.140412 -0.178223 0.990546 67 -0.144939 -0.178706 0.991177 58 -0.119777 -0.226056 0.980131 28
 -0.202456 -0.19594 0.92685 55 -0.12669 -0.159407 0.991092 53 -0.093362 -0.215998 1.00195 37
 -0.138792 -0.158211 0.988553 122 -0.104877 -0.213861 0.993849 33 -0.172046 -0.19145 0.992213 17
 -0.12441 -0.187756 1.00111 143 -0.166668 -0.174917 0.999632 32 -0.123341 -0.155262 0.990146 9
 -0.140381 -0.172595 0.999108 64 -0.119675 -0.181305 1.00337 63 -0.110062 -0.20129 1.00421 28
 -0.0715946 -0.248825 1.08193 43 -0.0741416 -0.252348 1.08327 40 -0.100373 -0.211006 0.992196 25
 -0.0703233 -0.235774 1.08246 65 -0.076155 -0.219103 1.04206 56 -0.0756129 -0.235561 1.05758 24
 -0.120172 -0.158451 0.991599 45 -0.0781989 -0.22729 1.0373 37 -0.0761788 -0.232176 1.06255 36
 -0.120749 -0.148448 0.999408 81 -0.0925796 -0.201535 1.00111 42 -0.0994838 -0.157148 1.01351 37
 -0.0998075 -0.17955 1.00025 54 -0.104554 -0.149968 1.00822 36 -0.127633 -0.187438 0.976694 28
 -0.119926 -0.196078 1.00075 60 -0.147164 -0.16272 0.993475 47 -0.138575 -0.215467 0.982894 27
 -0.0671165 -0.235097 1.05846 105 -0.0642068 -0.243912 1.07691 59 -0.210639 -0.222873 0.91285 29
 -0.203606 -0.200788 0.927742 67 -0.0770506 -0.193825 1.01483 39 -0.0771355 -0.232607 1.06504 29
 -0.075621 -0.215759 1.04533 68 -0.0786459 -0.214585 1.04255 36 -0.0713718 -0.221866 1.0862 26
 -0.0875198 -0.232031 1.05939 103 -0.143325 -0.226653 0.981623 29 -0.159503 -0.234 0.953128 26
 -0.144641 -0.224323 0.977234 196 -0.0954767 -0.208635 1.00428 4
 -0.156131 -0.192417 0.978594 51 -0.159181 -0.213542 0.949082 14 -0.0850405 -0.207103 1.03783 5
 -0.189931 -0.185391 0.953913 55 -0.0818884 -0.204805 1.03337 17 -0.186342 -0.206649 0.933677 14
 -0.0878538 -0.201925 1.01908 6 -0.169597 -0.20606 0.98103 3 -0.0853454 -0.210335 1.04675 2
 -0.145985 -0.200565 0.998021 200
 -0.187573 -0.195675 0.97526 60 -0.175887 -0.180953 0.987115 38 -0.119405 -0.210104 0.996662 32
 -0.165978 -0.203967 0.98963 4
 -0.15932 -0.216209 0.979862 9 -0.177975 -0.182927 0.986075 9 -0.186849 -0.197766 0.962351 4
