 0.0605919 0.00915243 0.954216 123 0.100738 0.0130856 0.920444 70 0.136471 0.0207276 0.913966 6
 0.0764114 0.00394905 0.94407 69 0.0616199 0.000322576 0.955787 62 0.0733669 0.00220837 0.946867 48
 0.0718558 0.00407178 0.950081 157 0.0997394 0.0308974 0.915465 36 0.115282 0.0226383 0.933513 3
 0.0665324 0.00609941 0.955272 193 0.100616 -0.0296286 0.946751 5 0.0930134 0.00853819 0.918813 2
 0.0685018 0.004117 0.958556 191 0.0994867 -0.0451413 0.958896 7 0.0987253 0.00644513 0.979521 1
 0.0854661 -0.0439749 0.964786 74 0.0577046 -0.0152591 0.959857 63 0.0684655 -0.00121695 0.958059 59
 0.0970006 0.0231282 0.933805 86 0.104389 0.0146104 0.919098 84 0.101357 0.0173353 0.924587 24
 0.0948166 0.0198426 0.930321 180 0.0826308 -0.00155441 0.951655 16 0.133976 -0.0159744 0.940473 2
 0.0906616 0.022352 0.938447 52 0.0807977 0.00838201 0.956242 52 0.104807 0.0138039 0.919849 41
 0.0851999 0.0166605 0.94495 81 0.119129 0.0205507 0.920443 34 0.0786589 -0.000925981 0.958528 27
 0.0828717 -0.00519875 0.960977 148 0.0694413 0.0153161 0.925892 20 0.0965696 0.02303 0.931306 19
 0.0727657 -0.0319342 0.966323 87 0.0833213 -0.00994538 0.965488 68 0.068431 0.00396568 0.941581 22
 0.106399 0.034491 0.933597 90 0.107081 0.0326657 0.917198 32 0.13053 0.0277958 0.92525 21
 0.103386 0.0211374 0.921612 147 0.10743 -0.0147607 0.952048 27 0.101225 0.0173996 0.967536 12
 0.112178 0.0290567 0.945443 80 0.093531 -0.000419467 0.975948 70 0.0980956 0.0091039 0.930508 24
 0.102829 0.00374813 0.975087 84 0.107555 0.0295572 0.947091 47 0.127931 0.0192379 0.917888 32
 0.100534 -0.0157306 0.971555 122 0.103034 -0.0100654 0.974603 73 0.0923184 0.00705143 0.923963 5
 0.094653 -0.0335991 0.970637 113 0.111525 0.00904099 0.984304 35 0.0745701 0.000599369 0.965561 33
 0.129347 0.0232644 0.915252 166 0.116143 0.00272636 0.979678 22 0.0910009 0.0361701 0.928949 10
 0.129964 0.0178286 0.922019 149 0.125542 0.0131118 0.982932 23 0.0956994 0.0327055 0.940541 10
 0.128136 -0.00572838 0.927844 145 0.125958 -0.00369316 0.987966 30 0.111373 0.0252019 0.933991 16
 0.129529 0.0214501 0.920891 76 0.124787 -0.0129386 0.949388 46 0.109501 0.00902039 0.979099 23
 0.124137 -0.0112574 0.950235 57 0.129623 -0.00124132 0.987209 44 0.108738 -0.0402403 0.964743 43
 0.0554433 -0.0336645 0.97568 7 0.124295 -0.0229543 0.958104 7 0.0700259 -0.0205027 0.96419 5
 0.133481 0.000189055 0.920377 182 0.135005 0.00586121 0.988928 10 0.0983098 0.0145808 0.906593 6
 0.134385 -0.00831347 0.933256 151 0.129913 0.00215531 0.992412 32 0.131518 0.0214948 0.923043 10
 0.117103 -0.0305924 0.954624 99 0.123584 0.027686 0.903902 43 0.121373 -0.0294288 0.954768 26
 0.119618 -0.0336343 0.961344 81 0.122353 -0.0252164 0.951273 53 0.123771 0.0162716 0.919741 33
 0.108054 -0.0492859 0.968721 200
 0.09429 -0.0499169 0.969649 144 0.0925806 -0.0540216 0.971233 32 0.0756795 -0.0868426 0.992474 24
 0.0528621 -0.0743499 0.990633 190 0.0824082 -0.0353611 0.974468 10
 0.0395819 -0.0967998 0.999251 8 0.065609 -0.0885604 0.999644 5 0.0996369 -0.0462167 0.964374 5
 0.084098 -0.0187607 0.971789 75 0.101833 -0.0358213 0.971364 11 0.0959 0.000701006 0.984854 5
 0.0694264 -0.0180524 0.965645 72 0.0928048 -0.061194 0.975596 67 0.0803333 -0.00575659 0.976024 31
 0.0704901 -0.0360371 0.966897 80
 0.0523283 -0.0752141 0.987628 140 0.0830429 -0.0625128 0.969367 36 0.0503916 -0.103207 0.997955 13
