 -0.122709 -0.0151646 0.967833 142 -0.136355 -0.0157313 0.999021 30 -0.134081 -0.0303515 1.03623 12
 -0.13233 -0.0081747 0.976253 152 -0.0944374 -0.0100379 0.965622 19 -0.145549 -0.00944125 1.00461 19
 -0.13712 -0.002897 0.985048 135 -0.140711 -0.0319192 1.03504 51 -0.105427 0.00514441 0.967123 9
 -0.141109 0.00302658 0.995014 145 -0.124101 -0.0645315 1.03169 13 -0.121854 -0.00704652 0.973358 10
 -0.142216 -0.00114416 1.00537 186 -0.14844 -0.0234725 1.02672 11 -0.131798 -0.0507831 1.03889 2
 -0.150508 -0.012167 1.0175 200
 -0.115005 -0.0125644 0.970776 185 -0.114671 -0.0286144 1.039 12 -0.0955388 -0.0610129 1.02175 2
 -0.125009 -0.00200046 0.976057 188 -0.125757 -0.0239678 1.03634 10 -0.105226 -0.050619 1.01488 2
 -0.122188 0.00859202 0.981274 179 -0.132897 -0.0182983 1.03624 21
 -0.126995 0.0126545 0.987335 164 -0.122525 -0.0116859 1.03182 15 -0.136559 -0.0367852 1.03687 7
 -0.144841 -0.0158877 1.02319 80 -0.125695 -0.00257976 0.984291 46 -0.129822 -0.0274506 1.03739 36
 -0.13716 -0.0296797 1.03996 126 -0.128366 0.0137516 0.986942 45 -0.132679 -0.0138253 0.971987 21
 -0.102787 -0.0130157 0.970983 138 -0.11088 0.0250181 0.983562 52 -0.1063 -0.0212626 1.03633 10
 -0.107013 0.0034734 0.974684 192 -0.109414 -0.0180684 1.0273 8
 -0.1053 0.0139393 0.982805 197 -0.124115 -0.00771618 1.0299 3
 -0.107034 0.0221746 0.98986 170 -0.121507 -0.00741979 0.97273 14 -0.0970644 -0.0156911 1.03233 8
 -0.118592 -0.0182251 1.04055 63 -0.107907 -0.0398633 1.04024 30 -0.105289 0.0191376 0.978033 29
 -0.118241 -0.0230169 1.0439 165 -0.114164 0.00924093 0.97862 19 -0.115277 -0.000312713 0.977096 16
 -0.0850995 0.0228442 0.982462 124 -0.0616097 -0.0590345 0.997664 74 -0.126203 0.0247029 0.97936 2
 -0.0837481 -0.00643558 0.978071 199 -0.0779361 -0.0577325 1.00187 1
 -0.0877044 0.00620227 0.982513 162 -0.106617 0.0231164 0.989924 19 -0.0976662 -0.0178143 1.02139 8
 -0.0887171 0.0140462 0.982642 118 -0.0865325 -0.0396219 1.03503 47 -0.121718 -0.0552887 1.04124 23
 -0.10101 -0.0530267 1.03632 58 -0.0882952 -0.000293991 0.977175 51 -0.0947562 -0.0149284 1.03806 32
 -0.102153 -0.0238141 1.04718 132 -0.10206 0.0204182 0.996544 13 -0.103974 -0.0213701 0.984001 2
 -0.0634581 -0.0582321 0.998736 180 -0.121931 -0.0134655 0.970672 5 -0.162872 -0.123727 1.11272 5
 -0.0855172 -0.0559789 1.02057 77 -0.0720352 -0.0423571 0.989451 44 -0.08576 -0.00700914 1.03043 19
 -0.0874447 -0.0473421 1.01458 88 -0.0878847 -0.0232551 1.03045 74 -0.0919991 0.0140596 0.967067 36
 -0.0875513 -0.054183 1.02514 67 -0.0873954 -0.0278912 1.03973 39 -0.0748024 -0.0461246 1.00566 35
 -0.106515 -0.0660223 1.04337 195 -0.120216 -0.0806804 1.0849 3 -0.0929718 -0.0205227 1.04975 2
 -0.126184 -0.0587415 1.0452 196 -0.152665 -0.0369379 1.01843 3 -0.10318 -0.0209665 1.03361 1
 -0.154905 -0.0697462 1.07664 200
 -0.132619 -0.0776334 1.09295 22 -0.141558 -0.0674758 1.05262 8
 -0.131289 -0.0252813 1.0463 31 -0.137363 -0.0549107 1.04981 10
 -0.140889 -0.0266931 1.0381 199 -0.109952 -0.046658 1.03524 1
 -0.133296 -0.0539528 1.04857 11
 -0.158069 -0.0751804 1.08552 66 -0.0956127 0.0112089 0.990294 9 -0.140719 -0.10056 1.10214 2
