 -0.112945 0.0034206 0.958598 107 -0.0970037 -0.00312621 0.948135 55 -0.0751777 -0.133331 1.00345 17
 -0.113636 -0.00359919 0.959864 197 -0.0883635 -0.0752974 0.953758 3
 -0.111238 -0.000282627 0.952524 117 -0.105037 -0.0293523 0.95291 60 -0.0815388 -0.0849815 0.958723 9
 -0.113006 -0.00289818 0.959971 163 -0.0841179 -0.0813712 0.948672 34 -0.0645306 -0.133816 0.989812 3
 -0.112806 -0.00868273 0.965148 97 -0.0981288 -0.042441 0.96119 62 -0.100655 -0.0366976 0.963375 21
 -0.0970801 -0.0481753 0.955838 102 -0.0856135 -0.0767069 0.950873 41 -0.100896 -0.0130521 0.96081 25
 -0.0883171 0.015222 0.948985 199 -0.0493399 -0.139697 0.986891 1
 -0.0868617 0.0104446 0.947293 97 -0.0943388 0.00140278 0.955571 70 -0.0920051 0.00444484 0.952504 20
 -0.0966672 0.00965395 0.954478 71 -0.0928064 0.0200474 0.937977 51 -0.0909121 -0.0137273 0.960181 30
 -0.0968287 0.014595 0.948043 72 -0.0669441 -0.0286109 0.976968 62 -0.0967736 -0.0125156 0.960476 47
 -0.0746187 -0.0207374 0.995088 76 -0.0951052 0.00219034 0.960237 37 -0.0755919 -0.0471571 0.974125 31
 -0.0774769 -0.0460202 0.982528 75 -0.0930529 -0.0227767 1.00066 74 -0.07026 -0.0765475 0.947461 36
 -0.071661 0.0262806 0.942465 196 -0.0762628 0.0008054 1.00409 4
 -0.0778218 0.0136848 0.94253 198 -0.11443 -0.00790305 0.969963 2
 -0.081787 0.000550686 0.948751 134 -0.0857833 -0.00402484 0.997971 63 -0.0685148 -0.0804904 0.961207 2
 -0.0739707 0.00899139 0.951283 50 -0.0828056 -0.0152182 0.999991 44 -0.0568828 -0.0891956 0.959713 36
 -0.0740646 -0.0264462 0.986045 82 -0.0730938 -0.0211702 0.969497 37 -0.0735788 -0.0256083 0.979132 36
 -0.075931 -0.0623512 0.957595 64 -0.088694 -0.0139578 1.0047 41 -0.0681864 -0.0177714 0.98435 34
 -0.060715 0.0224787 0.94611 175 -0.0396088 -0.157424 1.02271 14 -0.0632889 -0.00519089 0.959236 9
 -0.0605422 0.0101251 0.953053 177 -0.0508135 -0.159187 1.03016 13 -0.0537839 -0.0352551 0.973827 5
 -0.0561133 0.00293126 0.955277 106 -0.0716225 0.0122829 0.947168 42 -0.0650968 0.00938887 0.950041 29
 -0.0667944 0.0043241 0.961466 55 -0.041759 -0.0922272 0.985984 41 -0.0590394 -0.0027958 0.967524 40
 -0.0546751 -0.0108503 0.973878 89 -0.0611513 -0.0431317 0.971272 40 -0.0657433 -0.0343526 0.973513 19
 -0.0520871 -0.0567533 0.977573 187 -0.0895124 -0.0245911 0.970357 6 -0.0444845 -0.0922772 0.981708 6
 -0.0728587 0.0280676 0.946452 77 -0.0322684 -0.03027 0.966565 41 -0.0963821 -0.0114165 0.933057 23
 -0.0568434 -0.00792049 0.971368 84 -0.0577505 -0.151991 1.00708 71 -0.0618225 -0.129479 0.976972 40
 -0.0458744 -0.0948586 0.984229 114 -0.055816 -0.0315938 0.969775 54 -0.0685413 0.00813996 0.95 17
 -0.0439799 -0.0726409 0.984678 117 -0.06456 -0.00299546 0.967638 55 -0.0634415 -0.0655161 0.973364 12
 -0.0461096 -0.0852529 0.980728 77 -0.0512096 -0.041434 0.974995 53 -0.0482254 -0.0902811 0.980954 23
 -0.0555816 -0.0773721 0.965436 101 -0.0441699 -0.0873942 0.981551 80 -0.0608842 -0.042989 0.966128 17
 -0.0681146 -0.112881 0.985186 181 -0.0531975 -0.0391217 0.969181 11 -0.05989 -0.0119602 0.961228 3
 -0.063 -0.025233 0.974458 53 -0.0558325 -0.0586359 0.973583 23 -0.0588752 -0.100241 0.978161 17
 -0.0667988 -0.0486285 0.976673 47 -0.0849271 -0.0374137 0.985642 18 -0.0600443 -0.114132 0.989006 16
 -0.0873838 -0.0453401 0.976597 117 -0.0795729 -0.0713902 0.962934 39 -0.10522 -0.0214899 0.966763 14
 -0.0992064 -0.0321394 0.975148 19 -0.0755188 -0.0706709 0.956686 4 -0.0764485 -0.0982526 0.98631 1
 -0.0591634 -0.0820115 0.975212 22 -0.0727373 -0.11748 1.00146 14 -0.0741535 -0.152385 1.02077 1
