 -0.125454 0.0292632 0.952659 55 -0.110188 -0.00218079 0.948112 44 -0.117263 0.0433578 0.977437 26
 -0.118281 0.0334326 0.982278 63 -0.124792 0.0191078 0.956174 62 -0.105113 -0.0155942 0.958725 18
 -0.114449 0.0158795 0.953862 65 -0.0932796 -0.0523227 0.938723 53 -0.118047 0.0169927 0.995172 32
 -0.112983 0.00605169 0.95977 61 -0.0906162 -0.0445599 0.944686 53 -0.115529 0.00760932 0.997987 19
 -0.0928767 -0.0556402 0.947034 116 -0.110183 -0.00394831 0.964816 32 -0.0822105 -0.0758122 0.9329 24
 -0.0779944 -0.0882834 0.941689 90 -0.082764 -0.0664482 0.947784 69 -0.0815864 -0.0733813 0.944777 35
 -0.122561 0.0255712 0.956697 177 -0.108269 0.0482715 0.981 16 -0.109823 0.023085 0.992007 5
 -0.124471 0.0108523 0.959291 127 -0.121263 0.01069 0.997918 52 -0.067882 -0.0177489 0.99417 9
 -0.113301 -0.00512067 0.954013 96 -0.0695876 -0.0765374 0.956955 71 -0.0650867 -0.131635 0.977658 15
 -0.107977 -0.0176961 0.953658 111 -0.0751671 -0.0663109 0.960889 59 -0.129728 0.0260934 0.962367 17
 -0.0664858 -0.0614895 0.948526 133 -0.116811 -0.00540325 0.96091 20 -0.11224 -0.013228 0.978324 15
 -0.0717149 -0.0690014 0.962897 92 -0.0681718 -0.0764636 0.954224 60 -0.0772993 -0.0306989 0.976577 35
 -0.11044 0.0432858 0.980678 71 -0.119447 0.0432916 0.966153 61 -0.0274402 0.0162694 0.958169 33
 -0.116859 0.0272861 0.985899 124 -0.025482 -0.00905977 0.963269 40 -0.117842 0.0265911 0.964234 33
 -0.0505343 -0.0383315 0.975194 71 -0.118628 0.000771495 1.00018 50 -0.0632586 -0.0912057 0.951575 30
 -0.056639 -0.0311612 0.976251 104 -0.0535926 -0.06847 0.955956 69 -0.104543 -0.0241453 0.967543 8
 -0.0594054 -0.0569715 0.971833 86 -0.0902221 -0.0448202 0.975745 52 -0.108062 -0.00398559 0.99984 35
 -0.0875755 -0.0287802 0.999762 121 -0.0719184 -0.0608124 0.960937 68 -0.0897498 -0.0259736 0.958708 10
 -0.0256028 0.0141349 0.954877 144 -0.102572 0.0400044 0.984772 29 -0.125983 0.0391209 0.955614 23
 -0.0300905 0.00199971 0.959394 141 -0.112324 0.0302972 0.984249 54 -0.117227 0.00297944 0.955381 3
 -0.0354809 -0.0167849 0.967151 157 -0.116135 0.0177047 0.954917 27 -0.112023 0.0220647 0.993117 16
 -0.0416966 -0.0289404 0.968807 134 -0.0998025 -0.0202057 0.982424 24 -0.124166 0.00716009 0.957119 19
 -0.0769171 -0.0266818 0.991656 49 -0.0468313 -0.0513478 0.965833 48 -0.087616 -0.0445201 0.973428 31
 -0.0962359 -0.0145799 1.00348 109 -0.0500674 -0.0665133 0.969585 47 -0.0829911 -0.0308095 0.989532 27
 -0.0273582 0.00939555 0.960869 139 -0.119056 0.035917 0.967641 61
 -0.0357381 -0.0112299 0.968782 106 -0.117027 0.0216896 0.993653 37 -0.0651381 -0.151562 0.996701 29
 -0.0407095 -0.0350248 0.970029 107 -0.039726 -0.0408435 0.968632 83 -0.122518 0.00544298 1.00285 5
 -0.0422711 -0.0512044 0.969313 199 -0.0964415 -0.0474929 0.966564 1
 -0.0410152 -0.0836228 0.968723 192 -0.0790397 -0.135537 1.01384 4 -0.0799421 -0.0857537 0.950567 3
 -0.0507819 -0.0947611 0.964296 101 -0.0573738 -0.0694989 0.956095 44 -0.0540564 -0.0838899 0.959537 27
 -0.0650861 -0.119917 0.972162 137 -0.0975513 -0.0351972 0.947185 41 -0.0864587 -0.074115 0.94923 9
 -0.0475255 -0.0819513 0.972491 45 -0.0656744 -0.125556 0.96848 1 -0.048771 -0.116314 0.988659 1
 -0.0797771 -0.0610391 0.968024 10 -0.0792642 -0.0499193 0.974964 7 -0.0391303 -0.0677773 0.971142 6
 -0.0761941 -0.0828937 0.949878 96 -0.0875348 -0.0521688 0.970677 54 -0.0867923 -0.0432495 0.984355 16
 -0.0746505 -0.0502352 0.988318 8 -0.0958073 -0.00257513 1.0069 2
 -0.0804023 -0.118627 0.978113 16 -0.0537393 -0.131895 0.983673 6 -0.0514034 -0.101446 0.97168 2
