 -0.118556 -0.0418183 0.952659 69 -0.077512 -0.0498191 0.94765 41 -0.139733 -0.0625866 1.02243 38
 -0.138934 -0.0354185 0.992737 70 -0.125588 -0.0366864 0.956825 62 -0.0940868 -0.0373739 0.942344 33
 -0.140642 -0.0304717 0.994537 87 -0.13334 -0.0295108 0.960198 58 -0.102215 -0.00836468 0.951105 32
 -0.14567 -0.0231407 1.00005 101 -0.138654 -0.0211252 0.965083 44 -0.112241 -0.0716215 1.00222 26
 -0.144718 -0.0266503 1.00481 115 -0.136054 -0.0199669 0.971594 28 -0.103928 -0.00115301 0.964545 24
 -0.144616 -0.0261775 1.00239 164 -0.125694 -0.0298178 0.953867 31 -0.150306 -0.0841572 1.04112 3
 -0.109551 -0.0353977 0.951323 187 -0.0896748 -0.0766625 0.996191 8 -0.14218 -0.115589 1.10507 5
 -0.117414 -0.0279014 0.956239 198 -0.123035 -0.0257976 0.989474 2
 -0.117907 -0.0207873 0.959598 189 -0.124639 -0.0163213 0.988175 5 -0.100911 -0.0352792 0.95038 3
 -0.126214 -0.0137221 0.968121 102 -0.088412 -0.0335053 0.950142 78 -0.115468 -0.0371569 0.955817 7
 -0.109347 -0.030465 0.958125 72 -0.116948 -0.0186783 0.957873 37 -0.116579 -0.0241133 0.958238 28
 -0.123866 -0.0202164 0.965261 76 -0.126314 -0.0628734 1.00946 56 -0.136748 -0.0440228 1.0176 33
 -0.096748 -0.0378517 0.949075 146 -0.0935863 -0.00759932 0.945126 28 -0.105629 -0.00162434 0.95508 14
 -0.100417 -0.0237117 0.955247 187 -0.121654 -0.0576071 1.0086 9 -0.0917254 -0.0532056 1.00672 4
 -0.104643 -0.0189842 0.960373 198 -0.0874974 -0.0525131 1.02113 2
 -0.106226 -0.010093 0.962582 156 -0.0828008 -0.0264131 0.957682 25 -0.0951953 -0.0696624 1.00687 15
 -0.105288 -0.0133989 0.956644 44 -0.10953 -0.0218173 0.956324 28 -0.111143 -0.0267193 0.956309 21
 -0.112608 -0.0176216 0.960367 36 -0.120275 -0.0562029 1.02716 25 -0.106507 -0.0384697 0.961808 20
 -0.0778046 -0.00380662 0.962985 144 -0.0776894 -0.0828115 0.991135 29 -0.0717147 -0.0841609 0.966417 27
 -0.0780554 -0.0293953 0.957962 85 -0.0783758 -0.0231708 0.958232 70 -0.0837337 -0.0800709 1.0019 27
 -0.0832816 -0.0225207 0.965207 196 -0.123443 -0.023293 0.959999 4
 -0.083201 -0.00905596 0.965364 129 -0.0852424 -0.066176 1.01101 38 -0.114057 -0.015305 0.962352 33
 -0.0887485 -0.0262274 0.954487 73 -0.12421 -0.0217774 0.957619 40 -0.110929 -0.0751043 1.0249 21
 -0.124017 -0.0543834 1.0346 2 -0.116771 -0.0756938 1.02363 1
 -0.0724325 -0.0810061 0.964199 66 -0.0787023 -0.0837835 0.998219 49 -0.0738569 0.00776028 0.967148 30
 -0.0876389 -0.077194 1.00561 60 -0.0821897 -0.0114118 0.973423 49 -0.0885726 -0.0355775 0.961125 29
 -0.0908972 -0.0472331 1.00269 119 -0.087762 -0.0153815 0.942839 38 -0.0928933 -0.0746121 1.01215 23
 -0.0945755 -0.0601448 1.0111 141 -0.0880219 -0.0294109 0.959527 46 -0.120287 -0.0795236 1.03772 8
 -0.102888 -0.0701501 1.01989 159 -0.0879333 -0.0263594 0.960843 4 -0.129757 -0.0811418 1.08715 2
 -0.120543 -0.0677477 1.02847 68 -0.133795 -0.0865107 1.08725 2 -0.12699 -0.0886875 1.08153 1
 -0.152802 -0.071266 1.06708 153 -0.144602 -0.0596321 1.02571 16 -0.147788 -0.0666494 1.05048 9
 -0.132016 -0.0741272 1.08296 10 -0.0939422 -0.0534593 1.0129 4 -0.125369 -0.066683 1.03258 2
 -0.107378 -0.0494824 1.01537 4
 -0.139888 -0.0494904 1.02776 169 -0.113488 -0.0276915 0.959735 22 -0.104281 -0.0216526 0.944934 4
 -0.129009 -0.0501578 1.03285 13 -0.13825 -0.0330401 1.01467 4
 -0.107943 -0.049698 1.01346 4 -0.120002 -0.0376241 0.95972 2 -0.150015 -0.0702141 1.06991 1
