 0.0907651 -0.224045 0.8433 69 0.119078 -0.131858 0.828637 41 0.0803982 -0.141278 0.847906 28
 0.0470764 -0.163004 0.888165 69 0.0857827 -0.220466 0.854157 50 0.106243 -0.132266 0.831158 38
 0.0538321 -0.147511 0.88108 80 0.0863368 -0.166592 0.863089 33 0.0717072 -0.22433 0.892391 24
 0.0815566 -0.219964 0.86862 74 0.0615206 -0.22086 0.901489 44 0.0272127 -0.205746 0.920044 21
 0.0762218 -0.214616 0.87776 79 0.0548989 -0.219042 0.904833 32 -0.00418817 -0.207736 0.965322 21
 0.043826 -0.162665 0.892489 41 0.0397924 -0.160652 0.898193 38 0.0452054 -0.198782 0.892759 28
 0.0636443 -0.16946 0.884268 84 0.106025 -0.13964 0.832417 64 0.0892778 -0.220953 0.849931 16
 0.0719331 -0.155391 0.877694 97 0.0861764 -0.14162 0.850752 46 0.121942 -0.184288 0.846826 14
 0.0674773 -0.154725 0.877598 85 0.0803454 -0.139164 0.845791 35 0.0818266 -0.143177 0.846544 27
 0.0694626 -0.178557 0.875034 82 0.0700578 -0.151251 0.868628 26 0.0977231 -0.157525 0.869766 20
 0.0819349 -0.163022 0.876079 81 0.0312012 -0.184175 0.927468 28 0.0547246 -0.163396 0.871608 26
 0.0582522 -0.182493 0.886521 77 0.0887198 -0.17167 0.86751 54 0.0622155 -0.15422 0.876573 42
 0.109285 -0.134061 0.827398 117 0.139288 -0.175562 0.840353 41 0.0958463 -0.2305 0.836872 11
 0.100949 -0.140152 0.83447 82 0.0992816 -0.137025 0.9267 26 0.0618228 -0.179034 0.883424 20
 0.0928503 -0.144236 0.925925 80 0.0880971 -0.161976 0.871753 49 0.0900365 -0.169691 0.868343 40
 0.0963258 -0.14089 0.928365 100 0.0901836 -0.178794 0.867565 37 0.0769693 -0.134812 0.853052 34
 0.0794381 -0.16503 0.877347 98 0.077262 -0.172668 0.878139 65 0.0833738 -0.132122 0.83992 11
 0.0919241 -0.144169 0.930346 77 0.07262 -0.156429 0.881527 74 0.0839598 -0.177665 0.874381 26
 0.109984 -0.128046 0.824944 118 0.135854 -0.180444 0.840344 37 0.096125 -0.230464 0.84422 31
 0.110461 -0.138282 0.830557 83 0.124153 -0.184159 0.846457 60 0.0930702 -0.223742 0.843765 44
 0.110959 -0.179658 0.852831 96 0.111307 -0.138011 0.823765 34 0.108136 -0.145041 0.922246 25
 0.119542 -0.179397 0.854708 117 0.10193 -0.138699 0.92644 52 0.0670646 -0.205011 0.880032 8
 0.0996011 -0.168867 0.873951 39 0.101327 -0.134207 0.837171 39 0.103318 -0.166477 0.873532 31
 0.0756719 -0.145757 0.870894 45 0.104823 -0.172446 0.859047 29 0.0551913 -0.18748 0.884743 6
 0.105373 -0.139414 0.829703 76 0.136579 -0.177663 0.843394 76 0.0952579 -0.228819 0.845572 40
 0.13072 -0.181038 0.8459 92 0.0849846 -0.219255 0.865784 69 0.122925 -0.165836 0.880049 14
 0.117497 -0.18393 0.855423 95 0.11238 -0.157292 0.876985 60 0.0685106 -0.2132 0.881961 43
 0.104606 -0.155666 0.870668 54 0.0979549 -0.184149 0.86645 53 0.0572422 -0.2109 0.899418 41
 0.0701329 -0.212826 0.901245 85 0.0730333 -0.208623 0.896291 57 0.107503 -0.172468 0.856622 35
 0.0500596 -0.19623 0.902417 161 0.0874624 -0.181882 0.861033 25 0.0847567 -0.177492 0.856535 13
 0.0303869 -0.184534 0.951661 84 0.0258723 -0.187579 0.962152 65 0.0535394 -0.157891 0.897999 21
 0.0852912 -0.144152 0.938435 6 0.0128004 -0.198835 0.96918 5 0.10096 -0.165823 0.852641 2
 0.0563215 -0.170149 0.892142 67 0.0900226 -0.169354 0.873392 39 0.0491955 -0.179163 0.914819 12
 0.0531425 -0.162845 0.900392 97 0.0449225 -0.189657 0.917891 38 0.041733 -0.180975 0.919587 27
 0.077085 -0.159654 0.871867 116 0.0479436 -0.177373 0.917822 3 0.0326269 -0.185625 0.94763 2
 0.0848546 -0.157157 0.928927 35 0.0759004 -0.152524 0.9449 30 0.0165975 -0.204421 0.965429 29
