 -0.0974101 -0.0640158 0.943138 193 -0.0364515 -0.0331586 0.942717 5 -0.0912268 -0.103271 0.958244 2
 -0.0962009 -0.0756172 0.947036 200
 -0.0903882 -0.0896557 0.956513 199 -0.0412371 -0.0537426 0.939495 1
 -0.0863858 -0.0999577 0.962086 177 -0.0839457 -0.0660593 0.94244 16 -0.022387 -0.151069 0.963788 6
 -0.0816346 -0.108817 0.962794 165 -0.087763 -0.0713481 0.949612 18 -0.0306967 -0.152542 0.961089 16
 -0.0818746 -0.111127 0.96143 200
 -0.053388 -0.0420943 0.94659 193 -0.0456263 -0.0671197 0.968709 5 -0.028402 -0.0824682 0.980136 2
 -0.0584648 -0.0525941 0.953655 188 -0.0381936 -0.0779414 0.982677 12
 -0.0606501 -0.0663759 0.96235 192 -0.0188589 -0.0729125 0.974419 8
 -0.0612318 -0.0769372 0.96618 197 -0.0152675 -0.0705518 0.935919 2 -0.0472712 -0.133734 0.972917 1
 -0.056848 -0.0922465 0.971072 175 -0.0552606 -0.122612 0.977546 23 -0.0561211 -0.116759 0.976764 1
 -0.0567571 -0.100737 0.9742 200
 -0.0437791 -0.0388789 0.944749 200
 -0.0501467 -0.0523174 0.953339 189 -0.0421529 -0.106787 0.982026 5 -0.0263263 -0.0906195 0.985932 2
 -0.0611314 -0.0666755 0.960723 58 -0.0458871 -0.0529538 0.955125 54 -0.060248 -0.070579 0.963896 36
 -0.0382516 -0.0871659 0.983416 101 -0.0479011 -0.0574313 0.961495 71 -0.0338196 -0.153969 0.956615 14
 -0.0367553 -0.0946936 0.987784 118 -0.0414417 -0.0675977 0.976601 44 -0.0323727 -0.129956 0.983771 31
 -0.035629 -0.092254 0.991213 200
 0.00664259 -0.0858781 0.937383 89 -0.0306688 -0.0375554 0.940779 70 -0.0259674 -0.0732858 0.973965 24
 -0.00582957 -0.0783189 0.94814 54 -0.0334565 -0.0777301 0.978242 34 -0.00222284 -0.083191 0.943076 30
 -0.0179631 -0.0742845 0.966237 55 -0.0470973 -0.0583236 0.958027 34 -0.00273799 -0.100233 0.945354 30
 -0.0168117 -0.0709986 0.972339 72 -0.0058377 -0.0693858 0.94413 34 -0.0474085 -0.0566656 0.968714 33
 -0.018022 -0.0829719 0.983359 147 0.000942143 -0.125819 0.961626 15 -0.0104405 -0.139039 0.96782 12
 -0.0275935 -0.102792 0.994489 144 -0.0525983 -0.0943028 0.982481 50 -0.0491413 -0.182354 0.97747 3
 0.0104117 -0.0889279 0.936565 190 0.00613963 -0.106118 0.970465 9 -0.08241 -0.246797 1.04636 1
 0.00722805 -0.107564 0.953187 153 -0.0725818 -0.224651 0.999326 41 -0.0732908 -0.241183 1.04377 5
 -0.00106919 -0.120431 0.964867 200
 -0.00502569 -0.133178 0.969983 200
 -0.0167965 -0.157726 0.972627 200
 -0.0379201 -0.153994 0.963294 199 -0.0108824 -0.103673 0.980105 1
 -0.0578953 -0.1849 0.98511 91 -0.0538079 -0.172655 0.971811 56 -0.0570795 -0.123057 0.962891 24
 -0.0624343 -0.160088 0.960208 17 -0.0623381 -0.182724 0.974846 8 -0.0351761 -0.174131 0.977821 4
 -0.044801 -0.11848 0.98686 119 -0.0459405 -0.110468 0.988174 63 -0.0396141 -0.0715296 0.96156 1
 -0.064181 -0.130374 0.970027 200
 -0.0342371 -0.139444 0.98796 4 -0.0628828 -0.164123 0.96267 1
 -0.0617236 -0.175142 0.977932 200
