 -0.140554 -0.167654 1.06505 37 -0.075633 -0.0264162 0.974204 36 -0.076384 -0.058325 0.991381 33
 -0.142143 -0.164701 1.07476 58 -0.0830379 -0.0286867 0.979271 48 -0.132936 -0.159347 1.03716 25
 -0.0863893 -0.140713 0.924888 65 -0.128687 -0.151934 1.03875 29 -0.129932 -0.163251 1.05635 22
 -0.0875547 -0.137411 0.940496 55 -0.125169 -0.161949 1.05132 26 -0.0838387 -0.073684 0.925514 25
 -0.0888426 -0.133065 0.94848 80 -0.084053 -0.0801776 0.935644 31 -0.134552 -0.186099 1.07525 16
 -0.0939481 -0.122938 0.933359 41 -0.0845172 -0.0674822 0.986285 22 -0.126483 -0.13834 1.03088 17
 -0.0807622 -0.0226537 0.97535 55 -0.126588 -0.134189 1.01785 19 -0.0854549 -0.150703 0.89794 19
 -0.0804101 -0.0556711 0.996323 52 -0.077122 -0.029117 0.981805 46 -0.0686257 -0.0725203 0.931243 25
 -0.0777326 -0.0419768 0.987134 108 -0.0897976 -0.131338 0.950118 47 -0.0818934 -0.0763132 0.941579 20
 -0.0810437 -0.0856061 0.943126 66 -0.0767924 -0.0477982 0.991942 48 -0.0777183 -0.117852 0.936037 44
 -0.0884294 -0.0998551 0.932077 145 -0.14549 -0.145221 1.05519 19 -0.0900259 -0.12774 0.944274 10
 -0.0895354 -0.105224 0.941947 174 -0.144526 -0.165151 1.05877 15 -0.0602143 -0.123501 0.932258 3
 -0.0747341 -0.0147546 0.975899 113 -0.0804745 -0.116164 0.941271 29 -0.0768067 -0.0976027 0.934959 19
 -0.0778129 -0.0317279 0.980475 180 -0.0822783 -0.110115 0.939512 10 -0.0833311 -0.0697465 0.975175 8
 -0.081899 -0.04952 0.986851 142 -0.0840468 -0.0985744 0.942052 21 -0.0946488 -0.126856 0.951735 10
 -0.0836988 -0.061914 0.991076 80 -0.092827 -0.0902612 0.952873 47 -0.0814161 -0.120687 0.940588 17
 -0.0967524 -0.148634 0.921861 103 -0.0936007 -0.094703 0.931663 33 -0.0903267 -0.0755043 0.926727 25
 -0.0977211 -0.0913557 0.954393 61 -0.0866986 -0.0930072 0.943917 23 -0.0857514 -0.0721843 0.986244 13
 -0.0773287 -0.0115865 0.973194 167 -0.0813399 -0.0903903 0.928194 20 -0.128183 -0.187993 1.08234 6
 -0.0768718 -0.02528 0.977941 174 -0.0829351 -0.103418 0.933048 17 -0.0753855 -0.0660057 0.987064 8
 -0.0794665 -0.0430535 0.986318 167 -0.0776645 -0.0686483 0.991223 16 -0.137283 -0.159994 1.06508 7
 -0.0809951 -0.0656648 0.990006 99 -0.079039 -0.101907 0.939327 56 -0.0839595 -0.089196 0.93893 19
 -0.0937128 -0.125199 0.933082 77 -0.0967206 -0.0728702 0.941867 56 -0.0837025 -0.0706618 0.994964 21
 -0.0610895 -0.0671436 0.985634 8 -0.0995113 -0.0786 0.958113 6 -0.100031 -0.104844 0.934966 3
 -0.0784959 -0.0159525 0.979167 143 -0.128553 -0.174351 1.05587 21 -0.0748156 -0.0614641 0.988839 20
 -0.0794959 -0.0358984 0.985631 88 -0.079841 -0.0795026 0.989569 45 -0.074856 -0.0761039 0.939525 39
 -0.0816856 -0.0580746 0.998047 167 -0.0873235 -0.083498 0.93979 21 -0.0885393 -0.130021 0.949014 8
 -0.0987727 -0.134652 0.917643 82 -0.0924989 -0.139726 0.958318 10 -0.135352 -0.165397 1.05222 9

 -0.0857825 -0.0977202 0.938981 23 -0.0829246 -0.127919 0.943855 6 -0.0996089 -0.143093 0.916662 1
 -0.113523 -0.138296 1.03148 38 -0.0866881 -0.123128 0.941204 25 -0.128862 -0.167713 1.0704 21

 -0.0832004 -0.147178 0.940814 11 -0.0802757 -0.157853 0.909439 5 -0.132459 -0.178507 1.08257 2
 -0.0819735 -0.0970641 0.929619 3 -0.131327 -0.138015 1.03753 2 -0.118671 -0.121513 1.02104 2
 -0.120684 -0.127938 1.02727 1.03429

