 -0.0543735 -0.0715966 0.99064 53 -0.0902446 -0.232877 1.03071 43 -0.0652982 -0.122146 0.916052 19
 -0.0587614 -0.0803519 0.990106 64 -0.0682357 -0.0999753 0.843829 47 -0.0684214 -0.129505 0.918164 18
 -0.0697384 -0.112933 0.8552 42 -0.0814382 -0.224498 1.0238 23 -0.0611191 -0.0920858 0.991044 16
 -0.069569 -0.121244 0.864037 41 -0.0825249 -0.196142 0.939482 35 -0.088874 -0.218487 1.02197 32
 -0.0902755 -0.213271 1.02274 44 -0.0539882 -0.151305 0.98031 35 -0.0716167 -0.155714 0.85458 30
 -0.0796975 -0.185507 0.924995 47 -0.0663105 -0.167351 0.983929 29 -0.0689602 -0.114433 0.97085 25
 -0.0676137 -0.0941502 0.85018 110 -0.0664562 -0.094269 0.973231 29 -0.0658435 -0.0997839 0.91371 24
 -0.0684111 -0.112348 0.858868 78 -0.0697672 -0.117266 0.919166 58 -0.0543104 -0.130457 0.934072 19
 -0.0709337 -0.137939 0.929133 100 -0.064013 -0.105519 0.859815 23 -0.0639049 -0.124616 0.990966 20
 -0.0601915 -0.115216 0.85803 48 -0.0759235 -0.145717 0.926069 48 -0.0638584 -0.162741 0.918891 28
 -0.0736492 -0.148957 0.912207 118 -0.0828674 -0.158824 0.927174 23 -0.0726668 -0.130139 0.84063 18
 -0.0759673 -0.149029 0.91764 136 -0.0715816 -0.130474 0.861667 31 -0.0607332 -0.107712 0.849809 7
 -0.055371 -0.071868 0.991308 112 -0.0506983 -0.133051 0.994486 54 -0.0695322 -0.0933765 0.852282 22
 -0.0578771 -0.0878239 0.990719 150 -0.0521973 -0.124804 0.935689 16 -0.0458915 -0.133028 0.976206 9
 -0.0594991 -0.110635 0.993777 127 -0.0592125 -0.108257 0.92129 43 -0.0714365 -0.137173 0.882534 11
 -0.0608023 -0.12379 0.927531 126 -0.0623033 -0.103298 0.998465 19 -0.0743422 -0.149939 0.887802 14
 -0.0766961 -0.146376 0.916033 81 -0.0705323 -0.134562 0.835519 40 -0.07301 -0.103097 0.84766 25
 -0.0694157 -0.133504 0.860629 84 -0.0704017 -0.149662 0.927699 52 -0.0735914 -0.150412 0.895459 23
 -0.0545767 -0.0708546 0.990127 178 -0.0644843 -0.096203 0.851423 11 -0.0500114 -0.12604 0.990008 5
 -0.0572301 -0.0841818 0.992837 120 -0.0474139 -0.12164 0.991898 45 -0.0513076 -0.150093 0.991322 15
 -0.0578193 -0.10715 0.990142 91 -0.0561851 -0.136179 0.995359 26 -0.0564386 -0.114466 0.990034 23
 -0.0583731 -0.136749 0.991243 137 -0.0588854 -0.132751 0.9916 46 -0.0562207 -0.112234 0.934446 13
 -0.0617356 -0.157437 0.990392 59 -0.0728394 -0.109458 0.846086 37 -0.0682015 -0.129283 0.915876 35
 -0.0611347 -0.118729 0.859237 29 -0.084169 -0.134472 0.85117 27 -0.0654973 -0.164001 0.90464 21
 -0.0568375 -0.0742989 0.99424 187 -0.0595848 -0.203514 0.93065 5 -0.0775334 -0.179695 0.930099 5
 -0.077835 -0.177961 0.931529 43 -0.0616258 -0.0924613 0.997599 33 -0.080177 -0.18401 0.940996 23
 -0.0762173 -0.163047 0.925273 101 -0.0396363 -0.16115 0.991039 53 -0.0740813 -0.163597 0.97553 14
 -0.0653511 -0.150254 0.933223 11 -0.108672 -0.217199 1.04133 7 -0.067129 -0.129945 0.991326 7
 -0.0681864 -0.172142 0.994789 4 -0.0700728 -0.141364 0.980106 4 -0.0538212 -0.164667 0.935646 1
 -0.0710856 -0.161819 0.918344 47 -0.0708395 -0.118086 0.985461 5 -0.0736092 -0.171104 0.97425 2
 -0.102243 -0.196018 1.01292 118 -0.08417 -0.191451 0.959893 37 -0.0767449 -0.161158 0.870129 28
 -0.0988318 -0.200064 1.01432 3
 -0.0742868 -0.151899 0.940889 2.55025
 -0.0758419 -0.150654 0.92902 27 -0.0668833 -0.155347 0.968424 3 -0.0839545 -0.141566 0.894538 2
 -0.103018 -0.187724 0.98106 4
 -0.111966 -0.209358 1.00403 3.90458
