 0.0267411 -0.217239 0.921292 41 -0.0293628 -0.160999 1.01298 36 -0.0707414 -0.238789 1.04918 32
 0.0120076 -0.154625 0.925967 128 -0.0549389 -0.213484 1.03393 17 0.0218177 -0.210824 0.925991 17
 -0.0605402 -0.203649 1.03825 77 0.00783174 -0.232784 0.9588 44 -0.0350653 -0.205515 0.964014 20
 0.00234904 -0.225582 0.959501 57 -0.0354994 -0.197755 0.971567 53 -0.06174 -0.201994 1.04592 30
 -0.00437602 -0.218284 0.966014 53 -0.0597046 -0.199577 1.05032 39 -0.0360118 -0.191451 0.981097 39
 -0.026272 -0.179021 0.949354 83 -0.00248081 -0.160106 0.938207 54 -0.00259171 -0.214078 0.950527 22
 0.0593981 -0.205283 0.919335 81 -0.000989584 -0.152556 0.961775 39 0.0147861 -0.21964 0.946569 27
 0.0139823 -0.168999 0.936036 151 0.0463639 -0.20968 0.920752 23 0.0096974 -0.203642 0.944867 22
 0.0279209 -0.165216 0.927086 171 -0.00743957 -0.180717 0.943185 23 -0.0600342 -0.205685 1.0432 4
 0.0335658 -0.159016 0.929611 140 -0.00809952 -0.189003 0.945954 47 0.0229764 -0.214594 0.926525 5
 -0.00154925 -0.194444 0.942383 52 0.0292539 -0.186257 0.927105 29 0.0389691 -0.17463 0.940586 24
 -0.00208332 -0.188764 0.940003 109 0.0272324 -0.187326 0.926987 46 -0.0100361 -0.177916 0.967227 19
 0.0528351 -0.201795 0.919177 43 0.0473263 -0.250727 0.948749 32 0.00599039 -0.204702 0.93421 28
 0.0349156 -0.196531 0.918637 86 0.014468 -0.16603 0.937994 33 0.0417698 -0.236643 0.953731 30
 0.024579 -0.189519 0.923925 168 0.0226554 -0.16648 0.967882 22 0.000514672 -0.179365 0.975856 7
 0.014538 -0.179148 0.931936 118 0.043112 -0.190057 0.922802 37 0.00429482 -0.165931 0.976601 32
 0.00824036 -0.172593 0.929128 61 0.0132251 -0.196302 0.944758 41 0.00506789 -0.167797 0.976935 39
 0.00367311 -0.181022 0.944761 161 0.0204701 -0.163221 0.970354 18 0.0174041 -0.16731 0.97549 16
 0.0665597 -0.20925 0.916873 127 0.0300441 -0.138446 0.960996 28 0.0705961 -0.175512 0.917789 17
 0.0547449 -0.207973 0.921625 82 0.0061046 -0.229734 0.963787 44 0.0381822 -0.236367 0.944473 14
 0.0383266 -0.210668 0.929842 92 0.0328591 -0.15864 0.963982 46 0.0298668 -0.163293 0.931645 38
 0.0328338 -0.143461 0.97219 113 0.0310721 -0.168022 0.934527 41 0.0374653 -0.174946 0.930331 17
 0.0390272 -0.156934 0.936728 77 0.0289755 -0.158956 0.972542 54 -0.0257031 -0.173972 0.961469 29
 -0.0113818 -0.185323 0.955398 127 0.0113922 -0.172043 0.940585 44 0.00338215 -0.216286 0.965127 20
 0.0739319 -0.174936 0.92027 93 0.0692026 -0.207507 0.917686 59 0.0456337 -0.240431 0.947797 45
 0.0654484 -0.185006 0.923439 76 0.0277942 -0.143323 0.971326 61 0.0506969 -0.198454 0.923372 28
 0.0566306 -0.20028 0.920142 61 0.0611297 -0.196754 0.919187 58 0.0332666 -0.23713 0.955368 52
 0.0559773 -0.20198 0.919222 85 0.0113614 -0.235812 0.976295 45 0.0373406 -0.246913 0.959667 45
 0.00652881 -0.224259 0.962438 33 0.0305149 -0.160536 0.966296 16 -0.0147545 -0.224793 0.980951 9
 0.0159812 -0.182622 0.915653 34 0.00327916 -0.210247 0.93925 13 -0.00665761 -0.219553 0.965747 11
 -0.0258561 -0.178754 1.00405 96 -0.0184359 -0.172163 0.986341 70 -0.0239331 -0.176648 0.99943 14
 0.0237814 -0.155198 0.967635 17 0.0567489 -0.194414 0.9034 2 -0.0430648 -0.186483 1.04034 2
 0.00428868 -0.193211 0.944351 61 0.0179049 -0.189318 0.920685 12 0.0140207 -0.176616 0.97971 8
 -0.0206457 -0.172764 0.973572 75 0.00365232 -0.168457 0.938737 47 0.00503313 -0.207675 0.946755 45
 0.00185825 -0.170019 0.968362 32 -0.0198348 -0.189406 0.984428 13 0.0336711 -0.194126 0.926586 10
 0.0221343 -0.15352 0.975751 52 -0.0402253 -0.199331 1.03566 14 -0.0186367 -0.171885 1.01218 10
