 0.124525 -0.0519825 0.927203 73 0.0522585 -0.0665 0.90503 31 0.0700449 -0.106004 0.94394 25
 0.113904 -0.0519629 0.928578 77 0.0524141 -0.0742268 0.909556 52 0.131124 -0.10084 0.95934 32
 0.0521953 -0.0764748 0.911661 57 0.0497072 -0.0810407 0.912128 40 0.0959852 -0.0558903 0.932254 28
 0.0445288 -0.083575 0.920175 108 0.0768152 -0.154755 0.969204 28 0.0654771 -0.100349 0.918055 20
 0.0491307 -0.0880278 0.923236 174 0.0747715 -0.0820269 0.931584 9 0.0781484 -0.145482 0.950532 7
 0.0447576 -0.102396 0.929925 161 0.0690283 -0.132941 0.966817 26 0.0548663 -0.143711 0.947771 12
 0.0519065 -0.0724512 0.91479 140 0.122691 -0.0521585 0.92784 33 0.0821022 -0.0559391 0.928664 24
 0.0486556 -0.0872516 0.922702 121 0.107241 -0.0570083 0.932442 45 0.0702026 -0.0706903 0.937074 15
 0.0572786 -0.0871605 0.924138 71 0.0607336 -0.0859004 0.92812 57 0.0526929 -0.125779 0.943147 22
 0.0762437 -0.0756058 0.941365 65 0.0536256 -0.0783645 0.922841 59 0.0532553 -0.098955 0.930877 34
 0.0673874 -0.084689 0.949405 103 0.0530296 -0.121055 0.940681 53 0.0638741 -0.077412 0.922284 14
 0.057463 -0.108703 0.945559 59 0.081499 -0.0999553 0.976031 50 0.085764 -0.0977167 0.974615 35
 0.119085 -0.0507518 0.928732 88 0.0671362 -0.056602 0.900264 38 0.0831473 -0.0594796 0.934392 29
 0.0964456 -0.0565092 0.927308 122 0.12442 -0.0472557 0.932587 22 0.106832 -0.077151 0.969107 19
 0.0851831 -0.0714571 0.935024 99 0.0981025 -0.0798182 0.968665 62 0.0534645 -0.0845405 0.922378 18
 0.0720472 -0.0906538 0.947519 74 0.0927792 -0.0732571 0.959879 54 0.0865792 -0.0968189 0.972895 43
 0.0867996 -0.0876859 0.969639 82 0.0740188 -0.128103 0.977108 56 0.0953909 -0.0517441 0.925292 15
 0.0922541 -0.0808935 0.980882 111 0.0681086 -0.12834 0.970038 25 0.0812074 -0.0737909 0.9497 20
 0.134833 -0.0847246 0.954711 84 0.132398 -0.0483325 0.924379 60 0.111925 -0.0492892 0.919449 41
 0.125003 -0.0893677 0.963404 85 0.130204 -0.056913 0.928794 53 0.103973 -0.0664819 0.954847 36
 0.106017 -0.0747146 0.970019 111 0.111845 -0.0562947 0.932513 24 0.100808 -0.137722 0.972432 18
 0.0847959 -0.0666796 0.937673 40 0.0963603 -0.129902 0.979204 33 0.0473362 -0.0995264 0.919873 24
 0.089988 -0.140303 0.9743 75 0.117184 -0.0805964 0.971432 65 0.0696035 -0.0849962 0.941777 32
 0.0887108 -0.0910991 0.981406 20 0.0484924 -0.119672 0.950651 16 0.0786701 -0.064935 0.91934 8
 0.135234 -0.0977013 0.958087 127 0.10832 -0.0507718 0.923709 65 0.0994075 -0.150484 0.976028 4
 0.12402 -0.112065 0.972956 180 0.0940383 -0.0628885 0.940362 18 0.129472 -0.0566886 0.931396 1
 0.109094 -0.126201 0.980527 200
 0.0923926 -0.13984 0.980748 188 0.123684 -0.105029 0.961126 12
 0.0737569 -0.156224 0.972055 69 0.108503 -0.123492 0.988154 35 0.0857493 -0.0783226 0.926174 24
 0.0585681 -0.163838 0.960596 87 0.0838141 -0.134974 0.97046 51 0.0993862 -0.110589 0.989888 13
 0.0371387 -0.167443 0.979242 153 0.0376695 -0.142165 0.949829 41 0.0377312 -0.153756 0.958935 6
 0.0259284 -0.17544 0.980069 21
 0.0570114 -0.109029 0.939988 10 0.0559334 -0.117695 0.971057 8 0.0729936 -0.10766 0.950333 8
 0.0382617 -0.157866 0.946584 56 0.0315301 -0.159442 0.948912 43 0.0683818 -0.117784 0.98154 32
 0.0457087 -0.13552 0.946333 1.74471
 0.0472095 -0.158508 0.958972 101 0.0511022 -0.159867 0.961838 23 0.012494 -0.164595 1.01786 3
