 -0.166065 -0.121321 0.826426 153 -0.183189 -0.133124 0.842784 21 -0.152921 -0.143969 0.877933 12
 -0.16622 -0.126315 0.831033 133 -0.179479 -0.139677 0.848502 35 -0.175304 -0.117979 0.867292 13
 -0.172397 -0.168401 0.819306 41 -0.124352 -0.135991 0.897198 38 -0.168069 -0.136122 0.828336 37
 -0.170517 -0.163616 0.830532 39 -0.0898746 -0.194615 0.999766 31 -0.0921578 -0.193131 0.992452 20
 -0.168471 -0.158118 0.840367 49 -0.145338 -0.171955 0.910825 39 -0.0964565 -0.158927 0.915284 28
 -0.114529 -0.160547 0.91675 40 -0.131606 -0.12077 0.896243 31 -0.0867975 -0.145205 0.910373 31
 -0.163601 -0.114405 0.890135 107 -0.174767 -0.122142 0.851505 90 -0.160316 -0.175573 0.902308 2
 -0.166164 -0.122851 0.895024 143 -0.164089 -0.12255 0.873722 40 -0.169123 -0.132432 0.84033 10
 -0.163488 -0.115349 0.880039 168 -0.166306 -0.160128 0.899677 12 -0.113459 -0.143368 0.902553 11
 -0.166222 -0.121493 0.886457 168 -0.12175 -0.137464 0.90322 19 -0.171741 -0.147843 0.897392 13
 -0.177486 -0.118702 0.882451 57 -0.150243 -0.146357 0.909892 36 -0.174796 -0.162374 0.889078 18
 -0.128557 -0.156982 0.907703 124 -0.143231 -0.146695 0.915509 60 -0.132738 -0.15417 0.910451 16
 -0.154316 -0.101316 0.89874 86 -0.0795234 -0.189457 1.00893 40 -0.0978274 -0.135286 0.906179 27
 -0.155738 -0.117042 0.900673 95 -0.151686 -0.157814 0.89757 46 -0.0906008 -0.182701 1.00427 26
 -0.156357 -0.132899 0.89959 165 -0.129838 -0.18544 0.917936 18 -0.11688 -0.148337 0.906081 17
 -0.158584 -0.115379 0.900414 137 -0.134525 -0.152935 0.924148 42 -0.13468 -0.178538 0.927703 18
 -0.149709 -0.144841 0.912205 152 -0.139008 -0.122755 0.89805 29 -0.148877 -0.166053 0.897812 13
 -0.122712 -0.152705 0.917441 99 -0.158472 -0.158099 0.903051 89 -0.105481 -0.174941 0.953178 4
 -0.170002 -0.114402 0.877166 70 -0.082358 -0.181306 1.00379 29 -0.098363 -0.215291 1.01113 26
 -0.16182 -0.122039 0.890257 62 -0.0926024 -0.182979 0.99668 54 -0.0937964 -0.165721 0.958596 28
 -0.154401 -0.119549 0.900755 112 -0.100059 -0.131703 0.914203 41 -0.098285 -0.184988 0.993596 22
 -0.145769 -0.115101 0.900937 105 -0.11053 -0.15668 0.931876 32 -0.101534 -0.114919 0.891134 19
 -0.107341 -0.128387 0.908507 70 -0.147288 -0.116502 0.908398 45 -0.14089 -0.118679 0.900676 18
 -0.152557 -0.129908 0.913668 113 -0.149925 -0.162241 0.892265 34 -0.124115 -0.155641 0.882098 21
 -0.0850062 -0.189926 1.01197 91 -0.0899837 -0.222456 1.00987 84 -0.0787789 -0.169125 0.955424 12
 -0.105802 -0.208454 1.01682 92 -0.10151 -0.142519 0.905911 35 -0.096215 -0.159304 0.964645 20
 -0.130309 -0.181929 0.919565 108 -0.101687 -0.16769 0.967879 37 -0.103631 -0.131662 0.912084 27
 -0.137653 -0.170099 0.919181 102 -0.118695 -0.171969 0.933669 25 -0.108308 -0.181982 0.978814 22
 -0.132796 -0.173092 0.92211 54 -0.107183 -0.128392 0.916294 43 -0.108497 -0.147458 0.95635 2
 -0.14961 -0.167838 0.908398 13 -0.156659 -0.116002 0.908718 1
 -0.157686 -0.127379 0.883917 84 -0.0997407 -0.154969 0.950555 83 -0.133469 -0.166776 0.917726 21
 -0.102426 -0.157019 0.964221 16 -0.111521 -0.153054 0.941207 11 -0.153583 -0.11729 0.907915 3
 -0.135053 -0.158157 0.889387 16 -0.13663 -0.155558 0.906451 13 -0.128706 -0.131158 0.892996 9
 -0.131412 -0.163911 0.918616 132 -0.158737 -0.174842 0.891907 6 -0.169668 -0.151035 0.905418 3

 -0.158793 -0.156822 0.909001 5 -0.146501 -0.137262 0.901075 3 -0.145324 -0.122796 0.88113 1
