 0.0138004 -0.0532418 0.891804 101 0.0191077 -0.0878306 0.919356 50 -0.00504911 -0.068047 0.924078 36
 0.00781844 -0.0512942 0.898538 147 0.0219621 -0.0322348 0.88552 19 0.02401 -0.0416193 0.866788 15
 0.00221223 -0.0550155 0.907883 140 0.0319712 -0.033487 0.86332 23 -0.0272763 -0.137075 0.966497 21
 0.00493277 -0.0502233 0.909294 86 -0.0313468 -0.127173 0.960672 36 0.0346382 -0.119595 0.928749 32
 -0.00374358 -0.0596637 0.918323 119 0.00811436 -0.0994813 0.938374 38 -0.0327981 -0.123029 0.967475 29
 -0.00243715 -0.0544769 0.914588 126 0.0147853 -0.098284 0.943055 27 -0.00106177 -0.088655 0.925713 22
 0.0279889 -0.0512523 0.875667 68 0.0249626 -0.0421762 0.886787 65 0.026272 -0.0473863 0.88127 37
 0.0202185 -0.0435682 0.893182 123 0.0198087 -0.0570136 0.918499 50 0.0415367 -0.104716 0.920606 22
 0.0196617 -0.0751635 0.929248 94 0.0153371 -0.0509121 0.905595 73 0.0396454 -0.0533668 0.866824 25
 0.00932165 -0.0472227 0.90421 67 0.00917852 -0.0597375 0.915696 41 0.0324018 -0.0748104 0.936365 38
 0.0236443 -0.0849568 0.931046 72 0.0196905 -0.0861822 0.926384 52 -0.00121439 -0.0708066 0.920205 34
 0.0141049 -0.0758243 0.936794 102 0.0245839 -0.108152 0.926123 84 -0.0228279 -0.110694 0.951811 9
 0.0302619 -0.032378 0.882983 172 0.0620865 -0.0607353 0.932908 17 0.072855 -0.105874 0.872207 3
 0.0382605 -0.041733 0.872427 94 0.0196603 -0.0437429 0.893409 41 0.0655028 -0.0658492 0.871947 33
 0.0288102 -0.0680538 0.933384 100 0.0418381 -0.0333365 0.894985 67 0.0250533 -0.0645564 0.875938 20
 0.0176487 -0.0652926 0.91872 116 0.0357051 -0.0322103 0.898681 40 0.037321 -0.0760176 0.938409 22
 0.0367064 -0.0724422 0.935127 82 0.030382 -0.0716146 0.934348 68 0.0214219 -0.0678045 0.931531 42
 0.0256113 -0.0746371 0.944189 199 0.0262184 -0.0414005 0.908992 1
 0.0573492 -0.0380924 0.866602 193 0.0634976 -0.111191 0.885376 4 0.0613172 -0.0567904 0.932441 3
 0.053129 -0.0450368 0.868887 158 0.0349376 -0.0353073 0.890292 31 0.0563406 -0.109248 0.897551 4
 0.0455884 -0.05138 0.872774 75 0.0313545 -0.0382579 0.878829 48 0.0477939 -0.107129 0.912838 22
 0.0313213 -0.0263443 0.89518 75 0.0501653 -0.051018 0.927871 37 0.0237069 -0.0610366 0.876605 32
 0.0469672 -0.0649422 0.93488 188 0.0451926 -0.04513 0.871168 12
 0.0448194 -0.0776218 0.947616 28 0.0356256 -0.0931961 0.928958 6 0.0154432 -0.0774561 0.944559 2
 0.069996 -0.107022 0.878288 86 0.0414353 -0.0384088 0.880017 71 0.0450651 -0.0418517 0.873378 28
 0.0583597 -0.0687967 0.93781 52 0.055833 -0.109743 0.909667 46 0.05222 -0.0510223 0.867302 45
 0.0486187 -0.0769757 0.926465 120 0.0497429 -0.109711 0.91811 63 -0.0358518 -0.131353 0.985304 11
 0.0440567 -0.0903006 0.933284 174 -0.00693053 -0.134199 0.971736 17 0.05299 -0.108933 0.888818 6
 0.0299601 -0.102282 0.922977 118 0.0235357 -0.12128 0.938839 59 -0.00310575 -0.13427 0.970991 23
 0.00774605 -0.123935 0.951749 77 0.010232 -0.110874 0.941042 72 0.00945438 -0.11895 0.94717 39
 -0.0244715 -0.119967 0.973098 198 0.0125692 -0.072118 0.923908 2
 -0.0251622 -0.111105 0.977735 2 -0.00107042 -0.161382 0.997067 1 -0.0132641 -0.138506 0.97542 1
 0.019049 -0.0765165 0.934017 20 0.0176588 -0.0763357 0.929715 16
 -0.00404062 -0.105602 0.944271 86 0.0109145 -0.0650128 0.922919 51 0.0233754 -0.0798061 0.941862 30
 0.00597391 -0.0894402 0.938774 25 0.0567548 -0.0401517 0.885597 4
 -0.0233324 -0.129468 0.975297 61 0.00316034 -0.113557 0.927514 32 -0.0475861 -0.116446 0.995134 6
