 -0.107589 -0.0343896 0.964921 41 -0.10892 -0.016057 0.962427 35 -0.106004 -0.00449802 1.00534 35
 -0.105998 -0.0184624 0.967739 94 -0.105524 -0.0150381 1.00859 41 -0.103848 -0.0124746 1.00394 30
 -0.107294 -0.0317808 1.02695 60 -0.105665 -0.0329399 0.968409 50 -0.115072 -0.0357217 0.98108 35
 -0.104972 -0.0403154 0.970617 54 -0.108797 -0.0512386 0.99927 48 -0.104975 -0.0432722 1.03086 25
 -0.103968 -0.0587984 1.01077 97 -0.0952883 -0.0859444 1.02024 21 -0.104729 -0.0469099 0.974577 19
 -0.0957415 -0.0739089 1.02361 106 -0.0949937 -0.0672752 1.04977 17 -0.0931455 -0.0471003 1.03352 17
 -0.112415 -0.0178068 0.973896 102 -0.102523 -0.012189 1.01638 42 -0.0520565 -0.110394 1.05578 21
 -0.109526 -0.0307459 0.980759 82 -0.102304 -0.029831 1.03053 78 -0.0892441 -0.0652011 1.03309 18
 -0.10057 -0.0511584 1.04048 47 -0.0971638 -0.0143603 1.01251 30 -0.10999 -0.044306 0.984526 29
 -0.106578 -0.0569546 0.991814 46 -0.104263 -0.0740424 1.02299 40 -0.0855894 -0.0967625 1.04005 30
 -0.0960942 -0.0504543 1.03396 109 -0.082623 -0.0576643 1.06601 53 -0.0897402 -0.0358747 1.09153 10
 -0.0900697 -0.0535059 1.05375 90 -0.0826791 -0.0754825 1.06561 75 -0.0765784 -0.0930323 1.03872 32
 -0.0662466 0.0077695 1.09408 84 -0.0930792 0.00339472 0.992504 82 -0.0592292 -0.0799868 1.08564 22
 -0.0954033 -0.0121213 1.01636 118 -0.0704673 -0.0101674 1.09635 77 -0.0994003 -0.0221267 0.976926 3
 -0.0973988 -0.0309626 1.0339 113 -0.0797633 -0.0169747 1.09555 40 -0.0786814 -0.0787916 1.06451 29
 -0.0925412 -0.0383216 1.03997 94 -0.0752517 -0.0165603 1.09859 24 -0.0831958 -0.0605519 1.06483 19
 -0.0848731 -0.047328 1.07087 52 -0.0973889 -0.0338119 1.04206 45 -0.0566005 -0.0606329 1.06513 40
 -0.0783045 -0.0569938 1.08172 119 -0.101221 -0.0314039 1.04239 25 -0.0791966 -0.028819 1.09855 23
 -0.0640094 0.00845212 1.0933 172 -0.0578757 -0.0686038 1.08626 24 -0.0792846 -0.0323416 1.04082 3
 -0.068189 -0.00375483 1.09706 199 -0.0865424 -0.177154 1.14135 1
 -0.0710446 -0.0171783 1.09811 119 -0.0636432 0.00621364 1.09461 73 -0.0888379 -0.183553 1.13233 3
 -0.0695413 -0.0247663 1.09729 70 -0.069284 -0.00465235 1.10265 58 -0.0607617 -0.0866256 1.09187 27
 -0.0716115 -0.0369552 1.09791 94 -0.079818 -0.0563835 1.05492 45 -0.078711 -0.0509033 1.06301 11
 -0.067531 -0.103761 1.05281 25 -0.0748731 -0.0513367 1.07583 22 -0.0718564 -0.0470451 1.1002 22
 -0.063277 -0.00208775 1.09795 181 -0.0960375 0.00275288 1.00802 12 -0.0586514 -0.119145 1.04954 3
 -0.0647626 -0.0140151 1.09666 169 -0.0773096 -0.0901885 1.04785 16 -0.101896 -0.163751 1.13099 9
 -0.0677313 -0.0257957 1.10403 150 -0.0648982 -0.0738202 1.09016 20 -0.07198 -0.0951229 1.06616 16
 -0.0682612 -0.0836827 1.08908 98 -0.0712146 -0.0887202 1.02218 77 -0.0722173 -0.0302512 1.08515 18
 -0.068547 -0.0751958 1.09572 8 -0.0786154 -0.103303 1.05484 6 -0.0615996 -0.104781 1.08773 3
 -0.07524 -0.0568576 1.09138 22 -0.0751333 -0.0798908 1.0784 16 -0.0809698 -0.0575998 1.06029 11
 -0.0964366 -0.136201 1.10443 144 -0.075648 -0.038687 1.051 19 -0.0713946 -0.0497554 1.07757 17
 -0.0829783 -0.0673214 1.07998 24 -0.108912 -0.163653 1.14232 5
 -0.0952148 -0.0537987 1.04824 21 -0.0780577 -0.0929683 1.03304 1 -0.0915028 -0.0743763 1.04419 1
 -0.0921342 -0.0686459 1.02887 113 -0.0876814 -0.106421 1.0294 38 -0.0980883 -0.035931 1.0502 25
 -0.10163 -0.123635 1.09154 26 -0.0852813 -0.107216 1.0465 1
 -0.105343 -0.145147 1.1232 4 -0.0938393 -0.138212 1.10374 4 -0.092 -0.106141 1.03261 3
