 -0.1749 -0.153447 0.866212 85 -0.174977 -0.113376 0.837339 49 -0.105953 -0.133243 0.906977 28
 -0.160749 -0.156992 0.879781 59 -0.151098 -0.11003 0.870086 48 -0.170962 -0.127627 0.836688 35
 -0.139683 -0.160684 0.89475 73 -0.148504 -0.124676 0.878485 60 -0.171311 -0.124576 0.837987 50
 -0.132057 -0.158314 0.899029 105 -0.175878 -0.114737 0.837484 30 -0.141109 -0.120714 0.891124 16
 -0.119879 -0.157533 0.901762 125 -0.149273 -0.159143 0.894898 42 -0.178939 -0.116712 0.842329 18
 -0.134859 -0.155499 0.899191 113 -0.0488749 -0.153323 0.918364 42 -0.104569 -0.161911 0.908764 39
 -0.11062 -0.0978446 0.902037 50 -0.169256 -0.119425 0.852324 36 -0.101995 -0.139213 0.905428 25
 -0.120484 -0.0957752 0.907347 67 -0.140521 -0.112202 0.862919 48 -0.128702 -0.163648 0.897509 27
 -0.150986 -0.123415 0.883778 73 -0.123297 -0.114379 0.897702 70 -0.126442 -0.143866 0.888073 19
 -0.128389 -0.108508 0.902707 84 -0.0917751 -0.141139 0.905793 30 -0.141615 -0.10516 0.868569 21
 -0.110703 -0.127931 0.908636 189 -0.0915089 -0.158031 0.913569 7 -0.0623282 -0.141888 0.915454 3
 -0.113358 -0.133667 0.911775 128 -0.0753308 -0.150271 0.901413 46 -0.0569355 -0.120453 0.892084 22
 -0.0707865 -0.0916189 0.859677 72 -0.0598968 -0.22473 0.977037 45 -0.101343 -0.0991163 0.908144 37
 -0.142904 -0.126276 0.890769 90 -0.0853984 -0.109667 0.893836 44 -0.0755511 -0.0811177 0.848681 22
 -0.0999057 -0.122357 0.908677 73 -0.110545 -0.128496 0.909322 64 -0.135192 -0.129611 0.891635 40
 -0.10206 -0.102847 0.905843 76 -0.0969555 -0.139599 0.915683 49 -0.13115 -0.138323 0.897875 28
 -0.102853 -0.122951 0.90826 103 -0.112747 -0.117256 0.906834 56 -0.107563 -0.120277 0.907649 31
 -0.085441 -0.133951 0.9149 79 -0.0982902 -0.108631 0.911234 49 -0.137931 -0.123026 0.904186 22
 -0.0763813 -0.149295 0.90203 64 -0.0382318 -0.206036 0.996061 52 -0.0581782 -0.109208 0.886197 38
 -0.0513041 -0.111154 0.895606 79 -0.118432 -0.108591 0.899168 45 -0.177499 -0.1425 0.86905 23
 -0.106737 -0.120372 0.908763 54 -0.134704 -0.11622 0.889063 35 -0.0775958 -0.105087 0.903712 28
 -0.0569863 -0.100455 0.894524 85 -0.0531298 -0.134682 0.914423 41 -0.0683275 -0.0880936 0.861722 28
 -0.066858 -0.118702 0.904488 175 -0.119538 -0.100136 0.906239 12 -0.133332 -0.113068 0.888274 12
 -0.119014 -0.136004 0.907688 43 -0.0980736 -0.138855 0.91383 29 -0.114829 -0.13882 0.908301 24
 -0.0434699 -0.218671 0.978272 63 -0.040937 -0.22897 0.994977 59 -0.071028 -0.0828964 0.843474 38
 -0.0593191 -0.20554 0.986526 67 -0.0564122 -0.215986 1.00116 57 -0.0758668 -0.0968108 0.85323 19
 -0.0672669 -0.11131 0.89639 98 -0.0812112 -0.17943 0.912733 89 -0.0675213 -0.197463 0.969855 12
 -0.0614639 -0.12108 0.910996 101 -0.102849 -0.1734 0.915716 98 -0.0552305 -0.153842 0.958231 1
 -0.0660012 -0.127766 0.910388 104 -0.105601 -0.163111 0.910007 69 -0.0713169 -0.168792 0.921299 14
 -0.0653412 -0.149156 0.923098 52 -0.0615994 -0.152053 0.925994 50 -0.0702885 -0.145471 0.919414 30
 -0.088309 -0.163517 0.913792 76 -0.0605299 -0.156777 0.939349 65 -0.124555 -0.128841 0.903427 35
 -0.0570733 -0.153805 0.947573 43 -0.0677648 -0.141009 0.919407 10
 -0.0944982 -0.135292 0.917853 65 -0.104306 -0.164153 0.906922 22 -0.0773817 -0.162434 0.92134 1
 -0.107007 -0.150442 0.908368 196 -0.0619023 -0.147207 0.90115 4
 -0.0954904 -0.166112 0.91122 22 -0.0754267 -0.151777 0.90292 18 -0.136383 -0.0990742 0.86994 2
 -0.144769 -0.102292 0.887913 4 -0.111121 -0.124477 0.91109 1
