 0.111534 -0.144096 0.862795 195 0.0985102 -0.100974 0.854029 3 0.0993862 -0.102712 0.858488 2
 0.112199 -0.137546 0.860544 200
 0.114339 -0.127937 0.858711 195 0.140749 -0.137319 0.843734 5
 0.117555 -0.120174 0.859434 191 0.0980615 -0.0757304 0.861086 8 0.160502 -0.141948 0.848781 1
 0.113648 -0.0985586 0.854146 192 0.182158 -0.0947597 0.84235 5 0.191191 -0.101336 0.858715 1
 0.107247 -0.0803376 0.855153 196 0.0623324 -0.030989 0.902607 3 0.159845 -0.11042 0.851648 1
 0.159163 -0.161536 0.848182 150 0.198493 -0.124909 0.840771 26 0.185045 -0.10043 0.834019 8
 0.152582 -0.143368 0.844586 131 0.201115 -0.111574 0.850321 20 0.134269 -0.0718315 0.846025 20
 0.150838 -0.129742 0.841947 132 0.179304 -0.0952982 0.849471 23 0.152539 -0.076171 0.839176 19
 0.144925 -0.126216 0.848209 56 0.154813 -0.0522446 0.855159 52 0.145903 -0.133549 0.849164 33
 0.147061 -0.105936 0.843113 110 0.13455 -0.073345 0.849002 41 0.100947 -0.0517686 0.862417 30
 0.143245 -0.0946797 0.84645 199 0.0864616 -0.0357342 0.894821 1
 0.213677 -0.135932 0.845738 109 0.190623 -0.155005 0.840334 84 0.101577 -0.0021297 0.892856 4
 0.185146 -0.139948 0.839898 170 0.205418 -0.13088 0.846919 19 0.145623 -0.0341758 0.868357 6
 0.175358 -0.123007 0.840633 177 0.13567 -0.0280685 0.874885 8 0.182192 -0.0319932 0.87877 7
 0.15448 -0.0971262 0.84452 60 0.167679 -0.115393 0.841021 57 0.1953 -0.10686 0.835001 48
 0.148387 -0.0666256 0.852072 38 0.15098 -0.0754417 0.849855 33 0.168218 -0.0976989 0.845537 31
 0.146503 -0.0658462 0.856623 106 0.160082 -0.0923672 0.853533 41 0.1585 -0.0883886 0.85364 14
 0.189811 -0.160178 0.843064 84 0.216458 -0.14064 0.846875 66 0.222516 -0.0492696 0.910499 22
 0.209376 -0.130993 0.848738 76 0.199339 -0.0445295 0.907818 42 0.204134 -0.0492768 0.908489 41
 0.197982 -0.125514 0.846401 145 0.194697 -0.044501 0.909084 22 0.160467 -0.021039 0.886448 13
 0.18519 -0.0964072 0.852532 110 0.211943 -0.127024 0.85155 41 0.192623 -0.0386569 0.916721 27
 0.209899 -0.040673 0.911477 59 0.184664 -0.0626729 0.856003 55 0.180512 -0.0813492 0.853886 54
 0.163088 -0.062744 0.864525 163 0.212221 -0.121332 0.855154 35 0.1711 -0.050447 0.907601 2
 0.227063 -0.0547437 0.916761 104 0.192699 -0.163549 0.839909 52 0.217506 -0.140042 0.848755 24
 0.204848 -0.0510211 0.914168 133 0.178922 -0.155209 0.847164 46 0.203236 -0.0996457 0.840606 12
 0.17282 -0.0630317 0.873151 51 0.207458 -0.0899544 0.850086 39 0.20628 -0.110352 0.848533 38
 0.161151 -0.0504527 0.868589 76 0.186488 -0.0985678 0.849605 71 0.18068 -0.0459881 0.910879 44
 0.149447 -0.0328289 0.874976 66 0.109517 -0.0837928 0.866705 49 0.185777 -0.0994005 0.850464 46
 0.111428 -0.0620252 0.861479 96 0.104826 -0.0582048 0.865995 94 0.15024 -0.0884206 0.842153 5
 0.0854207 -0.0180372 0.888586 200
 0.134121 -0.0224247 0.886689 30 0.10386 -0.0675878 0.873413 28 0.179562 -0.0971385 0.845284 17
 0.144497 -0.0754393 0.852934 153 0.141835 -0.0463064 0.868483 38 0.179025 -0.0799115 0.862141 9
 0.119485 -0.0734302 0.848768 180 0.131485 -0.111172 0.850597 19 0.13177 -0.102634 0.849198 1
 0.133161 -0.0620193 0.861522 200
 0.106185 -0.0127928 0.887264 200
