 -0.175214 -0.153148 0.868079 92 -0.168686 -0.111952 0.837967 41 -0.0666709 -0.090566 0.86227 18
 -0.167119 -0.156322 0.875256 71 -0.110986 -0.122496 0.90464 55 -0.148976 -0.113569 0.872774 43
 -0.158368 -0.160216 0.888665 60 -0.146278 -0.12822 0.879597 49 -0.167829 -0.124839 0.834774 33
 -0.146095 -0.160851 0.894297 57 -0.13593 -0.161046 0.898165 41 -0.169936 -0.116608 0.839122 33
 -0.132634 -0.160974 0.899095 101 -0.123958 -0.160721 0.90163 67 -0.170455 -0.118824 0.844666 29
 -0.131257 -0.159852 0.90206 79 -0.0480436 -0.154634 0.917576 50 -0.105665 -0.162898 0.907578 47
 -0.113924 -0.0921485 0.896047 98 -0.0717183 -0.0947329 0.86206 18 -0.106702 -0.136155 0.901437 18
 -0.118566 -0.101311 0.907391 73 -0.112167 -0.132338 0.915189 56 -0.132258 -0.162918 0.897906 16
 -0.149456 -0.127035 0.882288 64 -0.122731 -0.11829 0.899104 52 -0.127597 -0.121189 0.892308 44
 -0.134807 -0.108927 0.894997 104 -0.123833 -0.110872 0.907111 29 -0.12935 -0.110459 0.901541 23
 -0.105825 -0.133005 0.910703 109 -0.113117 -0.153025 0.892622 35 -0.125642 -0.131064 0.880103 24
 -0.0743793 -0.152194 0.901694 63 -0.11707 -0.134899 0.906799 50 -0.10928 -0.138575 0.909155 26
 -0.114413 -0.0883382 0.893986 57 -0.0689045 -0.0898218 0.860256 51 -0.0593765 -0.229075 0.981536 26
 -0.0784932 -0.114483 0.892089 46 -0.0646044 -0.212801 0.986735 35 -0.115827 -0.0953425 0.902763 33
 -0.106444 -0.113876 0.905314 69 -0.0969195 -0.119004 0.905676 43 -0.142147 -0.130324 0.88957 29
 -0.100093 -0.107363 0.908577 133 -0.132055 -0.137957 0.898721 29 -0.0906084 -0.14156 0.912398 16
 -0.103287 -0.123918 0.909191 195 -0.129747 -0.118525 0.901934 4 -0.0625352 -0.139769 0.915102 1
 -0.0919736 -0.1323 0.914277 109 -0.105683 -0.105662 0.917112 63 -0.102058 -0.118863 0.91605 13
 -0.0698303 -0.0942005 0.849859 41 -0.0379564 -0.207168 0.995865 35 -0.0805834 -0.140019 0.912929 29
 -0.0509294 -0.112229 0.896057 65 -0.143967 -0.106879 0.87888 35 -0.0668128 -0.139612 0.908592 26
 -0.0501113 -0.124784 0.906548 54 -0.07878 -0.111772 0.900055 42 -0.131654 -0.119268 0.888812 31
 -0.0569047 -0.10119 0.892453 66 -0.0689505 -0.0891378 0.864876 32 -0.0555884 -0.13696 0.910851 27
 -0.0652673 -0.119467 0.902771 174 -0.129994 -0.0997801 0.892286 17 -0.101871 -0.106438 0.912364 9
 -0.0940865 -0.139622 0.914546 61 -0.12343 -0.129169 0.905089 47 -0.111927 -0.151235 0.895976 27
 -0.0404982 -0.230307 0.995301 69 -0.0426833 -0.219608 0.978487 68 -0.0692213 -0.0866878 0.846108 30
 -0.0587723 -0.206606 0.985824 75 -0.0554937 -0.217458 1.00326 49 -0.0725165 -0.1103 0.884949 45
 -0.0676834 -0.109968 0.892631 112 -0.0808242 -0.181202 0.912924 78 -0.0685764 -0.197447 0.968891 8
 -0.0629628 -0.121382 0.907228 96 -0.0994584 -0.176394 0.916659 57 -0.104097 -0.174609 0.915277 45
 -0.066235 -0.12755 0.907853 89 -0.101092 -0.171086 0.913526 75 -0.0567678 -0.140997 0.939209 32
 -0.0623253 -0.154148 0.925386 64 -0.112396 -0.14868 0.909047 42 -0.0747329 -0.144893 0.917678 41
 -0.0878775 -0.165327 0.914212 80 -0.059464 -0.158363 0.939888 62 -0.14217 -0.12846 0.887768 29
 -0.0582768 -0.157038 0.942493 101 -0.0702875 -0.140269 0.914192 1
 -0.101572 -0.137297 0.9184 96 -0.104985 -0.166432 0.906917 29 -0.0867102 -0.138432 0.878927 4
 -0.110218 -0.15117 0.905871 192 -0.143871 -0.130896 0.892718 4 -0.0603239 -0.148075 0.901026 4
 -0.0956639 -0.163426 0.914721 20 -0.096252 -0.168194 0.911525 19 -0.124155 -0.128421 0.906175 4
 -0.112022 -0.106727 0.916539 3 -0.142859 -0.123596 0.89631 2 -0.0728788 -0.167255 0.922304 1
