 0.0967552 -0.217388 0.838798 63 0.123667 -0.126316 0.833977 60 0.0691553 -0.172929 0.87967 33
 0.110954 -0.126983 0.836287 59 0.0542249 -0.156623 0.89069 52 0.0881426 -0.21247 0.855195 37
 0.0603866 -0.141594 0.883874 48 0.0926103 -0.126782 0.844541 42 -0.00599795 -0.199502 0.996919 29
 0.0865219 -0.211288 0.870708 76 0.0727172 -0.152494 0.881056 24 0.0851891 -0.1363 0.943689 23
 0.0814222 -0.205775 0.879838 78 0.0840657 -0.14025 0.881296 32 0.0828096 -0.13368 0.952461 23
 0.0661378 -0.205606 0.889799 41 0.0258046 -0.164217 0.948743 29 0.0355407 -0.158952 0.920551 26
 0.070277 -0.162553 0.886315 66 0.114666 -0.13191 0.833873 44 0.113082 -0.177696 0.858516 23
 0.0789992 -0.146765 0.879724 106 0.0800506 -0.193774 0.878601 45 0.084041 -0.205652 0.846468 17
 0.0750123 -0.150267 0.875096 61 0.0800437 -0.158023 0.876207 53 0.104849 -0.150958 0.876765 16
 0.0972363 -0.159464 0.874274 81 0.0734063 -0.140067 0.873966 38 0.0665363 -0.172062 0.878342 37
 0.0837898 -0.158551 0.877138 86 0.062492 -0.15607 0.87359 38 0.0724068 -0.136339 0.871591 26
 0.0633178 -0.168403 0.890272 77 0.0921973 -0.172749 0.867801 45 0.0656815 -0.154343 0.880725 34
 0.145246 -0.17154 0.84405 74 0.118342 -0.122505 0.826576 66 0.101425 -0.222604 0.834638 21
 0.110006 -0.130018 0.838442 81 0.0962495 -0.144387 0.866356 50 0.107882 -0.135681 0.931071 21
 0.0912915 -0.16015 0.875336 82 0.0946462 -0.154283 0.876169 52 0.0938966 -0.136386 0.932246 46
 0.0985614 -0.135726 0.931398 73 0.0973037 -0.169646 0.872942 46 0.129375 -0.158217 0.840522 30
 0.0958188 -0.150661 0.878436 76 0.082317 -0.169063 0.881273 71 0.0970095 -0.128097 0.852224 16
 0.0847281 -0.145957 0.877841 102 0.0942083 -0.17282 0.874281 31 0.0960256 -0.138428 0.93484 20
 0.116333 -0.121664 0.827797 86 0.142333 -0.175441 0.84359 53 0.100233 -0.222418 0.83865 49
 0.118586 -0.132181 0.833126 75 0.130561 -0.178425 0.848134 60 0.0936907 -0.214755 0.842314 37
 0.114576 -0.173422 0.852406 92 0.116776 -0.137713 0.928816 48 0.103233 -0.126969 0.845742 23
 0.125215 -0.175014 0.856703 66 0.114681 -0.128996 0.936186 60 0.122555 -0.155903 0.874245 48
 0.103603 -0.127509 0.839767 56 0.0881906 -0.149367 0.882609 43 0.0961859 -0.160727 0.878591 15
 0.0776859 -0.139171 0.884701 21 0.111268 -0.165334 0.860907 17 0.077217 -0.174467 0.881937 12
 0.145439 -0.171896 0.845946 98 0.110694 -0.133922 0.833216 52 0.0959891 -0.218341 0.843563 39
 0.134105 -0.17134 0.849458 108 0.0863692 -0.204493 0.879096 26 0.0907607 -0.208512 0.871166 23
 0.124492 -0.175867 0.855449 112 0.0759877 -0.190863 0.882464 38 0.0775589 -0.196466 0.879384 16
 0.0730793 -0.204413 0.893493 90 0.104629 -0.178069 0.86989 51 0.115433 -0.147873 0.874904 20
 0.0779801 -0.201575 0.898822 77 0.0724648 -0.214332 0.911125 52 0.0882709 -0.172461 0.878483 37
 0.0603109 -0.189631 0.900375 168 0.0991166 -0.182821 0.87198 30 0.0858113 -0.168368 0.856386 2
 0.0270924 -0.179594 0.968814 104 0.0293021 -0.179276 0.964219 71 0.0721294 -0.151849 0.88663 19
 0.0231026 -0.189275 0.957907 46 0.105676 -0.161473 0.856047 4
 0.0798783 -0.167504 0.887531 39 0.0738473 -0.165248 0.890296 35 0.0578641 -0.173464 0.900196 25
 0.0524726 -0.161324 0.914343 60 0.0465779 -0.172799 0.920815 51 0.0488805 -0.165479 0.918376 38
 0.0790806 -0.151913 0.87769 151 0.0534894 -0.172054 0.918019 22 0.0393063 -0.178336 0.938688 16
 0.0184932 -0.198608 0.96751 54 0.0932493 -0.14855 0.931721 37 0.0320569 -0.175509 0.958595 27
