 -0.197635 -0.113184 0.87164 76 -0.157691 -0.0505025 0.868064 33 -0.202046 -0.0752708 0.839815 33
 -0.195287 -0.0807788 0.878398 73 -0.199861 -0.0783138 0.857571 55 -0.195475 -0.116976 0.878786 40
 -0.193529 -0.0805234 0.887982 96 -0.144766 -0.043662 0.869298 47 -0.109181 -0.0683842 0.918502 28
 -0.193766 -0.0708627 0.887668 82 -0.181258 -0.0954944 0.901035 39 -0.195804 -0.113479 0.878719 25
 -0.172868 -0.0958557 0.903836 63 -0.190274 -0.0662327 0.887679 55 -0.163772 -0.118689 0.911668 31
 -0.168702 -0.108553 0.911574 136 -0.196569 -0.0769993 0.891761 23 -0.189933 -0.0684417 0.89219 19
 -0.140961 -0.0425959 0.86712 138 -0.176993 -0.0566253 0.88212 21 -0.14048 -0.0894002 0.926208 8
 -0.173947 -0.0561113 0.886882 89 -0.156864 -0.0484613 0.875227 36 -0.170911 -0.0898923 0.913063 23
 -0.170193 -0.0687877 0.908314 159 -0.165453 -0.0613937 0.875411 26 -0.175413 -0.0616803 0.886988 7
 -0.175382 -0.0623643 0.910161 99 -0.175696 -0.0556868 0.882452 34 -0.151501 -0.0691215 0.93 28
 -0.159092 -0.072907 0.922763 104 -0.176357 -0.0589157 0.899309 50 -0.173561 -0.0630348 0.904345 17
 -0.178133 -0.0698715 0.906336 96 -0.125659 -0.101829 0.932684 44 -0.151369 -0.0786422 0.929492 38
 -0.12578 -0.0403158 0.865541 174 -0.158413 -0.0302428 0.876904 14 -0.177132 -0.0590325 0.8882 9
 -0.126975 -0.0399103 0.868072 82 -0.135586 -0.0681045 0.920074 57 -0.180551 -0.0571457 0.897784 44
 -0.16701 -0.067871 0.911595 198 -0.105687 -0.0765293 0.929833 1 -0.0992738 -0.0782302 0.94947 1
 -0.161445 -0.0539674 0.912569 135 -0.148485 -0.0412933 0.876935 32 -0.1251 -0.0300725 0.858267 23
 -0.14821 -0.066321 0.927085 172 -0.128041 -0.0458578 0.87199 28
 -0.142317 -0.0711474 0.934438 196 -0.16705 -0.0716796 0.913942 3 -0.139115 -0.111319 0.930219 1
 -0.0936835 -0.046619 0.929492 75 -0.109893 -0.0398146 0.883722 66 -0.19102 -0.113123 0.877312 32
 -0.0950687 -0.053165 0.929906 144 -0.197169 -0.101179 0.882406 32 -0.128154 -0.0674582 0.924491 10
 -0.0970357 -0.0571671 0.935329 156 -0.15415 -0.0326411 0.871806 19 -0.0931363 -0.0920158 0.958292 14
 -0.100876 -0.0744459 0.939625 103 -0.10732 -0.035207 0.917521 63 -0.0960412 -0.110384 0.966907 16
 -0.113618 -0.0740983 0.936542 89 -0.111703 -0.0529845 0.925163 64 -0.113049 -0.0586083 0.927344 24
 -0.125132 -0.0648623 0.933499 55 -0.153388 -0.106192 0.926753 14 -0.171998 -0.0646455 0.919212 14
 -0.101565 -0.170009 1.0116 75 -0.102619 -0.164921 1.00172 60 -0.129368 -0.0343699 0.870658 21
 -0.118443 -0.160394 1.01844 62 -0.123463 -0.0454637 0.904611 57 -0.0973553 -0.0777834 0.939692 45
 -0.117412 -0.0543762 0.920017 189 -0.115751 -0.0486093 0.887907 10 -0.116909 -0.0485275 0.894895 1
 -0.114949 -0.0638999 0.93242 179 -0.146925 -0.111381 0.917246 21
 -0.112919 -0.0768046 0.944459 98 -0.14395 -0.115666 0.924628 86 -0.102613 -0.0937979 0.970295 15
 -0.118386 -0.083209 0.936055 165 -0.162662 -0.106153 0.909322 19 -0.0997844 -0.0960181 0.966574 12
 -0.129968 -0.121331 0.977716 52 -0.131082 -0.108698 0.935358 40 -0.173647 -0.0814368 0.892713 39
 -0.112151 -0.0722185 0.932505 32 -0.106461 -0.094589 0.972174 15
 -0.144161 -0.0804164 0.936949 63 -0.165563 -0.0824492 0.920035 13 -0.133842 -0.110511 0.93934 1
 -0.157925 -0.0930334 0.918987 117 -0.172648 -0.0675082 0.898647 27 -0.1671 -0.0713617 0.915808 25
 -0.126042 -0.0908063 0.925535 10 -0.142545 -0.0879345 0.942137 5 -0.160757 -0.0766993 0.91182 1
 -0.121907 -0.10288 0.942206 7 -0.183723 -0.106918 0.905325 1 -0.150372 -0.0862888 0.918373 1
