 -0.23898 -0.00650969 1.05893 120 -0.195076 0.0587611 1.03919 70 -0.196289 -0.0634231 1.06256 3
 -0.235458 -0.014893 1.06081 125 -0.195788 0.0465788 1.04361 66 -0.26098 -0.0101522 1.07142 4
 -0.231307 -0.0237474 1.06542 158 -0.19869 0.0295823 1.05507 26 -0.203604 -0.0011568 1.06891 13
 -0.225405 -0.0298235 1.06994 143 -0.203864 0.0409575 1.04985 34 -0.199107 0.0156118 1.06225 17
 -0.220245 -0.0324466 1.06959 114 -0.199792 -0.0501463 1.07287 48 -0.202668 0.0408691 1.0562 17
 -0.206653 -0.0506167 1.07647 171 -0.197401 0.0437575 1.04704 19 -0.119496 -0.0680448 1.0758 9
 -0.208657 0.0397126 1.04764 144 -0.184541 0.060901 1.04174 35 -0.151816 0.0327639 1.04017 18
 -0.207202 0.0283886 1.05543 199 -0.107222 -0.0316714 1.06157 1
 -0.19641 0.0126448 1.06305 199 -0.169459 0.0333619 1.06204 1
 -0.194591 0.000138999 1.06451 197 -0.159199 0.0378576 1.0494 3
 -0.191632 -0.00824972 1.07204 197 -0.209966 0.0306943 1.05206 2 -0.267697 0.00987412 1.0503 1
 -0.189047 -0.025155 1.0772 149 -0.162567 -0.0122356 1.07402 30 -0.204096 0.000214518 1.06907 14
 -0.190783 0.0569883 1.04345 114 -0.154369 0.0456561 1.03583 62 -0.214203 0.0431951 1.04708 15
 -0.191102 0.0455855 1.05382 164 -0.156863 0.0340777 1.04373 21 -0.192623 0.00930144 1.06033 9
 -0.192264 0.0286932 1.05771 120 -0.150464 -0.0740921 1.07668 26 -0.134395 -0.0511818 1.06015 18
 -0.186641 0.0145501 1.06292 177 -0.123687 -0.0560615 1.06181 20 -0.148804 0.0138739 1.05502 3
 -0.177742 0.000139316 1.07264 141 -0.174892 -0.00598964 1.07373 58 -0.148501 -0.0713294 1.07769 1
 -0.167779 -0.0222835 1.07906 116 -0.170558 -0.0162848 1.07692 79 -0.16589 -0.0815922 1.08163 2
 -0.15265 0.0463425 1.0348 90 -0.0831574 -0.0220001 1.04472 85 -0.197186 0.0453289 1.04717 18
 -0.151961 0.0339831 1.04164 98 -0.0891297 -0.0316498 1.05099 84 -0.198368 0.0333833 1.05537 16
 -0.151602 0.0207609 1.04924 147 -0.135265 -0.00860362 1.06918 23 -0.121442 -0.0676745 1.06527 15
 -0.155979 0.0121406 1.05976 160 -0.166854 0.0470231 1.05311 9 -0.113802 -0.0672115 1.06988 9
 -0.149475 0.00326984 1.06836 190 -0.122003 -0.0652992 1.07177 7 -0.196689 0.00646696 1.0642 3
 -0.156975 -0.0159797 1.07637 149 -0.144896 -0.0387247 1.08256 47 -0.193751 -0.0606001 1.0759 4
 -0.0831092 -0.0257963 1.04862 200
 -0.0949032 -0.0386154 1.05915 200
 -0.109021 -0.0521939 1.0711 198 -0.151037 -0.0288259 1.06684 1 -0.257661 -0.0170268 1.05856 1
 -0.11657 -0.0649009 1.07758 157 -0.137404 -0.0361974 1.0852 32 -0.158336 0.013383 1.0597 5
 -0.12904 -0.0829503 1.07748 150 -0.195412 -0.0754637 1.08807 48 -0.144682 -0.00394126 1.07624 1
 -0.148388 -0.0955601 1.0891 147 -0.195303 -0.0320504 1.07721 34 -0.16636 0.00633975 1.07338 10
 -0.166893 -0.111881 1.11173 144 -0.19177 -0.0380996 1.0748 43 -0.216809 0.0312632 1.05413 3
 -0.141399 -0.0966626 1.08732 25 -0.143248 -0.116517 1.14247 21 -0.142959 -0.104022 1.12634 13
 -0.174354 -0.0486518 1.08512 144 -0.147773 -0.0578883 1.08258 42 -0.158341 -0.0878039 1.08932 11
 -0.186483 -0.0688666 1.08077 100 -0.192067 -0.0467153 1.07818 46 -0.187569 -0.0604792 1.07868 29
 -0.165043 -0.0920379 1.09346 108
 -0.164782 -0.117252 1.11955 59 -0.193086 0.0275086 1.05455 1 -0.179045 0.0413695 1.05835 1
