 -0.0932109 -0.219991 1.0369 58 -0.0582709 -0.0602311 0.988817 29 -0.0640977 -0.115075 0.93638 24
 -0.0608198 -0.0701391 0.986054 49 -0.0625135 -0.113827 0.986751 22 -0.114171 -0.201272 1.00786 18
 -0.108286 -0.205307 1.02205 103 -0.0650027 -0.142034 0.937885 27 -0.0637984 -0.0905136 0.985674 22
 -0.0994859 -0.208861 1.02727 96 -0.0775787 -0.176612 0.920112 34 -0.0626579 -0.126375 0.9308 33
 -0.0613202 -0.126337 0.930976 59 -0.0804512 -0.172915 0.928709 36 -0.0927382 -0.214674 1.04369 22
 -0.0802228 -0.173123 0.926925 59 -0.0762162 -0.144414 0.928746 31 -0.0717787 -0.0882814 0.849786 27
 -0.0673704 -0.0783818 0.882405 68 -0.0716926 -0.0871865 0.84492 65 -0.0696298 -0.0823458 0.9677 18
 -0.0723583 -0.100693 0.852427 95 -0.0743002 -0.0939175 0.88989 81 -0.0605215 -0.10168 0.98403 8
 -0.0743544 -0.0985454 0.849873 39 -0.069924 -0.0888358 0.885781 38 -0.0687114 -0.113578 0.991202 31
 -0.0773137 -0.112342 0.853633 42 -0.0625741 -0.173027 0.918517 41 -0.0715003 -0.128465 0.929792 31
 -0.0776839 -0.163117 0.927546 55 -0.0726396 -0.120877 0.919784 46 -0.0819519 -0.0966268 0.851982 27
 -0.0754193 -0.129458 0.92365 122 -0.0695101 -0.117217 0.987214 26 -0.0859796 -0.119465 0.860565 15
 -0.059853 -0.060965 0.988671 161 -0.0766637 -0.0901021 0.847783 14 -0.113023 -0.223335 1.02578 9
 -0.0616948 -0.0789227 0.98902 159 -0.0645029 -0.0763358 0.878275 15 -0.0667057 -0.0793871 0.880913 12
 -0.0633686 -0.101468 0.989823 144 -0.0649625 -0.0990496 0.91841 22 -0.0671759 -0.0924233 0.845667 15
 -0.0683741 -0.107208 0.988749 38 -0.0611542 -0.123613 0.93166 36 -0.0675551 -0.109511 0.918847 26
 -0.0867318 -0.171861 0.907604 70 -0.0667284 -0.111593 0.936143 19 -0.0806399 -0.140005 0.90426 13
 -0.0697574 -0.135582 0.931309 69 -0.072584 -0.109484 0.865213 36 -0.0771513 -0.111716 0.991553 14
 -0.057464 -0.058818 0.985879 166 -0.0605214 -0.139242 0.982148 9 -0.0648096 -0.0825613 0.841654 8
 -0.0601295 -0.0745112 0.987165 157 -0.0581811 -0.0941209 0.989865 20 -0.0618481 -0.0934169 0.892109 8
 -0.0624021 -0.0940562 0.989596 86 -0.0597891 -0.10814 0.995929 75 -0.0614939 -0.0983542 0.991735 26
 -0.0634666 -0.12423 0.990127 94 -0.0640853 -0.110056 0.995433 64 -0.0637473 -0.116608 0.99319 33
 -0.0658811 -0.115447 0.988776 78 -0.070649 -0.141444 0.936056 35 -0.0837292 -0.14845 0.918687 33
 -0.0565002 -0.126753 0.987637 27 -0.0699897 -0.146533 0.906088 5 -0.0935839 -0.126337 0.852138 3
 -0.0607881 -0.0639777 0.989368 170 -0.113024 -0.222138 1.03245 18 -0.0629813 -0.157554 0.988525 3
 -0.0657747 -0.0856564 0.992289 57 -0.0792166 -0.177807 0.940056 37 -0.108079 -0.212986 1.03281 30
 -0.0763532 -0.153198 0.931169 60 -0.0674162 -0.0991024 0.857091 43 -0.066055 -0.127449 0.933652 28
 -0.0795423 -0.151417 0.934669 16 -0.0635761 -0.124611 0.96801 8 -0.100836 -0.19886 1.03179 6
 -0.0588239 -0.118712 0.940548 8 -0.0704284 -0.151228 0.994688 6 -0.0763999 -0.137645 0.980944 6
 -0.0747812 -0.132451 0.932 11 -0.0641848 -0.127477 0.960344 6 -0.0740138 -0.112097 0.988277 5
 -0.102244 -0.196331 1.02668 84 -0.0585969 -0.094882 0.998357 28 -0.106708 -0.171029 1.00985 26
 -0.101219 -0.159805 1.00534 7 -0.0677303 -0.119763 0.985531 6
 -0.0717977 -0.121237 0.988225 6 -0.100582 -0.173214 1.01038 2 -0.0681905 -0.150954 0.935397 2
 -0.0708265 -0.145738 0.928222 23 -0.101897 -0.170584 0.9935 12 -0.0996719 -0.150418 0.922003 11

 -0.0975439 -0.178557 1.0003 4 -0.0604785 -0.070507 0.866522 2
