 -0.125861 -0.0060599 0.981786 67 -0.0943463 0.00178239 0.997762 54 -0.118247 -0.075872 1.02173 24
 -0.104309 -0.0107631 1.00405 72 -0.128812 -0.0222025 0.980426 72 -0.110457 -0.0883757 1.02932 33
 -0.1261 -0.0262821 0.989546 103 -0.122928 -0.0876901 0.97912 34 -0.110984 -0.0994172 1.01645 32
 -0.100821 -0.0921728 1.0291 47 -0.12383 -0.0286955 0.993152 40 -0.0597924 -0.109296 1.07312 30
 -0.120075 -0.0579268 1.01647 75 -0.0660147 -0.115174 1.07358 34 -0.125982 -0.0407243 0.985314 24
 -0.119213 -0.0710996 1.02388 154 -0.121854 -0.10193 1.01248 33 -0.130302 -0.17047 1.13792 9
 -0.11923 -0.00929792 0.982322 191 -0.130467 -0.0854509 0.960236 8 -0.0350803 -0.0156096 1.07962 1
 -0.118267 -0.0291793 0.994963 144 -0.100835 -0.111599 1.03373 21 -0.103118 -0.0159556 1.02032 19
 -0.120185 -0.043495 1.00033 56 -0.115508 -0.0464795 1.03067 46 -0.102955 -0.0867979 1.02806 29
 -0.11722 -0.0576754 1.00964 83 -0.108072 -0.0765264 1.03367 31 -0.108395 -0.0334426 1.03234 23
 -0.112316 -0.0655404 1.02559 87 -0.11375 -0.0608835 1.0227 68 -0.0966774 -0.0266691 1.03232 37
 -0.100212 -0.0776686 1.03276 120 -0.0839228 -0.077632 1.0592 73 -0.0897767 -0.140562 1.04115 4
 -0.0953 -0.00139967 1.00394 94 -0.123128 -0.00512082 0.984661 85 -0.0357758 -0.0037193 1.08951 9
 -0.105287 -0.0181549 1.01594 184 -0.0343028 -0.0463021 1.08766 16
 -0.109615 -0.0353379 1.02404 179 -0.0856001 -0.116473 1.05386 9 -0.110049 -0.0567511 1.03664 6
 -0.0998556 -0.047162 1.03658 134 -0.100314 -0.0415048 1.02982 44 -0.0767901 -0.119271 1.05143 14
 -0.0965799 -0.0562551 1.04215 186 -0.0802028 -0.103122 1.05885 8 -0.0881461 -0.0955802 1.05184 3
 -0.0945994 -0.0638897 1.04564 124 -0.0897544 -0.0633457 1.04894 74 -0.0829876 -0.0765593 1.0582 2
 -0.0356836 -0.0134594 1.08009 155 -0.0940716 -0.00194664 1.00527 35 -0.0338639 -0.0448353 1.08712 10
 -0.040375 -0.0261507 1.08575 132 -0.095241 -0.0146265 1.00893 51 -0.0385234 -0.0582906 1.09221 10
 -0.0450255 -0.0395354 1.08477 177 -0.101954 -0.0195866 1.02285 17 -0.0939903 -0.0377135 1.03074 5
 -0.0507522 -0.0509073 1.08781 180 -0.0951071 -0.0404092 1.04067 9 -0.0670677 -0.0463832 1.046 3
 -0.0997581 -0.0401542 1.04484 95 -0.0580791 -0.0651539 1.08656 52 -0.0596936 -0.0926938 1.07619 28
 -0.0812411 -0.0597012 1.06471 94 -0.089158 -0.0439097 1.05426 78 -0.0847399 -0.0514173 1.06078 26
 -0.037348 -0.0180296 1.08497 200
 -0.043473 -0.0375407 1.08801 177 -0.108577 -0.184101 1.1135 22 -0.0981021 -0.15538 1.1077 1
 -0.0513701 -0.063155 1.0881 176 -0.106137 -0.156488 1.11114 21 -0.0750109 -0.117342 1.06683 2
 -0.0573238 -0.0821372 1.08296 198 -0.0739992 -0.128423 1.08095 2
 -0.0584579 -0.101187 1.07679 180 -0.0781156 -0.124495 1.0686 13 -0.0548437 -0.0635429 1.0937 5
 -0.0713367 -0.111268 1.07254 200
 -0.0983668 -0.150648 1.10421 151 -0.0902296 -0.125617 1.05037 30 -0.115179 -0.186821 1.14332 5
 -0.0841796 -0.149221 1.09358 8 -0.0793169 -0.0870577 1.06516 3 -0.0920744 -0.13518 1.04106 1
 -0.0840716 -0.0746207 1.06083 100 -0.0966411 -0.0995476 1.00759 5 -0.111103 -0.0432384 1.02887 3
 -0.104338 -0.0928056 1.0345 99 -0.0922132 -0.10808 1.04523 63 -0.101643 -0.0952566 1.03702 26
 -0.0941321 -0.130205 1.06101 5 -0.116309 -0.148095 1.10268 1 -0.0984852 -0.143146 1.0898 1
 -0.0987953 -0.0734781 1.03732 5 -0.0979374 -0.126596 1.04467 4 -0.102226 -0.160128 1.12126 3
