 -0.16799 -0.16719 0.879071 103 -0.165148 -0.161997 0.91694 68 -0.159644 -0.201535 0.905465 13
 -0.167604 -0.168415 0.921708 95 -0.165638 -0.176152 0.882723 88 -0.170203 -0.193733 0.908055 6
 -0.168503 -0.171538 0.927864 91 -0.151763 -0.214224 0.928724 38 -0.155166 -0.194647 0.88253 32
 -0.163789 -0.171859 0.878977 53 -0.147432 -0.216035 0.935561 42 -0.167742 -0.168663 0.923865 35
 -0.162851 -0.171551 0.879351 116 -0.164557 -0.19429 0.939381 45 -0.137774 -0.214483 0.935619 27
 -0.166015 -0.198851 0.94723 88 -0.15944 -0.181358 0.882816 52 -0.167435 -0.171009 0.930942 19
 -0.154498 -0.151257 0.917183 63 -0.139516 -0.157143 0.924489 40 -0.167876 -0.16744 0.882623 35
 -0.159758 -0.162376 0.921987 129 -0.122718 -0.227542 0.931232 31 -0.167963 -0.175516 0.88183 18
 -0.139477 -0.208985 0.938794 66 -0.152837 -0.155197 0.91216 65 -0.163375 -0.177693 0.881423 29
 -0.156876 -0.155999 0.917363 102 -0.143055 -0.193937 0.961473 36 -0.174513 -0.173974 0.881809 30
 -0.151334 -0.190062 0.960685 88 -0.157701 -0.164801 0.928046 55 -0.141928 -0.203029 0.937899 37
 -0.146798 -0.204514 0.959247 111 -0.128932 -0.221005 0.925906 86 -0.152567 -0.161379 0.925302 2
 -0.141173 -0.143169 0.91824 83 -0.13886 -0.145569 0.921959 55 -0.110421 -0.251976 0.931082 47
 -0.145362 -0.150476 0.92173 68 -0.111352 -0.240364 0.929134 48 -0.0774911 -0.256481 1.03389 42
 -0.126811 -0.178598 0.96303 94 -0.151859 -0.197055 0.964721 36 -0.113431 -0.209001 0.961616 19
 -0.10689 -0.2168 0.95797 133 -0.13115 -0.163471 0.964785 23 -0.162374 -0.164978 0.923532 17
 -0.132409 -0.184825 0.964988 161 -0.0845669 -0.213743 0.987453 19 -0.115462 -0.20847 0.962019 9
 -0.12669 -0.20119 0.966516 176 -0.135619 -0.180765 0.973993 24
 -0.0708167 -0.263873 1.03241 102 -0.138502 -0.158683 0.915696 30 -0.085744 -0.244802 0.951058 23
 -0.142646 -0.148081 0.921425 52 -0.103259 -0.196857 0.968849 44 -0.0739323 -0.254062 1.02238 26
 -0.0804545 -0.229979 0.973164 122 -0.145942 -0.153181 0.931308 25 -0.11188 -0.170999 0.969031 23
 -0.0706536 -0.228006 0.981689 51 -0.115228 -0.166852 0.972786 47 -0.139218 -0.166694 0.962416 35
 -0.116371 -0.175096 0.96666 132 -0.104119 -0.187629 0.969178 43 -0.100807 -0.190351 0.969682 8
 -0.139897 -0.204273 0.965091 107 -0.101952 -0.200191 0.977287 47 -0.124439 -0.174998 0.975723 35
 -0.0654908 -0.261325 1.03188 101 -0.0652816 -0.259093 1.02666 85 -0.165944 -0.216278 0.879165 6
 -0.0847414 -0.232293 0.963054 76 -0.0704861 -0.257536 1.03372 40 -0.0757266 -0.245878 1.01403 20
 -0.0771089 -0.222603 0.980329 115 -0.0694492 -0.240803 1.05036 30 -0.109336 -0.184603 0.973273 25
 -0.121961 -0.231893 0.939602 65 -0.0886492 -0.225314 0.953792 42 -0.102289 -0.196957 0.980278 31
 -0.118714 -0.228844 0.938964 101 -0.118294 -0.160127 0.961227 3 -0.0871306 -0.214299 0.995845 1
 -0.132608 -0.209357 0.927181 14 -0.108086 -0.203317 0.963713 13 -0.0741553 -0.262388 1.04756 1
 -0.147956 -0.186533 0.945263 67 -0.125607 -0.202024 0.95792 28 -0.128024 -0.206524 0.932387 11
 -0.0800704 -0.220872 0.993765 2
 -0.128983 -0.20659 0.967664 162 -0.157278 -0.193365 0.956634 1
 -0.156202 -0.206942 0.952795 118 -0.146766 -0.214697 0.954049 45 -0.141921 -0.21836 0.955705 33
 -0.136148 -0.205179 0.970246 3
 -0.147373 -0.172049 0.980415 2 -0.141085 -0.162131 0.937911 1
