 -0.114925 0.00842376 0.956408 178 -0.0813996 -0.130374 1.00386 9 -0.0654784 -0.0820069 0.965344 7
 -0.112053 -0.00037758 0.95698 193 -0.0758811 -0.0784385 0.958453 7
 -0.105738 -0.014672 0.958219 79 -0.109359 0.00129494 0.951161 52 -0.106494 -0.00632884 0.956517 50
 -0.103569 -0.0291737 0.961149 125 -0.113764 0.00130197 0.956072 64 -0.107165 -0.0158134 0.959321 4
 -0.112263 -0.00427654 0.959895 79 -0.100556 -0.044467 0.964042 76 -0.101112 -0.0389332 0.965145 38
 -0.0972438 -0.0456354 0.9607 128 -0.10001 -0.0120247 0.961593 38 -0.0865292 -0.0915377 0.959991 22
 -0.0901325 0.0162188 0.945578 199 -0.0895406 0.00825826 1.00718 1
 -0.0933136 0.00497494 0.948669 193 -0.0687541 -0.0862641 0.9651 4 -0.0939585 -0.00260134 1.00659 3
 -0.0929904 0.0220682 0.93473 72 -0.0995817 -0.00719893 0.958938 40 -0.095833 0.0113899 0.955538 28
 -0.0727733 -0.0245908 0.980087 76 -0.0979999 0.0174342 0.944224 53 -0.109248 -0.00606924 0.959726 32
 -0.0855357 -0.0219883 0.991615 111 -0.0957907 0.00459747 0.956636 47 -0.0753637 -0.0717476 0.957111 30
 -0.0732104 -0.0735535 0.955445 72 -0.0778552 -0.0373909 0.983835 63 -0.102314 -0.0151878 1.00284 59
 -0.071986 0.0286185 0.941141 200
 -0.0798365 0.0164682 0.941538 189 -0.0792388 0.00355938 1.00243 6 -0.112304 -0.00457656 0.961458 5
 -0.0892211 -0.00457318 0.999187 116 -0.0840054 0.00190166 0.945633 79 -0.0558567 -0.0152355 0.967822 3
 -0.0879245 -0.0136039 0.997815 116 -0.0865242 0.0156594 0.948955 38 -0.0686908 -0.0837334 0.964555 35
 -0.0857403 -0.0151551 1.0074 73 -0.0776711 -0.0421203 0.979287 46 -0.0695973 -0.076559 0.965274 32
 -0.0811653 -0.0587039 0.962909 84 -0.0805369 -0.036082 0.982713 42 -0.0933737 -0.00887668 1.00705 41
 -0.0616169 0.0255003 0.944565 182 -0.0478213 -0.155232 1.02971 18
 -0.0630707 0.0146642 0.951227 190 -0.0590488 -0.1581 1.03774 8 -0.0562292 -0.0379383 0.970827 2
 -0.0657721 0.00825162 0.952524 148 -0.0452361 -0.0817062 0.978005 18 -0.0752653 0.00134266 1.00738 15
 -0.0656888 0.00814228 0.961015 56 -0.0549688 -0.014467 0.972871 41 -0.0486273 -0.0670956 0.983937 23
 -0.0596887 -0.0190043 0.977005 75 -0.0575723 -0.0150255 0.976138 65 -0.0830809 0.00520209 1.00619 39
 -0.0577167 -0.0552073 0.979115 58 -0.0594267 -0.0275523 0.978196 29 -0.0798685 -0.0057379 1.01572 7
 -0.07432 0.028788 0.946373 70 -0.0375714 -0.0297113 0.966419 51 -0.0526743 0.00378734 0.955358 47
 -0.0561942 -0.0142338 0.969879 55 -0.0622854 -0.142619 1.00695 54 -0.0574098 -0.00956604 0.967704 39
 -0.0483384 -0.0908264 0.988204 118 -0.0541562 -0.0283024 0.978 55 -0.0717709 0.0109995 0.945042 25
 -0.050963 -0.0682286 0.984835 162 -0.0679063 0.000366143 0.961752 30 -0.0619829 -0.0135032 0.976917 7
 -0.0525869 -0.0817943 0.983849 197 -0.0880083 -0.0786356 0.968066 1 -0.076518 -0.0855971 0.970762 1
 -0.0567967 -0.0817657 0.976847 126 -0.0690207 -0.054383 0.961185 68 -0.0661088 -0.0625136 0.964833 6
 -0.0733316 -0.109542 0.98527 183 -0.0578498 -0.0385677 0.967762 11 -0.06335 -0.0112281 0.964746 2
 -0.0593619 -0.0551111 0.975438 40 -0.0671974 -0.0258725 0.974041 34 -0.0576108 -0.10873 1.00413 11
 -0.0884071 -0.0359041 0.989403 51 -0.0713597 -0.0419519 0.982233 47 -0.0674333 -0.112981 0.996611 22
 -0.0890376 -0.0565954 0.969893 102 -0.0900856 -0.0636124 0.966639 33 -0.106153 -0.0207088 0.962985 32
 -0.0669542 -0.0308335 0.965017 15 -0.0808144 -0.0687598 0.962686 3
 -0.0638225 -0.0823507 0.977675 15 -0.0802217 -0.114914 1.00257 14
