 -0.123579 0.148044 0.929257 200
 -0.124059 0.135404 0.930265 200
 -0.121226 0.119585 0.933235 192 -0.111332 0.0847116 0.926119 8
 -0.116137 0.105121 0.929479 154 -0.115969 0.0915051 0.924792 46
 -0.116892 0.100228 0.931802 200
 -0.116256 0.088834 0.929504 199 -0.107274 0.0274629 0.918016 1
 -0.0727604 0.142936 0.888237 150 -0.114299 0.140808 0.930286 23 -0.0895816 0.0643661 0.934207 11
 -0.0754221 0.136113 0.897129 170 -0.0749903 0.107119 0.909397 26 -0.116634 0.125176 0.937098 4
 -0.0820309 0.121511 0.913617 139 -0.0628504 0.109119 0.899425 54 -0.0703296 0.114252 0.904654 4
 -0.0854598 0.114888 0.918307 176 -0.0548123 0.116056 0.9011 21 -0.123577 0.0706885 0.921362 2
 -0.0865122 0.106189 0.928295 200
 -0.0918677 0.0956755 0.934215 197 -0.0593073 0.110101 0.943722 3
 -0.073691 0.147836 0.888136 175 -0.0350005 0.143889 0.917212 12 -0.0450203 0.120243 0.873096 6
 -0.079396 0.134861 0.897554 146 -0.0799123 0.0839964 0.924852 25 -0.0437904 0.129083 0.930967 12
 -0.0803548 0.113096 0.911308 129 -0.0804459 0.0846523 0.933128 71
 -0.081997 0.104079 0.919767 191 -0.0635909 0.1288 0.943149 8 -0.0858044 0.151189 0.883753 1
 -0.0818667 0.084481 0.937737 145 -0.0842348 0.102477 0.928682 37 -0.0829653 0.0987454 0.930606 14
 -0.0850518 0.0916839 0.936021 200
 -0.0376221 0.14166 0.911961 192 -0.0411679 0.10291 0.870961 6 -0.0672758 0.152985 0.887271 1
 -0.042997 0.130528 0.92291 196 -0.0404861 0.122557 0.870468 3 -0.038896 0.100631 0.873831 1
 -0.0474108 0.117105 0.933313 89 -0.0490237 0.0852901 0.881972 73 -0.0480723 0.0802604 0.884666 38
 -0.0481833 0.127508 0.935146 113 -0.0526027 0.106516 0.923883 47 -0.0497919 0.104234 0.872486 27
 -0.0545152 0.0770733 0.940196 93 -0.059579 0.103219 0.919164 69 -0.0516303 0.0925595 0.879493 11
 -0.0716411 0.0819049 0.943507 151 -0.114466 0.0690143 0.932293 29 -0.112223 0.11001 0.925047 7
 -0.0416602 0.0839809 0.880359 100 -0.0352543 0.13951 0.913896 94 -0.119858 0.136003 0.934159 2
 -0.0479968 0.0693026 0.898593 96 -0.0457512 0.0818652 0.885684 61 -0.041984 0.116772 0.867063 24
 -0.049727 0.0620075 0.909475 200
 -0.0513114 0.0496401 0.919831 199 -0.0638481 0.0770986 0.931015 1
 -0.067628 0.0263806 0.925585 200
 -0.0858792 0.0210846 0.925516 170 -0.0807112 0.0638786 0.926851 30
 -0.1071 0.00668384 0.936424 199 -0.105638 0.0883435 0.939091 1
 -0.087165 0.00555361 0.946729 43 -0.0781495 0.03709 0.914444 5 -0.0700264 0.0607561 0.915535 2
 -0.0913651 0.0740773 0.942906 113 -0.118004 0.0418597 0.929331 5
 -0.111743 0.0651994 0.92936 198 -0.0732504 0.125912 0.916961 2
 -0.0857109 0.0566065 0.933001 14 -0.116267 0.032046 0.931822 3 -0.0965543 0.094557 0.907577 3
 -0.111 0.000315389 0.944264 184 -0.0963763 0.0568437 0.940928 9 -0.0962309 0.0523703 0.940064 3
