 -0.100916 -0.000721815 0.996329 74 -0.0946986 -0.0656667 1.0115 32 -0.110988 -0.0232165 0.958439 29
 -0.102732 -0.0125285 1.00115 88 -0.106482 -0.0212674 0.963869 52 -0.0912078 -0.076912 1.01712 26
 -0.107154 -0.0404001 1.00915 49 -0.107044 -0.0384034 0.974807 48 -0.105098 -0.036595 1.02001 41
 -0.106395 -0.0485443 1.01147 123 -0.104388 -0.046783 0.986335 34 -0.114011 -0.179547 1.14689 24
 -0.103435 -0.0566518 1.01763 152 -0.096813 -0.134116 1.10245 27 -0.080045 -0.156686 1.11635 10
 -0.0980168 -0.0720409 1.02419 122 -0.0895853 -0.0992146 1.02374 39 -0.0960618 -0.151401 1.11391 32
 -0.101305 -0.0134261 1.01573 83 -0.111755 -0.0148272 0.96894 66 -0.0580853 -0.0827872 1.08959 28
 -0.101025 -0.03013 1.02827 96 -0.10969 -0.0303173 0.976485 70 -0.108268 -0.00923063 0.971582 14
 -0.0988244 -0.085645 1.02361 52 -0.100971 -0.0346076 1.02481 44 -0.0999726 -0.0525647 1.03952 38
 -0.0999547 -0.0274277 1.02301 72 -0.104239 -0.0755837 1.02366 39 -0.109615 -0.0563982 0.994419 36
 -0.0882373 -0.0511642 1.05866 44 -0.101713 -0.0515766 1.01967 35 -0.103734 -0.021782 1.02703 30
 -0.0870156 -0.0651875 1.05569 177 -0.084181 -0.0917864 1.02678 18 -0.0708368 -0.107864 1.04839 4
 -0.0624269 0.00825508 1.09445 93 -0.0951822 0.000264417 0.996109 72 -0.0591103 -0.0762833 1.08599 22
 -0.0675512 -0.00912697 1.0966 101 -0.096813 -0.014529 1.01935 75 -0.0940246 -0.0299215 1.03068 15
 -0.0938486 -0.0329679 1.03454 104 -0.0787054 -0.0931594 1.06097 31 -0.0965111 -0.042229 1.03866 22
 -0.0885564 -0.0421511 1.04425 75 -0.0873966 -0.0174698 1.02698 58 -0.0816669 -0.0807202 1.06273 36
 -0.0841141 -0.0493237 1.07066 136 -0.0706601 -0.0417038 1.10109 26 -0.0591956 -0.0571758 1.06204 14
 -0.0776893 -0.0563533 1.08463 106 -0.100252 -0.0398022 1.04378 39 -0.0961415 -0.0423704 1.04668 22
 -0.0623247 0.00872534 1.09281 180 -0.0561012 -0.0534613 1.09326 18 -0.0754763 -0.176298 1.13365 2
 -0.0659405 -0.00346093 1.09879 190 -0.104572 -0.0210475 1.02367 7 -0.0865424 -0.178114 1.14135 2
 -0.0670178 -0.0236986 1.0949 92 -0.0629775 0.00408718 1.09572 84 -0.0651727 -0.00744326 1.09587 6
 -0.0658922 -0.0359754 1.09355 127 -0.0694973 -0.00529588 1.10314 36 -0.0643993 -0.0968821 1.08946 27
 -0.0678363 -0.0505064 1.09288 115 -0.0792709 -0.0690375 1.05732 23 -0.110926 -0.153643 1.11562 11
 -0.0887861 -0.0482799 1.07902 20 -0.0747746 -0.0582098 1.08888 13 -0.0729127 -0.0810947 1.07989 11
 -0.0628162 0.000670627 1.09832 198 -0.0977341 0.00306712 1.00774 2
 -0.0652379 -0.0116377 1.09801 158 -0.0827724 -0.0897624 1.0329 21 -0.102039 -0.174659 1.13612 20
 -0.0676946 -0.0257007 1.10305 169 -0.068936 -0.0899483 1.08144 14 -0.0781539 -0.103589 1.06135 10
 -0.0684912 -0.0895665 1.09034 97 -0.0737037 -0.0849794 1.01914 89 -0.0704976 -0.0306483 1.08413 6
 -0.059117 -0.0860331 1.09212 62 -0.0788609 -0.105233 1.05493 21
 -0.0763323 -0.0847025 1.07519 22 -0.0778163 -0.0532388 1.03944 10 -0.0817637 -0.0601365 1.0604 7
 -0.0985467 -0.135476 1.10799 172 -0.0761575 -0.0399504 1.05141 18 -0.0696586 -0.0861057 1.0731 4
 -0.083516 -0.0649065 1.07971 24 -0.109986 -0.164811 1.14349 4 -0.0580009 -0.0745147 1.09988 2
 -0.0936 -0.0522954 1.053 19 -0.0959131 -0.076512 1.03837 7
 -0.0923234 -0.0733948 1.03051 125 -0.0888238 -0.107284 1.029 33 -0.0967249 -0.0366314 1.05975 25
 -0.105284 -0.126101 1.09458 34 -0.114426 -0.0305178 0.97596 3
 -0.0945205 -0.137923 1.0997 5 -0.0783925 -0.0325303 1.04826 4 -0.118329 -0.15853 1.12503 2
