 0.210332 -0.041078 0.843401 51 0.111679 -0.0772852 0.837314 49 0.0552701 -0.0323459 0.972954 25
 0.216265 -0.0393842 0.839906 78 0.0603602 -0.0291996 0.959685 65 0.108857 -0.0713256 0.846741 39
 0.0667851 -0.0248017 0.969015 87 0.106785 -0.0610653 0.858189 35 0.110072 -0.0482188 0.892279 24
 0.0958999 -0.0408926 0.894003 105 0.0735096 -0.0318516 0.968242 51 0.0965052 0.00382971 0.933654 10
 0.0969999 -0.0347435 0.899144 74 0.116452 -0.0367653 0.887511 50 0.103087 -0.0355405 0.894664 26
 0.11052 -0.0353785 0.892847 78 0.102541 -0.0344824 0.919281 28 0.109027 -0.034276 0.902835 13
 0.112005 -0.071094 0.844285 35 0.111326 -0.0682642 0.849013 31 0.106483 -0.0372692 0.907068 29
 0.104838 -0.0584028 0.844964 60 0.184616 -0.0376982 0.833628 21 0.0862061 -0.0328402 0.952596 19
 0.120759 -0.0406878 0.890913 74 0.105782 -0.0429073 0.913034 48 0.111893 -0.0512508 0.840739 29
 0.108422 -0.0379052 0.908141 104 0.128915 -0.034255 0.890449 41 0.0869948 -0.0101132 0.962451 19
 0.117605 -0.0339455 0.872727 51 0.112475 -0.0252926 0.914322 50 0.106504 -0.0275307 0.919265 24
 0.144956 -0.027541 0.884854 76 0.0938773 -0.0442965 0.904159 32 0.123001 -0.0145158 0.915797 29
 0.15941 -0.0492199 0.833699 78 0.150219 -0.045554 0.866354 19 0.156399 -0.0491728 0.837159 13
 0.162118 -0.0370961 0.829765 57 0.147142 -0.0307309 0.86474 33 0.145068 -0.043456 0.844807 25
 0.117671 -0.0329178 0.885515 78 0.111781 -0.019519 0.933486 48 0.159367 -0.0328627 0.849543 31
 0.134568 -0.0304756 0.885367 64 0.170329 -0.0248745 0.895736 54 0.110253 -0.0140848 0.948215 26
 0.14069 -0.023737 0.886292 152 0.181879 -0.0345208 0.882603 17 0.143799 -0.0468454 0.8447 11
 0.151386 -0.0258003 0.898 74 0.130099 -0.0423098 0.889012 20 0.111847 -0.0127122 0.926095 19
 0.151871 -0.0531374 0.839363 61 0.17969 -0.0519462 0.82039 42 0.179558 -0.0490528 0.833511 32
 0.118027 -0.0481663 0.893643 43 0.209625 -0.0437881 0.847473 39 0.188299 -0.046519 0.818499 37
 0.192949 -0.0387546 0.859998 44 0.0647129 -0.0324393 0.96595 28 0.167873 -0.0238058 0.905694 26
 0.109347 -0.0680013 0.862268 48 0.152962 -0.0231987 0.881746 29 0.161827 -0.0146197 0.908334 27
 0.156746 -0.0276131 0.878603 68 0.161053 -0.0218943 0.901704 44 0.102624 -0.021853 0.938118 21
 0.131975 -0.0334114 0.894944 57 0.147405 -0.024329 0.908261 16 0.170428 -0.0312296 0.821233 12
 0.211382 -0.0427422 0.848617 122 0.192386 -0.0429045 0.818648 76 0.113624 -0.068616 0.836184 2
 0.195608 -0.0401392 0.862952 117 0.181118 -0.0374402 0.836663 48 0.184203 -0.0388892 0.832149 33
 0.17219 -0.0345093 0.844154 120 0.187678 -0.035317 0.875942 59 0.151542 -0.0240781 0.895785 19
 0.154705 -0.038794 0.833554 105 0.132851 -0.0232937 0.914805 56 0.120782 -0.0301613 0.895601 22
 0.158128 -0.0472024 0.823343 46 0.151039 -0.0354975 0.855696 27 0.128233 -0.038976 0.891844 10
 0.141477 -0.0177517 0.917626 41 0.157351 -0.0308767 0.873825 29 0.162147 -0.024724 0.913892 24
 0.0909883 -0.0179709 0.962522 119 0.121809 -0.0224835 0.925655 78 0.146796 -0.0335456 0.893963 2
 0.148128 -0.0309054 0.862393 8
 0.142386 -0.0274405 0.89836 56 0.11692 -0.0196973 0.934058 16 0.100973 -0.0394419 0.89909 1
 0.127819 -0.0232466 0.92631 49 0.108773 -0.0262434 0.943035 45 0.14877 -0.0396915 0.875496 37
 0.142578 -0.035472 0.894128 9 0.158038 -0.0212569 0.913799 1
 0.0985303 -0.0147979 0.96356 59 0.109334 -0.0176808 0.948348 25 0.135588 -0.0150913 0.929774 16
