 -0.171048 -0.118814 0.914762 73 -0.204738 -0.140001 0.877549 56 -0.174692 -0.110467 0.887161 37
 -0.15997 -0.119237 0.917895 73 -0.204602 -0.110149 0.873393 36 -0.0926884 -0.10803 0.951936 20
 -0.197493 -0.115209 0.892404 53 -0.158158 -0.0747118 0.88 49 -0.186707 -0.0964262 0.892439 25
 -0.151002 -0.0720757 0.873182 42 -0.190293 -0.089908 0.894973 39 -0.202465 -0.101777 0.898618 32
 -0.178488 -0.125277 0.912675 80 -0.19142 -0.0915772 0.90029 41 -0.195172 -0.139591 0.890548 32
 -0.180051 -0.132666 0.917755 100 -0.157851 -0.140928 0.928666 34 -0.17027 -0.0905903 0.917844 31
 -0.151772 -0.0705195 0.876828 121 -0.156547 -0.114965 0.927498 35 -0.180794 -0.0809422 0.885961 17
 -0.178577 -0.124493 0.923846 73 -0.161447 -0.0773828 0.879384 30 -0.170217 -0.07599 0.89266 23
 -0.172411 -0.0879352 0.886028 70 -0.17635 -0.092586 0.913006 46 -0.177313 -0.0899995 0.89065 29
 -0.185921 -0.0900059 0.906936 76 -0.180927 -0.0922615 0.914558 53 -0.180144 -0.0829769 0.888491 34
 -0.178275 -0.0976568 0.916303 145 -0.140396 -0.0997104 0.942835 54 -0.153065 -0.0833924 0.928315 1
 -0.182743 -0.100477 0.916848 152 -0.123756 -0.12237 0.940325 42 -0.145509 -0.108256 0.929519 4
 -0.132638 -0.0695864 0.875934 159 -0.195936 -0.0920032 0.880493 20 -0.166422 -0.0642341 0.888157 14
 -0.141819 -0.0970353 0.924731 102 -0.136652 -0.0666033 0.877806 58 -0.189798 -0.0873502 0.907319 22
 -0.176885 -0.0977244 0.920031 67 -0.155965 -0.0727578 0.889174 41 -0.135524 -0.0861824 0.935291 37
 -0.149346 -0.0770167 0.928483 55 -0.179595 -0.0919596 0.917433 52 -0.155169 -0.0693515 0.886588 46
 -0.161426 -0.0976211 0.934874 81 -0.152261 -0.0972734 0.938122 55 -0.147775 -0.0971647 0.939291 30
 -0.147476 -0.100474 0.941533 192 -0.115337 -0.123765 0.959543 4 -0.135289 -0.137489 0.939304 4
 -0.0982199 -0.078109 0.937644 133 -0.119594 -0.0672455 0.895916 26 -0.123296 -0.133078 0.932335 13
 -0.0987481 -0.0900241 0.941518 77 -0.0966684 -0.0808375 0.938058 68 -0.0978406 -0.085819 0.939869 18
 -0.0999276 -0.0890857 0.942815 196 -0.177963 -0.064482 0.889786 2 -0.123282 -0.068198 0.88636 2
 -0.101404 -0.102303 0.94873 175 -0.107021 -0.068334 0.921491 13 -0.095338 -0.1373 0.987097 10
 -0.11516 -0.0699668 0.933822 182 -0.163251 -0.0839141 0.922743 10 -0.100742 -0.110317 0.955721 3
 -0.132993 -0.0951152 0.941136 120 -0.154759 -0.13306 0.94114 29 -0.197994 -0.121206 0.870594 17
 -0.102642 -0.199414 1.02605 43 -0.135408 -0.0654568 0.878682 34 -0.131222 -0.0653919 0.883503 34
 -0.124759 -0.0748339 0.926631 107 -0.105938 -0.0979581 0.945665 22 -0.104631 -0.175823 0.994764 17
 -0.118269 -0.08429 0.930464 200
 -0.114043 -0.095794 0.947134 160 -0.160592 -0.146355 0.935455 40
 -0.149196 -0.144199 0.932824 137 -0.116468 -0.0982152 0.942451 53 -0.107502 -0.117385 0.978756 10
 -0.117603 -0.118333 0.951658 149 -0.158466 -0.132932 0.938763 27 -0.128394 -0.138414 0.929513 14
 -0.176518 -0.112895 0.903313 47 -0.136338 -0.136628 0.94002 46 -0.102849 -0.1569 0.995191 41
 -0.106996 -0.126801 0.987778 27 -0.122293 -0.108067 0.942815 18 -0.189754 -0.111474 0.90203 1
 -0.153074 -0.110259 0.943629 165 -0.130788 -0.135257 0.94634 2 -0.183212 -0.102568 0.913598 2
 -0.152106 -0.128398 0.928689 55 -0.179838 -0.0960602 0.909314 50 -0.183179 -0.095264 0.902172 31
 -0.124138 -0.12082 0.93338 27 -0.15297 -0.0872381 0.91053 3 -0.169791 -0.105164 0.91882 1
 -0.181481 -0.107486 0.907431 8 -0.164251 -0.142696 0.926998 2 -0.17238 -0.0788103 0.887454 1
