 -0.151186 0.0708719 0.673982 197 -0.113536 0.112403 0.675455 3
 -0.14845 0.058693 0.676123 197 -0.116964 0.101871 0.678923 3
 -0.143727 0.0438604 0.683692 200
 -0.140055 0.0346676 0.689163 200
 -0.134893 0.0261778 0.694276 200
 -0.127263 0.00821686 0.696147 200
 -0.109171 0.106243 0.676815 200
 -0.112294 0.0921819 0.683221 200
 -0.113433 0.0724959 0.693554 196 -0.0703446 0.0886123 0.697588 4
 -0.11375 0.0606071 0.697472 200
 -0.109759 0.0444004 0.707626 200
 -0.108007 0.0288163 0.712244 200
 -0.0717467 0.121601 0.682416 192 -0.110857 0.108993 0.676369 7 -0.0423113 0.118196 0.711731 1
 -0.0764009 0.106943 0.691428 200
 -0.0802369 0.0894197 0.703537 198 -0.0624194 0.110355 0.714453 2
 -0.0863018 0.0744168 0.709641 200
 -0.0897753 0.0507192 0.722613 200
 -0.0904965 0.0283556 0.727856 197 -0.0820057 0.0682243 0.719489 3
 -0.0389874 0.11234 0.711147 200
 -0.0451915 0.0995172 0.714782 200
 -0.0510652 0.0845678 0.722756 200
 -0.0576444 0.0722081 0.731215 200
 -0.0678494 0.0496113 0.738012 200
 -0.0767559 0.023497 0.741234 200
 -0.0155183 0.00756951 0.675506 200
 -0.0257091 -0.00207301 0.688754 183 -0.0514552 0.0959993 0.722277 14 -0.0506864 -0.00520245 0.713756 3
 -0.0353136 -0.0160288 0.715881 200
 -0.0427066 -0.0284156 0.726496 198 -0.0567326 0.0909187 0.725075 2
 -0.0549763 -0.0455805 0.733904 200
 -0.0805505 -0.0622905 0.73678 200
 -0.118881 -0.0783073 0.748236 200
 -0.0778796 -0.079877 0.753787 40 -0.128066 -0.0794788 0.758246 1
 -0.0971294 -0.00215257 0.727698 200
 -0.110318 -0.0132126 0.710576 200
 -0.0928802 0.0620266 0.710407 8 -0.0855102 -0.0266795 0.714622 2
 -0.0928709 -0.0865755 0.748797 72 -0.128392 -0.097454 0.735105 4 -0.114117 -0.0911343 0.744048 3
