 -0.199945 0.0626976 0.763578 200
 -0.199519 0.0497303 0.765627 185 -0.0592968 -0.0228332 0.754755 15
 -0.197412 0.0354811 0.770325 184 -0.0716574 -0.0351598 0.756205 15 -0.175772 0.0269189 0.765714 1
 -0.194743 0.0239825 0.774136 200
 -0.192009 0.0131292 0.775632 195 -0.198587 0.0533469 0.764871 5
 -0.192665 -0.00844843 0.77641 200
 -0.158045 0.0885269 0.749613 185 -0.15036 0.0775646 0.725035 15
 -0.162517 0.0749961 0.756133 200
 -0.165181 0.054661 0.765951 200
 -0.165634 0.0446889 0.769221 200
 -0.16256 0.0260491 0.778098 199 -0.165033 0.0661832 0.759875 1
 -0.163626 0.00701352 0.781284 180 -0.163481 0.0490479 0.776364 17 -0.110716 -0.0346756 0.77607 3
 -0.125115 0.0899835 0.725242 200
 -0.128515 0.0739541 0.734263 192 -0.1403 0.0419889 0.753185 8
 -0.132197 0.0596662 0.745562 200
 -0.135426 0.047981 0.755261 187 -0.152066 0.0745183 0.756345 5 -0.127996 0.0865055 0.725656 5
 -0.136566 0.0255341 0.772954 200
 -0.138704 0.00510733 0.780971 200
 -0.0894838 0.0693589 0.731443 200
 -0.0935154 0.0568859 0.738645 200
 -0.0999528 0.0408472 0.752405 200
 -0.106113 0.030558 0.762641 200
 -0.111736 0.0219237 0.774586 200
 -0.117349 -0.00126015 0.786306 200
 -0.051006 -0.0155205 0.752306 200
 -0.0641556 -0.0281542 0.758456 200
 -0.0804467 -0.0421029 0.764958 194 -0.0811151 -0.038652 0.792182 6
 -0.0931638 -0.0547519 0.773439 200
 -0.119583 -0.0782334 0.781552 198 -0.131904 -0.085923 0.812092 2
 -0.145681 -0.0916047 0.794475 200
 -0.183422 -0.104125 0.809955 200
 -0.14993 -0.105663 0.815709 131 -0.174334 0.0166233 0.784554 26 -0.190925 -0.0166078 0.782162 6
 -0.152808 -0.0315887 0.791309 136 -0.150609 0.00202273 0.784393 63 -0.151062 -0.00752572 0.786978 1
 -0.17664 -0.0405117 0.783485 200
 -0.139582 -0.0594042 0.79213 44
 -0.167732 -0.117206 0.81184 170 -0.173338 -0.113161 0.811819 28 -0.144863 0.0683312 0.758772 1
