 -0.153652 0.0627179 0.656005 200
 -0.150507 0.0509012 0.661405 200
 -0.146063 0.0365194 0.672423 200
 -0.143326 0.0279655 0.67828 200
 -0.13742 0.0192175 0.683932 200
 -0.128439 0.00590053 0.688778 200
 -0.102856 0.103804 0.659706 163 -0.0717064 0.121958 0.712855 32 -0.0987968 0.00392993 0.714025 5
 -0.108521 0.0922888 0.669271 156 -0.0743824 0.105504 0.711953 32 -0.0613072 0.0599351 0.695565 6
 -0.1135 0.0677765 0.685145 196 -0.0815824 0.0892082 0.729206 4
 -0.115429 0.0555764 0.689047 196 -0.0932994 0.0863643 0.730667 4
 -0.114481 0.0390316 0.700668 187 -0.105608 0.00721899 0.721404 13
 -0.113712 0.0278664 0.705634 194 -0.124468 0.0702937 0.691963 6
 -0.0699791 0.117834 0.711277 87 -0.0334913 0.0591859 0.683673 53 -0.103633 0.115061 0.662691 47
 -0.0759627 0.11099 0.71695 122 -0.0483744 0.0572065 0.688662 64 -0.10778 0.0926749 0.670276 9
 -0.083132 0.0752155 0.700075 120 -0.060116 0.0542699 0.696602 26 -0.0827425 0.0926293 0.723314 23
 -0.114018 0.0819172 0.681783 84 -0.0890523 0.0633761 0.705026 83 -0.105921 0.0858072 0.732187 14
 -0.108185 0.061853 0.703157 58 -0.0919646 0.0376006 0.716681 37 -0.0779317 0.049114 0.703704 36
 -0.0969676 0.0518607 0.716896 130 -0.106726 0.0879423 0.735002 35 -0.0942806 0.0349007 0.741159 26
 -0.0705495 0.125518 0.708507 171 -0.0307287 0.0551596 0.684767 29
 -0.0749665 0.11376 0.715168 149 -0.0400543 0.0481226 0.689738 45 -0.075917 0.0800317 0.688875 4
 -0.0443207 0.0310803 0.702269 111 -0.0804353 0.100296 0.721168 47 -0.0480941 0.0610293 0.692415 24
 -0.0718545 0.070666 0.697252 100 -0.049478 0.0188053 0.717696 41 -0.0817019 0.108117 0.717934 25
 -0.0907415 0.0529339 0.742726 64 -0.0688613 0.0467443 0.741235 40 -0.0834735 0.0665583 0.699858 21
 -0.0860031 0.0240784 0.744782 80 -0.0789187 0.0726319 0.702632 42 -0.0931034 0.0378083 0.749583 37
 -0.0265634 0.041552 0.689107 128 -0.0692286 0.120936 0.714616 39 -0.0594464 0.0576329 0.697064 29
 -0.0397067 0.0263173 0.71219 188 -0.0779394 0.104663 0.720362 8 -0.100801 0.087415 0.678229 4
 -0.0485702 0.0118896 0.730823 197 -0.0806764 0.106336 0.717406 3
 -0.0541188 -0.00259628 0.74461 200
 -0.0611193 -0.0195915 0.748001 168 -0.0436308 0.00810898 0.740392 27 -0.0435807 0.0354484 0.704303 3
 -0.0833273 -0.041937 0.737572 200
 -0.116129 -0.0734855 0.747966 200
 -0.0519381 0.00116229 0.728629 5 -0.125357 -0.0679658 0.757246 1
 -0.107801 0.00761021 0.733954 199 -0.0889203 0.0659938 0.727771 1
 -0.110304 -0.00679279 0.705902 200
 -0.114858 -0.0433426 0.729037 5 -0.122146 -0.0701705 0.748892 1
 -0.117914 -0.0801642 0.75644 37 -0.103934 -0.0974619 0.765489 7 -0.0996066 0.0127516 0.739425 2
