 -0.154728 -0.181554 0.721775 152 -0.155544 -0.15861 0.723938 28 -0.00940446 -0.0744477 0.806651 10
 -0.154419 -0.17071 0.723934 191 -0.116035 -0.18642 0.725686 4 -0.125812 -0.118086 0.72441 4
 -0.151839 -0.15261 0.7258 196 -0.0676628 -0.0448123 0.784699 4
 -0.148815 -0.144664 0.728942 196 -0.0679499 -0.0513182 0.773852 4
 -0.147246 -0.128975 0.726522 194 -0.071034 -0.0589475 0.766563 4 -0.119775 -0.0919265 0.727129 2
 -0.152904 -0.0477566 0.73806 137 -0.146157 -0.108718 0.730286 60 -0.118804 -0.11387 0.724132 2
 -0.107053 -0.205699 0.720262 159 -0.150231 -0.160783 0.727001 21 -0.0737373 -0.208516 0.717973 15
 -0.111611 -0.194007 0.719812 142 -0.113223 -0.150317 0.719206 23 -0.078288 -0.194586 0.724149 16
 -0.115699 -0.16584 0.721038 192 -0.166268 -0.00787421 0.768135 6 -0.075552 -0.145298 0.727935 2
 -0.11921 -0.153959 0.72496 189 -0.172043 -0.00332484 0.777844 6 -0.0876763 -0.0423558 0.774295 4
 -0.114138 -0.129532 0.724545 181 -0.0862976 -0.131418 0.74069 14 -0.0561942 -0.159193 0.754476 4
 -0.117003 -0.107347 0.727893 163 -0.0902742 -0.113222 0.744696 14 -0.124514 -0.0636375 0.73263 10
 -0.06856 -0.20581 0.724398 115 -0.0264893 -0.179061 0.753746 47 -0.0963833 -0.209284 0.722408 15
 -0.076742 -0.192989 0.725957 129 -0.105414 -0.190065 0.721368 46 -0.0422445 -0.176938 0.747446 11
 -0.14799 -0.00622847 0.757667 84 -0.0829461 -0.174579 0.728932 51 -0.0864116 -0.177426 0.72877 44
 -0.083235 -0.154707 0.730277 116 -0.139815 -0.0019391 0.759813 43 -0.145402 0.00159079 0.764408 37
 -0.0895875 -0.125046 0.735228 157 -0.102218 -0.0674956 0.743739 17 -0.0780508 -0.0989094 0.75157 11
 -0.0956625 -0.102459 0.739839 115 -0.134224 -0.0125744 0.75587 85
 -0.0302007 -0.182737 0.748226 182 -0.0677416 -0.208042 0.724645 18
 -0.0387741 -0.170957 0.752529 150 -0.0508302 -0.136877 0.747737 42 -0.07266 -0.199354 0.729909 7
 -0.0454431 -0.153065 0.749024 86 -0.0517442 -0.124703 0.74916 59 -0.162165 -0.172582 0.728753 17
 -0.0540631 -0.136736 0.748628 94 -0.0801722 -0.0574643 0.767175 32 -0.0303681 -0.172763 0.757518 31
 -0.0689678 -0.106433 0.745637 103 -0.0700065 -0.101865 0.743617 69 -0.0742715 -0.0707687 0.745706 17
 -0.0800905 -0.0872849 0.751855 195 -0.0777356 -0.111649 0.759848 5
 -0.00939774 -0.0732831 0.811597 193 -0.0166938 -0.175717 0.756573 7
 -0.0269091 -0.066231 0.805321 200
 -0.0502615 -0.0501885 0.79755 200
 -0.0657862 -0.0478775 0.7885 200
 -0.0465228 -0.0507974 0.79489 33 -0.161918 -0.0788907 0.747675 25 -0.0741997 -0.0637931 0.793324 20
 -0.160831 -0.0427466 0.743677 29 -0.157748 -0.045624 0.739785 25 -0.0836757 -0.111739 0.732415 17
 -0.158545 -0.0140633 0.754283 194 -0.181077 0.00359887 0.78807 6
 -0.12735 -0.00624264 0.767941 200
 -0.110423 -0.0675433 0.742497 199 -0.0919093 -0.100177 0.742979 1
 -0.137018 -0.0680273 0.727225 200
 -0.120809 -0.0468015 0.746564 200
 -0.144244 -0.00404662 0.760186 188 -0.16623 0.00825575 0.789869 12
