 -0.177653 -0.00504206 0.655939 166 -0.155761 0.0458514 0.659156 29 -0.15613 -0.0554351 0.678756 3
 -0.175419 -0.0154434 0.658992 194 -0.156337 0.0299403 0.662494 6
 -0.170943 -0.028187 0.671219 199 -0.143855 0.00494752 0.694667 1
 -0.164631 -0.0388455 0.685073 183 -0.155801 -0.0156675 0.708689 13 -0.177687 -0.0222788 0.690205 2
 -0.159707 -0.0450683 0.696912 183 -0.176595 -0.019246 0.692159 14 -0.155178 0.0105268 0.696454 1
 -0.153347 -0.058566 0.704794 199 -0.142322 0.0127974 0.718047 1
 -0.147609 0.0369915 0.660199 191 -0.116506 0.0636903 0.676402 7 -0.148905 0.0201719 0.715061 1
 -0.150843 0.0245182 0.671732 188 -0.122721 0.0511825 0.685139 6 -0.133251 0.0397681 0.700481 5
 -0.152395 0.00710548 0.686584 192 -0.142055 0.0191321 0.713103 8
 -0.153076 -0.00452828 0.697626 200
 -0.149627 -0.0176565 0.71312 195 -0.152935 0.0195834 0.708727 5
 -0.144118 -0.0350384 0.718638 153 -0.149585 -0.0072907 0.70152 47
 -0.120415 0.0570684 0.678641 199 -0.153749 0.038999 0.661583 1
 -0.12438 0.0445395 0.689221 193 -0.084078 0.0254573 0.722897 4 -0.144822 0.0311334 0.669096 3
 -0.131084 0.0257414 0.705462 189 -0.0972582 0.0137141 0.729796 11
 -0.133946 0.0165861 0.71185 198 -0.108205 0.0521806 0.690869 1 -0.105206 0.00937095 0.724507 1
 -0.130681 -0.00777709 0.726485 197 -0.115918 0.0223258 0.739658 2 -0.109727 0.0285863 0.701956 1
 -0.127333 -0.0248948 0.740137 200
 -0.0678414 0.0425454 0.702178 165 -0.0899257 0.030255 0.718282 26 -0.118953 0.0637297 0.672122 9
 -0.0757881 0.0328652 0.710553 167 -0.0938328 0.0204522 0.723162 24 -0.122775 0.0531096 0.680086 9
 -0.0885469 0.0224617 0.720723 199 -0.125699 0.0393086 0.695633 1
 -0.0974268 0.0149379 0.731105 200
 -0.10297 -0.000454741 0.743467 200
 -0.111903 -0.0282956 0.763937 200
 -0.0294513 -0.047461 0.740889 194 -0.0666831 0.0414909 0.709115 6
 -0.0497151 -0.0550759 0.751535 200
 -0.0655812 -0.0648357 0.764158 200
 -0.0786701 -0.0726101 0.776142 200
 -0.102547 -0.0879684 0.77771 193 -0.11521 -0.00282811 0.733384 5 -0.135862 -0.0788953 0.753052 2
 -0.12481 -0.101132 0.771913 200
 -0.161107 -0.118264 0.780692 200
 -0.122743 -0.0165971 0.743379 14 -0.155026 -0.158359 0.813008 12 -0.145741 -0.123168 0.779992 8
 -0.141419 -0.0485744 0.732433 102 -0.137609 -0.050415 0.741072 64 -0.143965 -0.0117811 0.720548 18
 -0.145179 -0.0590973 0.72164 200
 -0.154472 -0.0899733 0.73924 8 -0.130598 -0.0414754 0.729481 2 -0.148719 -0.0383848 0.704325 1
 -0.159585 -0.121967 0.77414 95 -0.156426 -0.117319 0.735211 2
