 -0.132855 0.0675696 0.639952 160 -0.00883679 0.0606686 0.698771 14 -0.11387 0.0443976 0.689386 11
 -0.129124 0.0564718 0.644214 170 -0.0199073 0.0650114 0.700418 14 -0.0993667 0.0984292 0.663774 11
 -0.124982 0.0417326 0.655948 197 -0.0377873 0.0658584 0.710565 3
 -0.122401 0.0326622 0.665785 200
 -0.119476 0.0252103 0.673033 186 -0.128959 0.0580865 0.687621 14
 -0.110325 0.00574343 0.68159 200
 -0.0955257 0.108733 0.657836 197 -0.095019 0.109788 0.687278 3
 -0.100034 0.0943939 0.665918 197 -0.0990256 0.0955613 0.69491 3
 -0.105985 0.077583 0.678342 170 -0.104926 0.0801585 0.702749 29 -0.11917 0.0521948 0.695522 1
 -0.105897 0.064239 0.685408 190 -0.106176 0.0679706 0.705641 10
 -0.102091 0.0458433 0.697237 194 -0.077819 0.0730086 0.698173 6
 -0.0983793 0.0314591 0.704425 200
 -0.0559918 0.115025 0.667457 170 -0.097498 0.112165 0.659687 21 -0.0171073 0.0734082 0.695494 7
 -0.0667489 0.105099 0.679588 180 -0.0258649 0.063879 0.707051 20
 -0.0765023 0.091202 0.692578 188 -0.10563 0.0714824 0.679093 12
 -0.0830215 0.0779381 0.699908 200
 -0.0834254 0.0549445 0.715287 200
 -0.0826114 0.0333074 0.724913 199 -0.0843981 0.0832833 0.70649 1
 -0.00875658 0.0697361 0.691961 124 0.0111871 0.0256355 0.706982 52 -0.0563386 0.114649 0.669488 10
 -0.017587 0.0687831 0.699246 177 -0.0719806 0.0964455 0.688072 9 0.000956038 0.0194524 0.714925 5
 -0.0312396 0.0671972 0.705797 156 -0.058269 0.0857222 0.71456 21 -0.051476 0.0506178 0.719152 20
 -0.051546 0.0679392 0.72198 168 -0.0784731 0.0880729 0.695533 15 -0.0664198 0.0329561 0.724976 6
 -0.0630611 0.0557103 0.730692 200
 -0.0707956 0.0272047 0.744795 200
 0.00611364 0.0233516 0.712202 192 -0.0298301 0.0801989 0.713898 8
 -0.0112943 0.0103662 0.729168 200
 -0.0263156 -0.00283143 0.742076 200
 -0.0357503 -0.0129786 0.748146 200
 -0.0487232 -0.0301443 0.753758 200
 -0.074686 -0.0456359 0.744086 200
 -0.110595 -0.0718895 0.746402 200
 -0.082575 -0.0651836 0.763651 28 -0.0228818 0.0296533 0.716305 24 -0.0914174 -0.0843524 0.773068 1
 -0.091872 0.000778559 0.727963 190 -0.0901217 0.0452242 0.721858 3 -0.103112 0.0411121 0.706041 2
 -0.0974157 -0.00955476 0.70467 200
 -0.102925 -0.0374652 0.712716 15 -0.0814776 0.0185323 0.719844 9 -0.0770407 0.0846792 0.687008 3
 -0.109733 -0.0899449 0.754049 40 -0.107031 -0.0644462 0.740322 18 -0.107509 -0.0702782 0.743507 17
