 -0.169868 0.0390042 0.78368 194 -0.120773 -0.00128328 0.791466 3 -0.115734 0.0860086 0.794039 3
 -0.167289 0.0274521 0.787079 196 -0.11244 0.0768293 0.799437 4
 -0.162208 0.012945 0.793287 194 -0.112577 0.0625555 0.811682 6
 -0.156979 0.00286498 0.797556 200
 -0.152375 -0.0054803 0.801015 200
 -0.14533 -0.0245539 0.803127 200
 -0.0949088 -0.000138013 0.766777 97 -0.113148 0.0732727 0.803133 47 -0.170593 0.0294321 0.784453 26
 -0.095083 -0.000417148 0.76778 61 -0.119741 0.0546144 0.81313 55 -0.123993 0.0045962 0.788891 44
 -0.115262 0.0225072 0.78178 180 -0.128604 0.047588 0.817301 6 -0.0915312 0.0188635 0.765118 6
 -0.121113 0.0155453 0.786978 193 -0.0903602 0.00685697 0.769774 6 -0.13807 0.026419 0.839676 1
 -0.117625 0.0033672 0.791582 190 -0.110253 -0.00551108 0.749844 6 -0.119765 -0.0458906 0.808288 4
 -0.121155 -0.0141419 0.815595 199 -0.086324 -0.0566081 0.807248 1
 -0.105754 0.0858415 0.796806 200
 -0.109348 0.0708745 0.808008 199 -0.0995198 0.006175 0.831758 1
 -0.110395 0.0517288 0.821082 200
 -0.111321 0.0408774 0.825387 199 -0.0891535 -0.0021894 0.81846 1
 -0.108217 0.0187061 0.835392 198 -0.0890876 -0.0242254 0.830856 1 -0.085605 0.0381429 0.819794 1
 -0.10235 -0.0124063 0.830703 197 -0.0840654 -0.0104048 0.763602 2 -0.131016 -0.0175395 0.813618 1
 -0.0591561 0.0730614 0.796217 200
 -0.0626616 0.0604817 0.804153 200
 -0.0680922 0.0450613 0.816398 200
 -0.0736851 0.0323953 0.825508 200
 -0.0769295 0.0129601 0.832524 200
 -0.0836674 -0.0252507 0.833864 38 -0.0832969 0.0113966 0.837683 31 -0.081037 -0.011769 0.83596 27
 -0.0576784 0.066425 0.802709 124 -0.173377 0.0374176 0.789295 34 -0.110091 0.0848087 0.802084 21
 -0.0729071 -0.018585 0.767525 166 -0.11298 0.0658142 0.812597 26 -0.0630419 0.0446485 0.817861 7
 -0.0644809 -0.0407234 0.789459 191 -0.0849988 -0.00321786 0.825881 7 -0.068442 0.020477 0.822911 2
 -0.0622683 -0.056891 0.804955 193 -0.0799873 -0.0173138 0.837283 7
 -0.0713913 -0.0794672 0.815591 200
 -0.0909991 -0.101614 0.828353 200
 -0.128037 -0.11837 0.839826 200
 -0.111036 -0.136419 0.853791 8 -0.0926146 -0.12351 0.843318 4
 -0.112408 -0.0351195 0.83221 179 -0.134226 0.00963201 0.798634 14 -0.0994799 0.0123539 0.843064 5
 -0.125306 -0.050091 0.813355 197 -0.123088 -0.0121934 0.812029 3
 -0.111178 -0.0665895 0.801173 2
 -0.103307 -0.129079 0.838879 102 -0.121994 -0.140622 0.846856 10 -0.134675 0.01281 0.798853 2
