 -0.1446 -0.00883138 0.688428 138 -0.0810869 0.0459856 0.650415 32 -0.127079 -0.0384546 0.71276 17
 -0.143558 -0.0165252 0.697344 164 -0.0953339 0.0279649 0.701508 20 -0.0891548 0.0366836 0.654774 16
 -0.141914 -0.0256769 0.706335 189 -0.104107 0.0190683 0.713283 11
 -0.145856 -0.0305384 0.715337 155 -0.109948 0.0109127 0.72054 19 -0.121266 -0.0129945 0.663135 12
 -0.139018 -0.0405839 0.717181 97 -0.136403 -0.0163617 0.708148 65 -0.101965 0.0214564 0.717953 22
 -0.141398 -0.0321146 0.713524 172 -0.111023 0.003026 0.721905 15 -0.132912 -0.00218167 0.68252 7
 -0.0850293 0.0385654 0.651274 76 -0.105043 0.0238701 0.707809 57 -0.115555 -0.014186 0.718533 42
 -0.11598 -0.0326494 0.726734 163 -0.111801 -0.00604884 0.716826 30 -0.0914805 0.0277019 0.659795 5
 -0.11396 -0.00572203 0.72117 134 -0.112274 0.000509812 0.719777 66
 -0.118602 -0.00176521 0.718576 200
 -0.117761 -0.00629441 0.717229 193 -0.0571087 -0.0214693 0.738058 6 -0.0954643 -0.0444966 0.743547 1
 -0.118687 -0.0224348 0.725261 197 -0.0970016 -0.0489612 0.742388 3
 -0.087185 0.044574 0.650797 161 -0.0909698 0.0436062 0.690272 31 -0.0589829 0.031448 0.657681 8
 -0.103958 -0.0315067 0.732206 102 -0.0968975 0.0293777 0.703644 77 -0.0958545 0.0324318 0.661282 14
 -0.0973409 0.000820086 0.719785 97 -0.0997013 0.0166862 0.711846 48 -0.0994194 0.0120876 0.714225 42
 -0.0986734 0.0185344 0.716618 123 -0.0978264 -0.00354413 0.721311 38 -0.0626404 -0.0328971 0.731111 34
 -0.0989205 0.00485659 0.723787 199 -0.109712 -0.0518599 0.741528 1
 -0.0987004 -0.0242578 0.735956 123 -0.0984521 -0.0174057 0.733025 66 -0.0804715 -0.0554779 0.730569 11
 -0.0567634 0.0281296 0.655916 152 -0.0595921 0.0212437 0.706295 45 -0.0851048 0.0494843 0.649645 3
 -0.063596 0.0163138 0.707453 109 -0.0610409 0.0178846 0.662946 71 -0.0903387 0.037537 0.65746 14
 -0.0658907 0.00747556 0.714549 195 -0.056723 0.0186727 0.654486 3 -0.0634935 -0.0300671 0.723926 1
 -0.0677211 0.00411266 0.720281 195 -0.0588956 0.023417 0.666671 5
 -0.0715595 0.000586131 0.726144 189 -0.1049 0.0160611 0.72434 11
 -0.0726203 -0.0176814 0.73849 173 -0.103351 -0.0241212 0.736436 19 -0.0966754 -0.0251336 0.736982 7
 -0.0426712 -0.0471871 0.651934 191 -0.0826172 0.0327122 0.655661 6 -0.0611359 -0.00515394 0.72849 2
 -0.0693166 -0.0655196 0.70622 110 -0.0496141 -0.0454656 0.664682 48 -0.0516649 -0.0485023 0.667535 33
 -0.0559444 -0.0598599 0.70274 179 -0.0634841 -0.0423272 0.668234 14 -0.0742913 -0.0360343 0.727668 5
 -0.0630686 -0.0693058 0.718494 187 -0.0682977 -0.0403754 0.731746 8 -0.0620856 -0.0115428 0.730926 4
 -0.0810486 -0.0876566 0.736544 198 -0.087923 -0.0984928 0.776801 2
 -0.103894 -0.0961888 0.753003 200
 -0.144675 -0.105951 0.774303 200
 -0.110497 -0.102703 0.7691 27 -0.102748 -0.103118 0.7317 2
 -0.113256 -0.0486866 0.744798 84 -0.10544 -0.0150022 0.728829 47 -0.0918235 -0.040965 0.741687 4
 -0.130002 -0.0483385 0.732762 200
 -0.116598 -0.0946092 0.73531 0.540225
 -0.135355 -0.128263 0.781476 54 -0.136191 -0.107502 0.769634 7
