 -0.167124 0.0203445 0.660048 195 -0.15154 -0.0261361 0.708715 3 -0.0918401 0.0534085 0.641825 2
 -0.16514 0.00997448 0.665536 198 -0.102089 0.0478061 0.645384 2
 -0.165008 -0.00195674 0.689518 178 -0.159117 -0.0334512 0.717832 15 -0.139209 -0.00935467 0.710825 4
 -0.164009 -0.00716316 0.700387 196 -0.140898 0.00373794 0.71157 3 -0.129146 0.0185189 0.699741 1
 -0.161437 -0.00871889 0.707844 200
 -0.160813 -0.0235646 0.719165 200
 -0.127018 0.0466495 0.646838 164 -0.13146 0.0386506 0.674252 32 -0.161795 0.0169518 0.657206 4
 -0.13124 0.0372725 0.656068 121 -0.131698 0.0308471 0.678782 61 -0.131769 0.0315156 0.674363 13
 -0.135333 0.0196184 0.695976 198 -0.101752 0.0200308 0.676356 2
 -0.13616 0.0106981 0.705855 194 -0.109623 0.0174929 0.708692 6
 -0.133883 0.0131812 0.711364 200
 -0.135476 -0.00269822 0.720181 200
 -0.0972802 0.0532274 0.646187 200
 -0.104526 0.036718 0.687593 136 -0.102558 0.0392688 0.663846 60 -0.136037 0.0343414 0.652496 4
 -0.109275 0.0204778 0.706044 198 -0.081589 -0.00063428 0.718483 2
 -0.110889 0.0221388 0.706683 200
 -0.111643 0.00688667 0.718973 200
 -0.111758 -0.0121167 0.730354 200
 -0.0667313 0.0298192 0.648154 182 -0.0698286 0.0244445 0.672315 17 -0.137138 0.0343852 0.660762 1
 -0.0690915 0.021847 0.654223 126 -0.0729448 0.0197565 0.684834 62 -0.0942321 0.0491262 0.656423 4
 -0.0766466 0.00996284 0.699902 186 -0.070398 0.0162963 0.655161 10 -0.131451 0.0414291 0.652153 2
 -0.0785349 0.00529274 0.710344 192 -0.104916 0.0150586 0.706377 6 -0.0732308 0.0232332 0.674322 1
 -0.0860281 0.00368722 0.720813 200
 -0.0963567 -0.0182035 0.732859 196 -0.133841 0.00864969 0.717795 4
 -0.0480463 -0.0493222 0.652926 191 -0.0654525 0.0249445 0.654219 9
 -0.0564631 -0.0525293 0.670569 160 -0.0734531 -0.0722683 0.710077 34 -0.0715165 0.0103972 0.701758 4
 -0.0698294 -0.0586946 0.70376 161 -0.066853 -0.0405675 0.724226 32 -0.0593143 -0.0601064 0.672894 5
 -0.074593 -0.0644052 0.719666 200
 -0.0907995 -0.0819558 0.736458 200
 -0.11569 -0.0923202 0.754041 200
 -0.156643 -0.0994655 0.778468 200
 -0.116889 -0.0986182 0.778851 11 -0.134092 -0.118938 0.778673 2 -0.114139 -0.121163 0.78537 1
 -0.127385 -0.0393498 0.744179 142 -0.094413 0.0269177 0.665649 2
 -0.146072 -0.0465942 0.734893 200

 -0.145807 -0.114161 0.778179 111
