 -0.15019 0.0861638 0.694535 200
 -0.146401 0.0739351 0.695511 200
 -0.141489 0.0572284 0.700845 200
 -0.137591 0.0466044 0.705238 200
 -0.132152 0.0368643 0.706828 200
 -0.126474 0.0210111 0.707841 200
 -0.100633 0.116985 0.698289 187 -0.0476902 0.0959493 0.683168 13
 -0.106132 0.102399 0.702027 185 -0.058582 0.0869028 0.688386 13 -0.103379 0.0658605 0.7134 2
 -0.108042 0.0849727 0.708588 199 -0.105306 0.0477197 0.721162 1
 -0.109586 0.0710906 0.711606 200
 -0.105917 0.054478 0.720737 200
 -0.102531 0.0396248 0.723078 200
 -0.106174 0.117928 0.695396 185 -0.0360288 0.124967 0.72611 9 -0.0583423 0.109174 0.687305 6
 -0.108703 0.106669 0.701518 118 -0.0697771 0.0866402 0.699424 44 -0.0603486 0.0956528 0.684402 19
 -0.0774104 0.0974847 0.694597 101 -0.108463 0.086935 0.708374 38 -0.078936 0.053918 0.721771 26
 -0.0827162 0.0824065 0.708903 129 -0.0796398 0.055148 0.724223 56 -0.0378432 0.0652795 0.735918 10
 -0.0818295 0.0552928 0.727422 195 -0.0516451 0.0469723 0.733781 3 -0.0692898 0.00369127 0.724553 2
 -0.081539 0.0294348 0.735103 200
 -0.0324863 0.119339 0.72602 167 -0.00772353 0.0216986 0.66969 20 -0.0407533 0.106397 0.675301 8
 -0.0371582 0.10633 0.727206 182 -0.0434396 0.100001 0.679014 12 -0.109897 0.115743 0.704334 5
 -0.0465682 0.0923071 0.732564 153 -0.0538873 0.091902 0.69308 47
 -0.0527302 0.0785394 0.737117 166 -0.0609712 0.0768715 0.713678 22 -0.0618031 0.103973 0.689072 10
 -0.0611911 0.0523218 0.743181 200
 -0.0676113 0.0320031 0.747671 200
 -0.0102203 0.0168072 0.680573 186 -0.0339763 0.113043 0.730061 14
 -0.019222 0.00452395 0.69276 163 -0.0434611 0.0872801 0.686216 26 -0.0459638 0.00364721 0.719954 7
 -0.0283193 -0.00913116 0.713772 200
 -0.0366997 -0.0204744 0.726067 200
 -0.0493624 -0.0375086 0.732032 200
 -0.0774643 -0.055358 0.739234 200
 -0.114658 -0.0716108 0.752475 200
 -0.0866119 -0.0755241 0.76487 170
 -0.0934401 0.00596981 0.736143 200
 -0.106802 -0.00488295 0.719531 200

 -0.0893701 -0.0811936 0.750211 182 -0.103007 -0.0941686 0.759946 18
