 -0.15723 0.0355234 0.769064 200
 -0.153009 0.0242828 0.773576 200
 -0.148446 0.00940708 0.782363 200
 -0.144118 -0.000393296 0.788 197 -0.13797 -0.0321624 0.801173 3
 -0.138848 -0.00682647 0.793345 200
 -0.134321 -0.0256082 0.79886 200
 -0.104966 0.0733111 0.775908 200
 -0.110732 0.0553593 0.78309 200
 -0.109825 0.0385092 0.788076 200
 -0.109974 0.0253083 0.791428 200
 -0.107844 0.00939154 0.79979 200
 -0.108691 -0.009267 0.803994 191 -0.10719 -0.0414948 0.808182 8 -0.107255 -0.0363264 0.808136 1
 -0.0841814 0.0871043 0.77424 200
 -0.0853229 0.0702209 0.780326 200
 -0.081241 0.0469954 0.789213 198 -0.0344768 -0.0702994 0.80847 2
 -0.080936 0.0349235 0.793152 200
 -0.0799506 0.00831314 0.804029 200
 -0.0798475 -0.0192734 0.809569 200
 -0.0290838 0.0627942 0.763982 200
 -0.0326443 0.0467362 0.77037 200
 -0.0385984 0.0339225 0.779422 200
 -0.0447958 0.0212953 0.789709 200
 -0.0533621 -0.000595725 0.804594 200
 -0.0572347 -0.0256006 0.813534 200
 0.0183606 -0.0328352 0.789081 200
 0.000280288 -0.0473146 0.799009 200
 -0.0192503 -0.0649835 0.809171 200
 -0.0325228 -0.0772847 0.814065 200
 -0.0577599 -0.0931793 0.816188 200
 -0.089971 -0.101884 0.820885 200
 -0.130096 -0.109042 0.840109 200
 -0.10413 -0.118623 0.836579 5 -0.127466 -0.112432 0.83749 3 -0.112296 -0.133698 0.84768 1
 -0.0925945 -0.0468003 0.818324 196 -0.0822273 0.05934 0.796083 4
 -0.115915 -0.0559644 0.810042 200
 -0.0857736 -0.0740061 0.821599 67
 -0.121708 -0.124272 0.844998 62
