 -0.11794 -0.167549 0.739044 200
 -0.116207 -0.161215 0.73919 200
 -0.115752 -0.142053 0.732584 194 -0.0507391 -0.18021 0.755669 3 -0.0846686 -0.152682 0.735068 3
 -0.114707 -0.131781 0.734304 200
 -0.111811 -0.117802 0.731167 196 -0.067076 -0.127478 0.732984 3 -0.0405755 -0.147654 0.73645 1
 -0.115509 -0.0930965 0.729948 166 -0.1307 -0.032725 0.736746 19 -0.172831 0.00141508 0.772017 8
 -0.0716265 -0.188173 0.742892 199 -0.0671698 -0.124531 0.736372 1
 -0.0759686 -0.1734 0.739372 195 -0.0399632 -0.185913 0.753691 4 -0.103757 -0.142919 0.746418 1
 -0.080104 -0.149405 0.733462 198 -0.14165 0.00227326 0.753209 2
 -0.0823432 -0.139576 0.733058 158 -0.085915 -0.107757 0.721464 33 -0.102234 -0.0478212 0.730029 4
 -0.0794953 -0.118012 0.730049 191 -0.0819899 -0.0229203 0.742307 5 -0.0445114 -0.143394 0.736984 4
 -0.0826186 -0.0976743 0.727928 185 -0.140518 -0.000656483 0.754326 8 -0.0483243 -0.107442 0.739247 5
 -0.0359237 -0.18917 0.754102 200
 -0.042323 -0.172865 0.756381 200
 -0.0440334 -0.157248 0.74749 192 -0.122858 0.010737 0.754168 8
 -0.0468968 -0.14584 0.745925 129 -0.123059 0.0142309 0.757522 40 -0.117723 0.0114635 0.754612 27
 -0.0520226 -0.120014 0.741102 100 -0.0974761 -0.0047406 0.741192 64 -0.0727436 -0.0558115 0.743159 23
 -0.0647214 -0.0893462 0.743178 136 -0.113337 -0.00111236 0.748204 37 -0.0740192 -0.0611134 0.740051 27
 -0.016574 -0.164811 0.784599 174 -0.0308579 -0.193505 0.747876 23 0.00572735 -0.0276792 0.802308 3
 -0.0200112 -0.153094 0.783576 150 -0.0363397 -0.183678 0.756652 23 -0.125133 -0.160565 0.746872 15
 -0.0224919 -0.137281 0.777585 168 -0.0874004 0.00486763 0.754721 17 -0.047922 -0.0194487 0.758808 4
 -0.0248952 -0.123448 0.772626 104 -0.110035 0.0173345 0.741944 55 -0.0932098 0.0178625 0.763501 18
 -0.0965993 0.00401811 0.757782 55 -0.0391729 -0.0861692 0.755427 51 -0.0454019 -0.0585313 0.747084 39
 -0.0515909 -0.0646576 0.75411 199 -0.0470954 -0.0469131 0.795684 1
 0.0127155 -0.0449334 0.81028 200
 -0.00603306 -0.0389506 0.803541 200
 -0.0260185 -0.0278309 0.798577 200
 -0.0444893 -0.0241905 0.78736 198 -0.0619541 -0.180277 0.749633 2
 -0.0361586 -0.103138 0.762443 40 -0.0378085 -0.128017 0.751534 37 -0.129902 -0.0762191 0.742348 18
 -0.0417895 -0.109152 0.759901 69 -0.0558788 -0.0875539 0.747213 65 -0.045068 -0.128063 0.74161 33
 -0.136464 -0.00467843 0.745067 200
 -0.102942 0.00168018 0.759772 200
 -0.0826478 -0.049794 0.740631 200
 -0.109533 -0.058357 0.724209 179 -0.0993623 -0.0898622 0.731341 20 -0.10087 -0.086041 0.73174 1
 -0.0958622 -0.0331487 0.742277 200
 -0.121751 0.00590415 0.751123 200
