 -0.147006 -0.0736583 0.684888 65 -0.0117674 -0.0325307 0.748795 33 -0.0961494 -0.0603598 0.674602 31
 -0.147041 -0.0727961 0.68915 186 -0.170485 -0.097119 0.798302 7 -0.0861792 -0.0750652 0.699678 6
 -0.156426 -0.0559539 0.697383 109 -0.159192 -0.053173 0.701103 84 -0.136098 -0.100899 0.827211 5
 -0.159008 -0.0540055 0.701369 182 -0.147616 -0.0993889 0.828236 15 -0.102812 -0.0723386 0.687106 3
 -0.158356 -0.0503384 0.708406 170 -0.111939 -0.0743137 0.691509 18 -0.139882 -0.0733396 0.680487 6
 -0.163664 -0.0505085 0.712988 179 -0.179227 -0.081506 0.797857 12 -0.136767 -0.0754057 0.699252 9
 -0.131894 -0.0805003 0.67789 120 -0.0751662 -0.0474111 0.688908 34 -0.153717 -0.108539 0.831999 16
 -0.131905 -0.0662066 0.680086 183 -0.155929 -0.0992255 0.822381 10 -0.143466 -0.0546377 0.710457 4
 -0.134968 -0.0491982 0.688662 169 -0.0891612 -0.0409099 0.688202 31
 -0.127546 -0.0591648 0.684093 100 -0.141427 -0.0414339 0.704714 89 -0.132225 -0.0510563 0.691258 8
 -0.130154 -0.0453783 0.701105 195 -0.157003 -0.0423695 0.721178 5
 -0.141784 -0.0365895 0.714545 199 -0.0930092 -0.0374954 0.692861 1
 -0.090364 -0.0557057 0.680888 156 -0.109707 -0.0777469 0.689601 36 -0.0779286 -0.0749757 0.698648 4
 -0.103811 -0.0612488 0.680204 108 -0.0812078 -0.0418065 0.6871 72 -0.126759 -0.0721672 0.682829 13
 -0.108231 -0.0398448 0.694353 99 -0.0829972 -0.0583725 0.69256 48 -0.105062 -0.037182 0.702888 19
 -0.109426 -0.0310331 0.71293 50 -0.0900066 -0.0239716 0.704639 42 -0.072212 -0.0499522 0.691699 29
 -0.109204 -0.040427 0.703423 200
 -0.116425 -0.0277617 0.716674 200
 -0.0832495 -0.0698906 0.681559 141 -0.0104334 -0.0398647 0.74855 45 -0.0651444 -0.0439964 0.688393 8
 -0.0820475 -0.0554652 0.686426 159 -0.0274027 -0.0444256 0.75432 37 -0.0753364 -0.0464033 0.775982 4
 -0.0908281 -0.0295809 0.705364 117 -0.0386312 -0.0403241 0.759968 72 -0.0901375 -0.0525902 0.688838 7
 -0.0485802 -0.0396415 0.766019 93 -0.0814131 -0.0478275 0.693441 60 -0.106853 -0.0747986 0.684494 31
 -0.0922007 -0.0342911 0.712127 167 -0.123484 -0.0285915 0.712259 27 -0.0749267 -0.046515 0.775473 6
 -0.129377 -0.0356521 0.717057 132 -0.0933068 -0.0266101 0.726014 38 -0.154823 -0.0436303 0.72104 30
 -0.0171954 -0.0377878 0.751283 200
 -0.0430143 -0.0440432 0.764122 200
 -0.0540361 -0.0566826 0.780405 107 -0.0730499 -0.039888 0.770342 92 -0.0586733 -0.0539839 0.780075 1
 -0.0827511 -0.0598833 0.700938 112 -0.152649 -0.0513489 0.714793 58 -0.073296 -0.0462841 0.768044 27
 -0.0962893 -0.0690335 0.696624 123 -0.187196 -0.0934413 0.81201 4 -0.154543 -0.0932332 0.82269 1
 -0.151192 -0.0983423 0.828851 14 -0.0690066 -0.0508967 0.778281 6 -0.180176 -0.0958541 0.803757 3
 -0.181757 -0.0772207 0.803273 132 -0.140453 -0.0621175 0.695454 43 -0.16333 -0.0504797 0.719948 21
 -0.124553 -0.0393131 0.715235 14 -0.105574 -0.0641281 0.69139 2 -0.151647 -0.0927075 0.83002 1
 -0.122576 -0.0524898 0.689597 23 -0.118138 -0.0363746 0.712739 19 -0.064469 -0.0666597 0.759997 18
 -0.13408 -0.0486097 0.68587 170 -0.134077 -0.0323752 0.712257 23 -0.147842 -0.0506744 0.714454 1
 -0.123454 -0.0383861 0.714199 24
 -0.141581 -0.0508692 0.700077 22 -0.142296 -0.0721898 0.695587 20 -0.135161 -0.0315826 0.722412 8
