 -0.130847 -0.0273098 0.67859 166 -0.149342 -0.0487233 0.696298 20 -0.133595 -0.0455766 0.743677 5
 -0.134452 -0.0207288 0.681351 200
 -0.145081 -0.02136 0.689354 180 -0.119534 -0.0184722 0.67446 20
 -0.143975 -0.0233044 0.687111 105 -0.148276 -0.0237635 0.691737 52 -0.123578 -0.00920999 0.671456 19
 -0.146294 -0.0222069 0.694166 117 -0.127054 -0.0121914 0.676846 75 -0.136163 -0.0164026 0.686003 5
 -0.15071 -0.0450997 0.702002 173 -0.146067 -0.014212 0.689788 24 -0.146703 -0.0192502 0.690989 3
 -0.107329 -0.0200149 0.679292 152 -0.135761 -0.0405653 0.737899 30 -0.134833 -0.0447427 0.71218 9
 -0.119424 -0.0107839 0.683164 200
 -0.1284 -0.00375296 0.687412 200
 -0.140397 -0.000941154 0.697835 134 -0.114619 0.00302868 0.686351 60 -0.122461 0.00175584 0.688595 4
 -0.134025 -0.0024778 0.695484 195 -0.0879431 -0.0111665 0.691148 3 -0.160894 -0.152374 0.785596 2
 -0.150899 -0.0256955 0.707554 56 -0.123036 -0.0274552 0.68844 47 -0.105535 -0.0144842 0.729191 23
 -0.095582 -0.011261 0.680005 117 -0.119021 -0.0399866 0.738624 63 -0.065625 -0.00204386 0.704948 20
 -0.0961042 -0.002474 0.683598 157 -0.114303 -0.0235589 0.734427 42 -0.0769675 -0.0176765 0.681783 1
 -0.106032 0.00799923 0.695026 199 -0.134098 -0.0296463 0.741166 1
 -0.121756 0.0124868 0.700743 200
 -0.11583 0.00582201 0.694709 180 -0.126375 -0.0314462 0.752592 20
 -0.118529 0.0106377 0.692281 87 -0.114029 -0.0343419 0.756736 58 -0.132787 0.00435515 0.704359 44
 -0.0689897 0.00468267 0.692885 93 -0.0891163 -0.0137959 0.680626 50 -0.0817134 -0.027488 0.710264 30
 -0.0794821 -0.0146275 0.702043 121 -0.0856838 -0.00684986 0.685048 60 -0.0820121 -0.0111544 0.694525 19
 -0.0891033 -0.0221671 0.718203 85 -0.0780557 0.00663455 0.69221 42 -0.0977485 0.0108623 0.690506 36
 -0.107711 0.0187912 0.696506 128 -0.0691339 -0.00918074 0.710826 47 -0.0854058 -0.0338772 0.706346 16
 -0.0990029 0.00982417 0.694334 101 -0.0730741 -0.0101051 0.715618 36 -0.0899925 -0.0465765 0.752666 18
 -0.0947789 -0.0337347 0.731283 25 -0.13037 0.00845961 0.680882 10 -0.107488 -0.035067 0.759378 2
 -0.0671915 -0.0124569 0.706065 196 -0.0808356 -0.0149505 0.682911 2 -0.0957602 -0.0273518 0.702581 1
 -0.0749594 -0.00536816 0.707973 142 -0.0847979 -0.0235288 0.722074 53 -0.082265 -0.0200328 0.718888 5
 -0.0832816 -0.0273586 0.722192 99 -0.0792185 -0.00321241 0.704306 93 -0.0932107 -0.048424 0.753407 4
 -0.0873155 -0.0341001 0.730347 88 -0.0917925 -0.0453281 0.743117 28 -0.088023 -0.0379469 0.733106 27
 -0.106864 -0.0708626 0.766088 164 -0.089942 -0.0249558 0.724162 32 -0.0938356 -0.028542 0.740609 4
 -0.131271 -0.0896811 0.760542 195 -0.115556 -0.0315 0.742712 5
 -0.167131 -0.120037 0.774451 200
 -0.159935 -0.160421 0.808998 20 -0.148815 -0.122535 0.790154 3 -0.102041 -0.035734 0.74278 1
 -0.145019 -0.0392807 0.755383 178 -0.136397 -0.0348707 0.690436 21 -0.107491 -0.00378109 0.686546 1
 -0.151553 -0.065071 0.729136 160 -0.143739 -0.041784 0.707036 29 -0.131668 -0.0780964 0.763425 10
 -0.136919 -0.064962 0.721713 4 -0.125102 -0.0514822 0.760246 4
 -0.161687 -0.120918 0.765677 27 -0.11542 0.000349496 0.690503 16 -0.160129 -0.135788 0.789448 15
