 -0.145584 -0.0078447 0.679914 115 -0.139984 -0.0178214 0.652673 36 -0.0634293 0.0330314 0.693583 27
 -0.14244 -0.027849 0.656816 69 -0.146296 -0.020666 0.687304 42 -0.146252 -0.0151697 0.682474 29
 -0.145906 -0.0378779 0.668057 82 -0.152574 -0.017233 0.68675 56 -0.108448 -0.0263266 0.644935 26
 -0.146835 -0.0436653 0.675896 105 -0.152778 -0.0164429 0.688851 46 -0.145177 -0.0199824 0.656955 31
 -0.145666 -0.0512696 0.685232 62 -0.144773 -0.0265049 0.662867 58 -0.141685 0.00305167 0.676467 31
 -0.144607 -0.0610657 0.693446 138 -0.141495 -0.0217395 0.679858 55 -0.130104 -0.024494 0.660513 3
 -0.12601 0.014264 0.655476 120 -0.103372 0.0431729 0.668237 28 -0.143294 0.0195572 0.697671 27
 -0.128056 0.00608473 0.659672 123 -0.101166 0.0128077 0.716511 43 -0.12839 -0.0241621 0.721271 17
 -0.134173 0.00279554 0.667575 151 -0.112714 0.0323036 0.675079 28 -0.132143 -0.0100844 0.727484 9
 -0.14252 -0.00374781 0.673277 107 -0.138928 -0.0162276 0.708231 29 -0.123313 0.0245046 0.686531 26
 -0.134185 -0.00688086 0.722286 77 -0.143486 -0.0205578 0.696458 37 -0.131937 -0.0402529 0.711917 33
 -0.133794 -0.0374017 0.716429 94 -0.133703 -0.0417412 0.713721 66 -0.139981 0.00960636 0.670405 8
 -0.103319 0.0420123 0.667075 91 -0.0710825 0.0281229 0.697047 88 -0.119779 0.0155034 0.651976 14
 -0.0821532 0.0243573 0.706988 109 -0.109881 0.0271668 0.661467 45 -0.107914 0.029696 0.666157 37
 -0.100745 0.0163355 0.719285 127 -0.108994 0.0301736 0.671721 45 -0.126231 0.0152488 0.659138 17
 -0.108148 0.0075238 0.725514 64 -0.125156 0.00136652 0.662636 64 -0.121337 0.023871 0.648496 26
 -0.125884 -0.00803196 0.730023 179 -0.117721 0.0340508 0.719221 8 -0.120834 -0.00390709 0.653365 7
 -0.129297 -0.0322333 0.737924 197 -0.0891444 -0.063563 0.748629 3
 -0.0695615 0.0373489 0.692595 135 -0.0959798 0.026742 0.711275 34 -0.0948987 0.0454838 0.666055 20
 -0.0784006 0.0288285 0.699684 141 -0.100175 0.025523 0.715094 29 -0.0419795 -0.0504158 0.721057 19
 -0.0932875 0.0176966 0.716158 94 -0.0957677 0.0133398 0.719115 93 -0.0873881 -0.0546651 0.750705 6
 -0.104479 0.0151708 0.725814 192 -0.0732167 -0.0558 0.745357 6 -0.111275 0.0268653 0.674275 2
 -0.112082 0.00179306 0.738717 196 -0.112963 -0.0412343 0.74823 2 -0.143526 0.0107167 0.712892 1
 -0.118393 -0.0273168 0.754422 199 -0.102295 -0.000668635 0.748245 1
 -0.0395509 -0.0448932 0.720479 200
 -0.0567365 -0.0528886 0.7354 200
 -0.0711969 -0.0624015 0.751351 200
 -0.0829914 -0.0715171 0.761507 200
 -0.100597 -0.0902565 0.765468 194 -0.146874 -0.0195828 0.670093 6
 -0.123518 -0.103332 0.764115 192 -0.129442 -0.120711 0.746803 6 -0.137332 -0.135915 0.786291 1
 -0.158154 -0.122711 0.769864 200
 -0.138053 -0.125208 0.792378 15 -0.148878 -0.125821 0.771569 12 -0.153317 -0.164666 0.811044 7
 -0.140389 -0.0469971 0.722681 92 -0.117128 -0.0184107 0.652319 14 -0.130187 -0.0853399 0.754912 8
 -0.13872 -0.0611896 0.709444 105 -0.138347 -0.0583111 0.716973 25 -0.125726 -0.0825121 0.72426 24
 -0.0704869 0.0158063 0.697707 7 -0.14 -0.0882244 0.720081 6 -0.103974 -0.0743437 0.746834 5
 -0.159133 -0.117531 0.768008 49 -0.148406 -0.0053353 0.680303 8 -0.106968 0.0174768 0.670913 6
