 -0.209039 0.0456078 0.74875 166 -0.15324 -0.080224 0.773678 13 -0.101029 -0.00348063 0.673692 6
 -0.209576 0.0356645 0.751591 152 -0.184136 -0.0191847 0.751229 24 -0.173796 0.024607 0.684213 16
 -0.211648 0.0229962 0.755434 152 -0.183184 -0.0146663 0.753743 45 -0.134867 -0.0219406 0.711852 2
 -0.20727 0.011531 0.761135 181 -0.183375 -0.0232396 0.766246 11 -0.196139 -0.0158109 0.767009 4
 -0.200793 0.000804423 0.76382 192 -0.121035 -0.0709116 0.766063 3 -0.0920742 -0.0615934 0.757922 3
 -0.193072 -0.0186182 0.764325 200
 -0.166666 0.0298482 0.678375 55 -0.210073 0.0251735 0.752391 55 -0.141374 -0.0442337 0.702859 47
 -0.149456 -0.0333735 0.70285 114 -0.214791 0.0142039 0.76062 21 -0.164875 -0.043582 0.768607 15
 -0.16492 -0.00804325 0.7464 70 -0.137347 0.00104204 0.720102 37 -0.218532 0.0109856 0.760454 27
 -0.172151 -7.85876e-05 0.745864 88 -0.214232 -0.000919866 0.762096 51 -0.132344 -0.021648 0.7063 21
 -0.169171 -0.00423896 0.752998 162 -0.117363 -0.0443982 0.760329 20 -0.128483 -0.0195998 0.758777 13
 -0.168282 -0.0284981 0.76876 161 -0.119758 -0.0297406 0.774868 13 -0.141983 -0.00598623 0.717175 8
 -0.209264 0.0515855 0.748701 47 -0.139441 -0.0544786 0.700952 41 -0.162046 0.0262294 0.680613 36
 -0.138008 -0.0413703 0.704475 79 -0.209967 0.0407471 0.756936 38 -0.172531 0.0122405 0.732682 33
 -0.140323 -0.0130777 0.709227 190 -0.141392 -0.0149576 0.749587 3 -0.105732 -0.014601 0.778916 2
 -0.14364 -0.0220625 0.712537 167 -0.196541 -0.0178119 0.764867 9 -0.132154 -0.0226754 0.761916 7
 -0.099163 -0.0532263 0.769447 35 -0.14547 -0.00952949 0.750567 34 -0.172313 -0.0122019 0.757913 33
 -0.168306 -0.0139127 0.764262 86 -0.184738 -0.0244606 0.765784 53 -0.146282 -0.00665656 0.721141 21
 -0.214293 0.0486951 0.74551 76 -0.100398 -0.00498656 0.67391 48 -0.0447597 -0.0344862 0.745943 48
 -0.210313 0.040956 0.754145 108 -0.119056 -0.0317462 0.763236 47 -0.102418 -0.0101178 0.675722 17
 -0.121421 -0.0206056 0.761975 66 -0.0703772 -0.0472084 0.752723 40 -0.144629 0.00590669 0.710515 33
 -0.0839504 -0.0563207 0.760999 51 -0.143545 0.00426193 0.715523 41 -0.130097 -0.0163674 0.754751 31
 -0.125955 -0.0170915 0.759189 122 -0.0943509 -0.0557583 0.762586 34 -0.137048 -0.0143339 0.754422 12
 -0.136747 -0.0238455 0.764902 57 -0.134152 -0.0266562 0.76691 35 -0.146623 -0.00203192 0.722616 27
 -0.0490074 -0.0375828 0.747353 198 -0.218957 0.048307 0.752125 2
 -0.0660326 -0.0489672 0.751976 197 -0.203354 0.0269394 0.76255 3
 -0.0826752 -0.0602798 0.762251 200
 -0.0950477 -0.0685241 0.769998 196 -0.195425 -0.0100295 0.770079 3 -0.113322 -0.0379729 0.769235 1
 -0.121214 -0.085364 0.780445 200
 -0.152022 -0.095774 0.796793 200
 -0.190019 -0.106251 0.818024 200
 -0.150621 -0.106125 0.814452 86 -0.150297 -0.102034 0.801262 21 -0.149514 -0.0981575 0.791958 21
 -0.177865 -0.00088736 0.763673 34 -0.147703 -0.0461632 0.711048 27 -0.150569 -0.0507231 0.77159 20
 -0.180955 -0.0520998 0.777187 199 -0.154296 -0.0483535 0.706084 1
 -0.161588 -0.0849557 0.793552 34 -0.177934 -0.0258008 0.75948 6 -0.0988174 -0.0553026 0.756831 4
 -0.167947 -0.117987 0.814691 179 -0.198448 0.0192169 0.760761 18 -0.159256 -0.00501667 0.733377 2
