 -0.19348 -0.0355274 0.637488 196 -0.126409 -0.103303 0.631529 2 -0.117629 -0.0836626 0.617323 2
 -0.189749 -0.041131 0.646388 194 -0.0575451 -0.108324 0.626069 2 -0.114606 -0.0922122 0.623963 2
 -0.174668 -0.0503257 0.656599 97 -0.115739 -0.0978713 0.633917 31 -0.140102 -0.147013 0.751839 26
 -0.115551 -0.0798748 0.696182 49 -0.107006 -0.0932612 0.640462 35 -0.093333 -0.113485 0.61044 25
 -0.119266 -0.0851187 0.621915 65 -0.111246 -0.0744728 0.704448 41 -0.126048 -0.162663 0.752206 22
 -0.117614 -0.100833 0.627081 77 -0.0872305 -0.108833 0.639117 48 -0.0958718 -0.154635 0.731433 33
 -0.109845 -0.0837628 0.61949 75 -0.120758 -0.178204 0.757235 27 -0.0441162 -0.119046 0.614832 19
 -0.110866 -0.0928173 0.626563 109 -0.126636 -0.162313 0.752503 40 -0.10793 -0.0910963 0.695848 14
 -0.105843 -0.0961223 0.636543 45 -0.0962054 -0.0876638 0.53192 23 -0.105052 -0.101756 0.695107 19
 -0.094488 -0.109441 0.625067 60 -0.0987681 -0.100296 0.692829 29 -0.143484 -0.0828835 0.661287 17
 -0.104477 -0.0964049 0.701965 59 -0.124949 -0.092272 0.615634 55 -0.0972565 -0.162438 0.752682 19
 -0.110447 -0.0881572 0.698779 61 -0.0914146 -0.120425 0.630236 34 -0.0933428 -0.116683 0.630422 21
 -0.0425349 -0.111143 0.613811 113 -0.183436 -0.0349378 0.641552 41 -0.076804 -0.174197 0.75477 19
 -0.0634576 -0.112146 0.634188 32 -0.0601033 -0.111433 0.631102 23 -0.172795 -0.0549072 0.654866 21
 -0.0623889 -0.107092 0.635071 58 -0.106572 -0.100579 0.628063 32 -0.0988012 -0.103029 0.695986 25
 -0.108603 -0.0867025 0.628787 59 -0.161627 -0.065461 0.674017 32 -0.063316 -0.116224 0.640305 29
 -0.15277 -0.0681858 0.681412 45 -0.121481 -0.0705461 0.624996 27 -0.0983123 -0.0972453 0.70537 26
 -0.106298 -0.103337 0.633617 69 -0.0982598 -0.108524 0.7003 38 -0.0650099 -0.11647 0.642228 28
 -0.184918 -0.0345397 0.64099 95 -0.0697973 -0.171306 0.766614 34 -0.00932731 -0.111031 0.588137 28
 -0.177469 -0.0419622 0.648095 80 -0.135079 -0.0688618 0.67527 70 -0.0197876 -0.11152 0.595989 21
 -0.143203 -0.0583903 0.68661 145 -0.169817 -0.0517579 0.661939 39 -0.104606 -0.0917477 0.698616 7
 -0.160062 -0.0574303 0.675945 117 -0.107055 -0.0845757 0.707733 53 -0.0546288 -0.108039 0.634985 9
 -0.143526 -0.0636134 0.681795 98 -0.107145 -0.0808138 0.707856 29 -0.10188 -0.10008 0.7016 27
 -0.112106 -0.0889324 0.705662 78 -0.137379 -0.0661674 0.685142 54 -0.123322 -0.0938528 0.630781 49
 -0.023455 -0.107997 0.594175 138 -0.0721736 -0.180989 0.768082 17 -0.143771 -0.0597038 0.686113 15
 -0.0411559 -0.114181 0.61711 114 -0.102151 -0.177287 0.751032 27 -0.162814 -0.0553468 0.680871 17
 -0.163633 -0.0586696 0.670605 122 -0.0571333 -0.121835 0.626738 29 -0.0615663 -0.121136 0.63425 28
 -0.186295 -0.0464569 0.651015 58 -0.142755 -0.064877 0.696629 57 -0.0902978 -0.170738 0.760773 45
 -0.103698 -0.0980803 0.640604 14 -0.104183 -0.156053 0.750035 13 -0.124696 -0.0796074 0.698391 8
 -0.12778 -0.0659255 0.699812 18 -0.139825 -0.0799317 0.680221 12 -0.118036 -0.0795946 0.634618 7
 -0.0790529 -0.107701 0.620651 94 -0.123554 -0.0691576 0.701509 36 -0.102308 -0.144099 0.738944 20
 -0.171123 -0.0251932 0.649009 14 -0.0579699 -0.104162 0.541085 1
 -0.0969441 -0.111 0.697515 20 -0.13724 -0.078859 0.684031 4 -0.117581 -0.0971545 0.638786 3
 -0.0493261 -0.0964807 0.60917 56 -0.0716418 -0.113614 0.638721 29 -0.0643059 -0.115901 0.63793 16
 -0.143407 -0.0691122 0.67825 4 -0.0813084 -0.0995773 0.62937 1
 -0.0905426 -0.169445 0.760881 3 -0.105839 -0.159972 0.750993 2 -0.114159 -0.14348 0.737418 2
