 0.0025885 0.080236 0.67117 200
 -0.00689871 0.0761162 0.675555 181 -0.0777416 0.0513438 0.710098 19
 -0.019669 0.0727759 0.690922 191 -0.0754051 0.0485017 0.708359 5 0.0129269 0.0289815 0.681046 4
 -0.0283609 0.068638 0.699756 199 0.0190455 0.020141 0.702933 1
 -0.0367096 0.0653364 0.704691 200
 -0.0587762 0.0547056 0.708501 200
 0.0277319 0.0239868 0.664516 80 -0.0753912 0.0335788 0.705403 60 0.0171594 -0.0428623 0.682554 41
 -0.067009 0.0428661 0.706071 111 0.0193092 -0.00520042 0.68655 40 0.012458 0.0297645 0.689356 31
 0.00231174 0.0370775 0.704511 138 -0.070857 0.0458161 0.708187 45 -0.0849121 -0.0651013 0.717901 9
 -0.00614624 0.0384424 0.70859 191 -0.180035 0.0420069 0.799125 7 -0.0895475 -0.0555909 0.727548 2
 -0.021819 0.0329692 0.715696 194 -0.0215211 -0.0139728 0.72096 6
 -0.0388876 0.0339558 0.718451 200
 0.0345107 0.00394665 0.685922 56 0.0401536 -0.00746686 0.668962 50 0.0359022 0.00163339 0.679031 39
 0.0266665 0.00333625 0.693851 138 -0.0340248 0.031883 0.717465 29 0.00648241 -0.0302301 0.700859 19
 0.00971823 0.0101244 0.712757 132 -0.0333298 0.0531954 0.706605 31 -0.0614153 0.0490905 0.708082 23
 -0.000591347 0.0102906 0.71577 152 -0.0271437 0.0680956 0.693329 31 0.00250649 0.0346156 0.697467 9
 -1.34749e-05 0.00786224 0.720982 93 -0.032029 0.00696618 0.726317 42 -0.00686022 0.00848906 0.721757 26
 -0.0412412 0.01165 0.728438 156 -0.00981482 0.00798576 0.721223 22 -0.090131 0.00058138 0.733753 19
 0.0237451 -0.0466206 0.675673 138 0.0416969 -0.0123866 0.664746 28 0.00911977 0.0801696 0.666647 15
 -0.00182414 0.0754186 0.677567 79 0.013147 -0.0391041 0.687334 70 0.0308642 -0.00576028 0.676078 36
 -0.0844726 -0.0620476 0.725802 70 0.00542152 -0.0353102 0.704965 54 0.0316811 -0.00528151 0.683194 44
 -0.00702229 -0.0300424 0.71795 122 -0.0898386 -0.0487444 0.73293 71 -0.0338855 -0.0266381 0.737536 3
 -0.0205804 -0.0227587 0.729288 195 8.16467e-05 0.0581857 0.701335 3 -0.0097386 0.0227208 0.719104 1
 -0.0508031 -0.0143634 0.742209 154 -0.0204971 0.0046169 0.726809 46
 -0.0697361 -0.0865902 0.69752 93 0.020706 -0.0495845 0.678684 83 0.0369101 -0.00731525 0.667385 13
 -0.0746551 -0.0744058 0.706446 139 0.00551613 -0.036856 0.703445 54 0.0163702 0.0229562 0.694711 6
 -0.0839504 -0.0618802 0.729412 194 0.0199329 0.0145299 0.711748 5 -0.0104751 -0.033528 0.722301 1
 -0.0808123 -0.0453313 0.742675 200
 -0.10933 -0.0245966 0.746941 123 -0.00448433 -0.0225122 0.724299 52 -0.0182952 -0.0154894 0.728334 23
 -0.123656 0.00422646 0.755511 200
 -0.139557 0.0385903 0.774028 199 -0.0819329 -0.0454583 0.724519 1
 -0.133636 -0.00115985 0.7817 92 -0.170349 0.0129879 0.782859 38 -0.109879 -0.0109217 0.743832 9
 -0.0747409 0.0150571 0.740442 165 -0.0251368 0.01577 0.727189 34 -0.0163561 0.0361886 0.713346 1
 -0.0849134 0.0395755 0.725163 94 -0.0328889 -0.00351155 0.732271 41 -0.145298 0.00306114 0.774605 21
 -0.077955 -0.00122765 0.746925 35 -0.00371532 0.0254028 0.700747 1
 -0.149402 0.0278938 0.772062 43 -0.154017 0.0480887 0.794489 40 -0.181329 0.0351783 0.786504 8
