 -0.170567 0.0370361 0.784177 187 -0.117976 0.0862275 0.794446 9 -0.122583 0.00143614 0.791466 4
 -0.167661 0.0248539 0.787175 188 -0.114667 0.0768737 0.799796 12
 -0.163127 0.00977028 0.793514 191 -0.11101 0.0662345 0.811713 9
 -0.157269 0.00040536 0.798273 198 -0.109581 0.0612079 0.812902 2
 -0.151967 -0.00814924 0.801191 199 -0.115907 0.0356956 0.830213 1
 -0.145815 -0.0257644 0.803336 200
 -0.0932507 -0.000492621 0.761623 75 -0.10953 0.0777886 0.80074 54 -0.172109 0.0294077 0.784167 48
 -0.10964 -0.0115648 0.822583 52 -0.0951204 -0.000797821 0.764064 45 -0.118091 0.0582743 0.811226 44
 -0.116932 0.0257722 0.781721 181 -0.106324 -0.000515026 0.824885 6 -0.130607 0.00472898 0.790015 4
 -0.12248 0.0179751 0.786636 190 -0.0910989 0.01009 0.768781 6 -0.128163 0.026313 0.827428 4
 -0.12218 0.00241367 0.804547 132 -0.115966 0.00253331 0.787035 31 -0.11978 0.00189337 0.797695 31
 -0.120933 -0.0136754 0.81625 200
 -0.106116 0.0857352 0.797427 200
 -0.109622 0.0707306 0.809035 200
 -0.112005 0.052408 0.821054 199 -0.099987 -0.0135787 0.828344 1
 -0.111777 0.0406933 0.826216 199 -0.109867 0.020829 0.788949 1
 -0.108051 0.0178816 0.835613 153 -0.106103 0.00905 0.784992 33 -0.133509 0.00907888 0.791762 10
 -0.103619 -0.0121658 0.829841 195 -0.0943945 0.00102789 0.766217 5
 -0.0589043 0.0736244 0.795259 200
 -0.0626251 0.0603717 0.803122 200
 -0.0681929 0.0453641 0.814971 200
 -0.0743351 0.0322108 0.824508 200
 -0.0772249 0.00938751 0.831528 194 -0.0743027 0.00896523 0.764279 6
 -0.0823226 -0.00844397 0.838222 120 -0.089374 -0.0359909 0.828923 40 -0.104796 -0.000153052 0.785456 14
 -0.0585994 0.0674993 0.801941 123 -0.176966 0.0373021 0.78954 34 -0.109788 0.0836298 0.803947 26
 -0.0758563 -0.0191625 0.766322 154 -0.0640108 0.0477626 0.813862 24 -0.113754 0.0626932 0.815636 22
 -0.0650339 -0.0418398 0.789565 185 -0.0857834 -0.0032616 0.828267 12 -0.0689014 0.0207074 0.822911 3
 -0.0631109 -0.0579749 0.803416 188 -0.0807719 -0.0173576 0.839669 12
 -0.0720456 -0.0797269 0.814856 195 -0.0946587 -0.113063 0.845424 5
 -0.0913213 -0.101247 0.826379 200
 -0.12872 -0.117478 0.838566 200
 -0.109968 -0.134703 0.845742 9
 -0.110903 -0.0398916 0.831398 179 -0.134969 0.00743055 0.802029 18 -0.109758 0.0271086 0.827492 2
 -0.126662 -0.0492505 0.812073 196 -0.124898 -0.00947394 0.812029 4

 -0.102204 -0.128825 0.837858 53 -0.108999 -0.12973 0.835796 42 -0.122044 -0.146944 0.850878 5
