 -0.152289 0.0684918 0.668258 194 -0.113282 0.11048 0.673276 6
 -0.149059 0.056737 0.671466 194 -0.115734 0.0995011 0.676729 6
 -0.144205 0.0422474 0.679729 200
 -0.140707 0.033014 0.685094 200
 -0.135327 0.0249623 0.690681 200
 -0.12719 0.00716342 0.694057 200
 -0.110276 0.106838 0.672984 200
 -0.113404 0.0929961 0.679786 196 -0.069951 0.120925 0.682717 4
 -0.115292 0.0739673 0.689933 198 -0.083337 0.0833532 0.702588 2
 -0.115812 0.0592383 0.694537 198 -0.0929517 0.0753847 0.705321 2
 -0.11151 0.0441288 0.706191 200
 -0.108765 0.0278331 0.710619 196 -0.101802 -0.0195281 0.715375 4
 -0.0676979 0.119837 0.680241 137 -0.113769 0.110237 0.673821 51 -0.0702285 0.081333 0.683633 6
 -0.0750361 0.104174 0.686952 173 -0.0576789 0.0928378 0.721528 26 -0.110425 0.0461379 0.702464 1
 -0.0853869 0.0860844 0.701982 185 -0.0679727 0.0880102 0.724095 10 -0.117645 0.0914011 0.680175 2
 -0.0909497 0.0743014 0.706331 194 -0.116617 0.084927 0.683835 6
 -0.0925741 0.0503591 0.721425 199 -0.0620998 0.0755707 0.731228 1
 -0.0929911 0.0283062 0.727256 200
 -0.0441567 0.115834 0.711966 189 -0.0602434 0.122161 0.678192 11
 -0.0495247 0.102596 0.714512 200
 -0.0553571 0.0871529 0.722901 197 -0.0748826 0.0879436 0.69427 3
 -0.0633838 0.0718373 0.731127 169 -0.0767336 0.0861156 0.702784 29 -0.0745839 0.0853637 0.710223 2
 -0.0719751 0.0509978 0.739117 200
 -0.0779741 0.0244372 0.74298 200
 -0.0141678 0.0100478 0.684162 200
 -0.0257959 -0.00205685 0.697985 200
 -0.0345725 -0.0146328 0.719893 200
 -0.0429619 -0.0252248 0.7298 195 -0.0730213 0.0752396 0.726869 5
 -0.0532779 -0.0403237 0.736124 195 -0.0661981 0.0722558 0.736684 5
 -0.0814266 -0.062246 0.737073 200
 -0.119381 -0.0781198 0.748276 200
 -0.0801096 -0.0807845 0.753913 23
 -0.100236 -0.00125478 0.727529 192 -0.0997955 0.0383573 0.72432 8
 -0.110037 -0.0150453 0.708458 200
 -0.095727 0.0105449 0.726734 6 -0.110295 -0.0579179 0.722821 1 -0.126469 0.00657303 0.67938 1
 -0.107402 -0.0901159 0.751136 55 -0.101834 -0.0889077 0.751513 11 -0.114102 -0.0959302 0.753116 8
