 -0.134687 0.0022916 0.723551 155 -0.130262 -0.00142749 0.722631 41 -0.0624935 0.0341486 0.714752 4
 -0.133054 -0.00316695 0.726443 157 -0.139117 -0.0092805 0.748825 42 -0.111658 0.017289 0.751894 1
 -0.124854 -0.000956694 0.725911 147 -0.136516 -0.0154657 0.755361 44 -0.112219 -0.0253166 0.769413 8
 -0.130223 0.000326473 0.732201 97 -0.136297 -0.0109687 0.756366 88 -0.135181 -0.00447569 0.747636 11
 -0.134648 -0.0138188 0.757386 137 -0.127439 -0.00513636 0.731256 61 -0.131604 -0.00311108 0.740859 1
 -0.13558 -0.0229923 0.761578 189 -0.125499 0.00700266 0.723925 8 -0.122519 -0.0148678 0.732699 3
 -0.100566 0.0319355 0.722334 130 -0.127562 0.00381214 0.721868 36 -0.0897916 -0.0035647 0.716509 9
 -0.098386 0.00974886 0.721687 149 -0.127177 -0.00615724 0.729912 37 -0.10955 -0.00935602 0.762074 12
 -0.0984743 0.0183272 0.720645 153 -0.111271 0.0071181 0.758685 39 -0.0887871 0.013309 0.755869 4
 -0.103817 0.0172749 0.725584 97 -0.112955 0.0128786 0.760182 81 -0.0524457 -0.0198561 0.700725 8
 -0.107159 -0.000299257 0.762742 158 -0.0823198 -0.0292142 0.773308 37 -0.102177 0.00838877 0.728914 3
 -0.10767 -0.0107734 0.769959 182 -0.094055 -0.0403471 0.776318 18
 -0.0663397 0.0316177 0.712086 160 -0.0985422 0.0279504 0.722718 15 -0.0772633 0.0017161 0.760193 13
 -0.0697531 0.0194587 0.713617 158 -0.0881617 -0.00493139 0.762173 39 -0.0846471 0.0170934 0.753751 2
 -0.0689808 0.0248667 0.719364 111 -0.084372 0.0110284 0.755674 65 -0.0868186 0.0172476 0.722563 24
 -0.0789927 0.0265384 0.722314 112 -0.0835528 0.00383185 0.761088 73 -0.0961086 0.0220813 0.75673 6
 -0.0811026 -0.0179659 0.767509 72 -0.0821535 0.000446905 0.764682 69 -0.0811937 -0.0073963 0.766236 46
 -0.0842989 -0.0141358 0.774825 194 -0.0834794 0.0199727 0.718263 2 -0.091075 0.0237971 0.723851 2
 -0.0420803 0.0119492 0.712304 196 -0.082011 -0.00480834 0.75934 3 -0.0509807 -0.013021 0.77136 1
 -0.0510545 0.0095685 0.716541 196 -0.0781306 0.00740761 0.758483 4
 -0.0455777 0.0031265 0.716855 141 -0.0597368 -0.00561457 0.762025 56 -0.0535468 -0.0587168 0.726719 1
 -0.0688133 0.0348043 0.716978 84 -0.0655215 -0.0157407 0.769422 73 -0.0431841 0.0154135 0.732309 18
 -0.0616451 -0.0132287 0.770637 149 -0.0602968 0.0105101 0.712539 27 -0.0566028 -0.00299279 0.709551 10
 -0.064488 -0.0232319 0.778337 181 -0.105386 -0.0191775 0.766329 8 -0.0491156 0.00647427 0.724995 6
 -0.0781069 -0.0294288 0.697768 103 -0.0465269 0.00336559 0.706196 84 -0.0633398 -0.00284941 0.762031 4
 -0.0634778 -0.0385901 0.717752 189 -0.0495866 0.00480298 0.715983 8 -0.0622124 -0.0379075 0.774607 2
 -0.0576126 -0.0533414 0.740617 200
 -0.0556319 -0.0645953 0.75486 197 -0.0544877 -0.0264731 0.772188 3
 -0.0682711 -0.0797056 0.769949 197 -0.0638371 -0.0544984 0.736604 2 -0.0679254 -0.0947553 0.82116 1
 -0.0904679 -0.09111 0.792172 200
 -0.128786 -0.101863 0.814254 200
 -0.0976636 -0.100015 0.81009 36 -0.0998765 -0.0491744 0.7722 22 -0.106461 -0.00641416 0.731379 2
 -0.0974578 -0.0441802 0.78351 101 -0.0963072 -0.0330182 0.780369 60 -0.0792598 -0.0749697 0.775066 14
 -0.11884 -0.0424369 0.774171 196 -0.10406 -0.0174798 0.730677 4
 -0.112356 -0.0684491 0.780053 18 -0.0963725 -0.0395769 0.767988 14 -0.0849247 -0.000640866 0.722811 2
 -0.11099 -0.120729 0.817911 103 -0.105156 0.000772142 0.768793 4 -0.105658 0.00232205 0.728201 4
