 -0.13144 -0.159071 0.636424 200
 -0.131581 -0.152689 0.645729 200
 -0.130999 -0.140972 0.656629 200
 -0.128745 -0.133377 0.664319 199 -0.12306 -0.0906613 0.708602 1
 -0.125168 -0.123346 0.673348 199 -0.127567 -0.0835619 0.715154 1
 -0.126711 -0.106055 0.689745 186 -0.135846 -0.09761 0.713778 14
 -0.0798795 -0.157322 0.603379 194 -0.0413646 -0.15666 0.597507 6
 -0.0855632 -0.146137 0.618396 200
 -0.0896301 -0.131917 0.637001 200
 -0.093013 -0.127697 0.648575 200
 -0.0920459 -0.118133 0.662802 196 -0.134302 -0.0574036 0.744337 3 -0.10266 -0.12186 0.689911 1
 -0.0975774 -0.106407 0.683783 200
 -0.0400674 -0.160419 0.599532 172 -0.00348696 -0.138214 0.637938 28
 -0.0480856 -0.146519 0.617467 200
 -0.0554584 -0.131034 0.634605 188 -0.0608701 -0.12267 0.687066 12
 -0.0619726 -0.122062 0.650198 180 -0.0634883 -0.108394 0.695652 15 -0.0244361 -0.126577 0.664806 3
 -0.0674321 -0.111736 0.67757 197 -0.0320204 -0.122782 0.678379 3
 -0.0714469 -0.103729 0.698758 196 -0.10829 -0.0480889 0.766727 4
 -0.00694802 -0.147244 0.637045 193 0.0200547 -0.0910998 0.751479 7
 -0.0129385 -0.137213 0.643459 197 0.0168296 -0.0935862 0.758485 3
 -0.0223242 -0.127593 0.660841 200
 -0.0332162 -0.11426 0.675398 196 -0.0410714 -0.0865183 0.706957 3 -0.0560968 -0.0713627 0.737313 1
 -0.0424473 -0.105963 0.692383 192 -0.0337272 -0.106755 0.755553 6 -0.0654022 -0.0723109 0.714231 2
 -0.0577509 -0.0943183 0.71575 175 -0.0874215 -0.0706428 0.715777 8 -0.0761768 -0.0783604 0.738756 6
 0.022121 -0.099978 0.755223 200
 0.000843877 -0.0965673 0.759886 200
 -0.0222241 -0.0858459 0.764254 200
 -0.0407939 -0.0816574 0.767734 200
 -0.0419006 -0.124142 0.650744 11 -0.135078 -0.106594 0.716468 6 -0.0259463 -0.117757 0.75534 4
 -0.131693 -0.0728877 0.732661 57 -0.153663 -0.0670498 0.761357 11 -0.157519 -0.0687814 0.766638 9
 -0.145959 -0.049588 0.763385 170 -0.169045 -0.0345102 0.811703 30
 -0.112757 -0.0450842 0.766831 77 -0.13895 -0.0308352 0.801983 12 -0.122471 -0.145162 0.665057 4
 -0.0879991 -0.0912247 0.710077 193 -0.0630592 -0.118486 0.692312 6 -0.107836 -0.0645429 0.740436 1
 -0.124179 -0.0716776 0.733019 44 -0.0917625 -0.122256 0.640781 36 -0.126774 -0.0800922 0.704135 36
 -0.112982 -0.0634911 0.744055 188 -0.0982885 -0.0845094 0.717572 12
 -0.13325 -0.0391301 0.771697 150 -0.160309 -0.0274308 0.818959 50
