 -0.110701 -0.169086 0.763641 196 -0.174303 -0.0404764 0.768484 1 -0.12426 -0.129397 0.752459 1
 -0.112175 -0.158037 0.765673 102 -0.112291 -0.155252 0.762045 95 -0.165047 -0.0111753 0.753779 3
 -0.110087 -0.134806 0.753536 195 -0.173106 -0.00147714 0.762016 3 -0.0846256 -0.0916114 0.728319 1
 -0.10878 -0.125272 0.75011 185 -0.0829461 -0.136327 0.740372 6 -0.162188 -0.0364754 0.752338 4
 -0.105134 -0.112186 0.742368 169 -0.129273 -0.131519 0.747899 11 -0.152584 -0.0419931 0.754357 8
 -0.109421 -0.1126 0.746825 78 -0.109568 -0.0934108 0.736774 64 -0.133216 -0.0602584 0.739248 21
 -0.0639936 -0.1787 0.764881 177 -0.0262307 -0.175583 0.780431 21 -0.0339312 -0.01056 0.780143 2
 -0.070093 -0.161032 0.755675 193 -0.0379361 -0.16362 0.772357 3 -0.0455956 -0.135726 0.764777 2
 -0.0739753 -0.140515 0.750098 154 -0.15036 -0.00400786 0.753155 29 -0.128112 -0.0477934 0.727972 6
 -0.0764434 -0.125818 0.742306 161 -0.157741 0.00469567 0.76191 29 -0.131224 -0.0386451 0.735946 6
 -0.0723533 -0.116764 0.741854 158 -0.104554 -0.054847 0.730841 10 -0.052098 -0.0311768 0.765379 10
 -0.0786871 -0.0979791 0.735516 86 -0.14523 -0.00112759 0.753174 74 -0.101661 -0.102574 0.744399 10
 -0.0300844 -0.180142 0.7779 183 0.013245 -0.020788 0.79843 10 -0.0582611 -0.189227 0.768206 6
 -0.0362913 -0.16429 0.774487 197 -0.0078589 -0.0231987 0.798202 2 -0.0614466 -0.111287 0.746369 1
 -0.041362 -0.145001 0.765789 108 -0.128478 0.00429808 0.747037 85 -0.0331588 -0.0019776 0.796242 4
 -0.133113 0.0133786 0.75628 116 -0.0449409 -0.13498 0.760183 43 -0.0551704 -0.103311 0.746954 24
 -0.0485163 -0.110705 0.750004 140 -0.0925422 -0.00796087 0.74298 37 -0.0670497 -0.0479275 0.74733 14
 -0.0583704 -0.079588 0.747748 83 -0.0625821 -0.0732054 0.745615 44 -0.0958687 -0.00687249 0.759755 24
 0.0150705 -0.0104331 0.797292 87 -0.00236868 -0.152446 0.795356 66 -0.0248521 -0.181353 0.779212 36
 0.00542066 -0.0162849 0.798625 88 -0.0136812 -0.143208 0.792029 47 -0.0280486 -0.167446 0.778824 37
 -0.0231994 -0.127343 0.780976 94 -0.00900106 -0.0179857 0.794303 74 -0.0343087 -0.0277096 0.754523 22
 -0.0254898 -0.104819 0.769886 96 -0.0456016 -0.0321388 0.764919 52 -0.0198988 -0.0192671 0.796809 30
 -0.0408212 -0.0630842 0.753384 171 -0.0315725 -0.0950343 0.768249 20 -0.103092 0.00288254 0.774955 3
 -0.0526673 -0.0520318 0.758636 170 -0.0381267 -0.0771569 0.769472 14 -0.0512988 -0.0363492 0.774611 9
 0.0135346 -0.0184026 0.801468 200
 -0.00708284 -0.0176209 0.796939 193 -0.0441957 -0.0156481 0.782379 7
 -0.0297468 -0.0120416 0.793464 195 -0.0147016 -0.12849 0.78674 5
 -0.0501817 -0.0131494 0.786051 189 -0.046186 -0.0957213 0.748311 6 -0.0245243 -0.137084 0.785894 4
 -0.120721 -0.0743154 0.744555 72 -0.0319897 -0.1161 0.77732 45 -0.0341739 -0.0773002 0.768652 25
 -0.0453332 -0.103408 0.757729 153 -0.0595156 -0.0668805 0.741507 23 -0.110081 -0.0562266 0.731587 14
 -0.14122 -0.0073503 0.745027 200
 -0.115 0.00575646 0.760667 125 -0.0976452 -0.0153137 0.754476 72 -0.101227 -0.0107357 0.755613 3
 -0.0822768 -0.0482459 0.744702 200
 -0.108835 -0.0545629 0.723945 194 -0.0989868 -0.0913319 0.744443 5 -0.0940972 -0.125841 0.736588 1
 -0.0983533 -0.0306987 0.745321 200
 -0.128919 0.00314694 0.749833 200
