 -0.11845 -0.172758 0.72422 200
 -0.119036 -0.163157 0.728077 200
 -0.116776 -0.145153 0.726672 198 -0.0849202 -0.148053 0.719303 2
 -0.116105 -0.133649 0.727929 198 -0.0835053 -0.13836 0.724302 2
 -0.113659 -0.121452 0.726765 198 -0.0806415 -0.127187 0.727901 2
 -0.116046 -0.0972205 0.7273 92 -0.130079 -0.0433013 0.734521 89 -0.122552 -0.074186 0.730717 10
 -0.071951 -0.191458 0.732004 153 -0.112398 -0.146363 0.72732 25 0.0145921 -0.044938 0.801534 6
 -0.0778772 -0.173566 0.730015 140 -0.0882935 -0.0738573 0.725343 23 -0.104566 -0.152854 0.739498 22
 -0.0807524 -0.152721 0.72702 185 -0.13992 0.00804286 0.762808 8 -0.0915744 -0.113825 0.723275 4
 -0.0843976 -0.142746 0.726216 138 -0.128613 -0.0337994 0.730302 48 -0.14197 0.0154316 0.772726 8
 -0.0823058 -0.12525 0.727822 141 -0.106377 -0.090336 0.729269 33 -0.0832544 -0.0250348 0.742501 13
 -0.0846722 -0.103654 0.727431 124 -0.0671587 -0.104059 0.744685 72 -0.153962 0.00883626 0.774546 4
 -0.0378203 -0.189617 0.754461 78 -0.0685156 -0.191764 0.731362 65 0.00965674 -0.0413499 0.800111 55
 -0.0723059 -0.180005 0.731356 139 -0.0466901 -0.177831 0.745854 60 -0.0543042 -0.1773 0.739689 1
 -0.121933 -0.00168945 0.744907 92 -0.0502166 -0.158287 0.746567 81 -0.0757981 -0.155128 0.731853 24
 -0.125708 0.00815198 0.753281 108 -0.102882 -0.0360135 0.723938 46 -0.054068 -0.146051 0.746483 38
 -0.0756694 -0.0920337 0.735359 130 -0.0560131 -0.125102 0.73526 46 -0.110427 -0.00524464 0.74196 24
 -0.0725001 -0.103014 0.738735 143 -0.113954 -0.00316386 0.751502 38 -0.0712514 -0.0613025 0.746268 13
 -0.0391585 -0.194889 0.754299 176 -0.0491554 -0.164735 0.743316 13 0.0173593 -0.040129 0.80296 11
 -0.0424048 -0.185742 0.760522 196 0.0134362 -0.0507064 0.808127 4
 -0.0482882 -0.166072 0.752243 140 -0.123771 -0.153854 0.729644 30 -0.0456813 -0.0252671 0.757396 14
 -0.0509374 -0.0385932 0.764737 67 -0.0500817 -0.146648 0.747838 37 -0.0467282 -0.106896 0.743004 25
 -0.055093 -0.0827549 0.742755 98 -0.049821 -0.0945631 0.761992 47 -0.102598 0.00588482 0.755581 26
 -0.0558938 -0.0650358 0.751587 196 -0.0690173 -0.137079 0.741819 4
 0.0171267 -0.0494431 0.807986 198 -0.0433564 -0.196701 0.753658 2
 -0.00131062 -0.0439405 0.799254 200
 -0.0240605 -0.0308004 0.79429 200
 -0.04702 -0.0269223 0.785001 196 -0.0679778 -0.118073 0.737805 4
 -0.0534556 -0.114024 0.774489 196 -0.0664067 -0.0524359 0.752552 4
 -0.0585194 -0.0657389 0.74788 112 -0.0546456 -0.104055 0.75679 59 -0.0519559 -0.145137 0.74475 18
 -0.139848 -0.00548596 0.747302 200
 -0.106953 0.000599194 0.759414 200
 -0.0868998 -0.0526251 0.738876 200
 -0.111791 -0.0636163 0.724734 198 -0.10423 -0.0935479 0.732832 2
 -0.098506 -0.034532 0.742815 200
 -0.124293 0.00380556 0.752165 200
