 -0.136689 -0.13039 0.672463 158 -0.0107428 -0.0536568 0.745888 18 -0.203001 -0.0819945 0.797423 11
 -0.139429 -0.116525 0.671193 163 -0.176732 -0.143585 0.800173 13 -0.0233349 -0.052109 0.750155 10
 -0.146556 -0.104453 0.675617 105 -0.205168 -0.103129 0.795361 32 -0.0396218 -0.0565229 0.759824 21
 -0.15019 -0.101535 0.683034 66 -0.122879 -0.131322 0.683005 48 -0.060879 -0.0592734 0.767802 38
 -0.131246 -0.120899 0.682644 53 -0.157229 -0.0872898 0.694844 50 -0.189786 -0.107583 0.786086 44
 -0.1676 -0.0734282 0.70579 92 -0.149623 -0.10233 0.680768 62 -0.19917 -0.093215 0.793168 44
 -0.101251 -0.146897 0.675201 179 -0.128939 -0.100713 0.666182 7 -0.0797658 -0.113521 0.668235 5
 -0.107967 -0.134753 0.674918 168 -0.111085 -0.0750811 0.681498 21 -0.133127 -0.0536209 0.701265 8
 -0.109685 -0.118805 0.668561 98 -0.134694 -0.107448 0.683802 37 -0.133609 -0.0704411 0.696715 31
 -0.132885 -0.097255 0.681624 145 -0.0776625 -0.129671 0.67609 33 -0.092789 -0.0606186 0.70207 10
 -0.12982 -0.0795385 0.686867 195 -0.0913159 -0.126985 0.670427 4 -0.071722 -0.0961388 0.680526 1
 -0.139958 -0.0666064 0.703442 140 -0.114415 -0.103747 0.676884 57 -0.0805862 -0.107874 0.678159 2
 -0.0781891 -0.151287 0.672708 169 -0.0499056 -0.120984 0.673959 19 -0.0428987 -0.0632176 0.755487 12
 -0.0829325 -0.138936 0.675382 200
 -0.0887629 -0.123175 0.674722 185 -0.116595 -0.0657743 0.697866 11 -0.0887677 -0.0801155 0.687339 3
 -0.0929376 -0.109358 0.67346 185 -0.0573795 -0.0845215 0.682712 12 -0.102002 -0.0768668 0.683632 3
 -0.10485 -0.0769602 0.686528 140 -0.105779 -0.0807574 0.680735 50 -0.112722 -0.118448 0.679538 4
 -0.11296 -0.0587955 0.709192 92 -0.0656048 -0.120343 0.680452 60 -0.0906239 -0.0936712 0.682027 48
 -0.00837363 -0.055039 0.747133 95 -0.0647094 -0.146663 0.672619 87 -0.0807848 -0.0515019 0.76752 6
 -0.0704454 -0.13514 0.672068 123 -0.0186045 -0.0578978 0.750964 75 -0.0617538 -0.0584003 0.764685 1
 -0.0667367 -0.112862 0.6758 167 -0.0331926 -0.0621081 0.753955 18 -0.0915909 -0.0481958 0.711391 6
 -0.0684287 -0.0906689 0.682281 175 -0.0972233 -0.0384215 0.719764 9 -0.0423621 -0.062966 0.76079 9
 -0.080402 -0.0711894 0.696948 97 -0.081443 -0.0780481 0.690752 95 -0.0804588 -0.0744713 0.694041 6
 -0.0783385 -0.0856694 0.688015 121 -0.0973326 -0.0583657 0.71351 56 -0.131325 -0.081252 0.689538 12
 -0.0139665 -0.0591343 0.752989 200
 -0.0359165 -0.0594726 0.757581 200
 -0.0646999 -0.0563837 0.767148 199 -0.0614817 -0.0563766 0.702169 1
 -0.0811241 -0.056004 0.771543 118 -0.0856397 -0.0569759 0.712543 42 -0.100687 -0.142619 0.683123 33
 -0.116055 -0.138666 0.687845 86 -0.0662202 -0.100008 0.682888 43 -0.0998841 -0.144174 0.682239 40
 -0.077138 -0.10606 0.67923 50 -0.116435 -0.112484 0.663667 20 -0.112984 -0.11392 0.65919 19
 -0.143089 -0.0744382 0.697991 91 -0.185157 -0.105473 0.795206 72 -0.163072 -0.0714945 0.713604 25
 -0.122827 -0.0523215 0.720064 35 -0.147124 -0.081417 0.69138 6 -0.1022 -0.0733686 0.70564 5
 -0.104492 -0.09328 0.682726 200
 -0.123141 -0.111417 0.675478 66 -0.145068 -0.073583 0.704949 38 -0.113839 -0.0587775 0.696662 29
 -0.11862 -0.0779261 0.697259 92 -0.136639 -0.0631221 0.724464 83 -0.0141128 -0.0752131 0.752376 21
 -0.130289 -0.0702943 0.699515 157 -0.185348 -0.0852927 0.793617 18 -0.159216 -0.0731313 0.705651 12
