 -0.210685 0.0492158 0.744457 178 -0.143431 -0.0829629 0.758132 21 -0.0921672 0.0130603 0.689042 1
 -0.210156 0.0378973 0.748176 182 -0.146953 -0.061987 0.716681 17 -0.103375 0.00718033 0.691367 1
 -0.206472 0.0214218 0.756405 199 -0.148842 -0.077678 0.774994 1
 -0.201651 0.00782771 0.76077 195 -0.188154 -0.0416072 0.762001 5
 -0.196343 -0.00404996 0.76377 189 -0.0909362 -0.0616456 0.760583 6 -0.184862 -0.0512912 0.766565 5
 -0.193224 -0.0310973 0.765604 200
 -0.144935 -0.0615768 0.720813 82 -0.202666 0.0438983 0.748076 43 -0.133976 -0.0425816 0.716083 41
 -0.144701 -0.034293 0.719971 170 -0.163641 -0.0554547 0.770188 12 -0.102505 -0.0120797 0.756631 7
 -0.153046 -0.0165085 0.723408 59 -0.16706 -0.0228239 0.755073 48 -0.164658 0.00218424 0.73213 41
 -0.165056 -0.00269407 0.743203 152 -0.174339 -0.0157711 0.76204 18 -0.171277 -0.0118058 0.757507 13
 -0.165293 -0.0100877 0.753803 193 -0.116832 -0.0449763 0.766085 3 -0.157008 -0.0413505 0.706179 1
 -0.170903 -0.0230556 0.76492 183 -0.130839 -0.0638521 0.763601 8 -0.125608 -0.0484282 0.775758 6
 -0.205408 0.0476776 0.746408 55 -0.136165 -0.0622967 0.719561 50 -0.100059 0.0189642 0.686677 44
 -0.138199 -0.0468765 0.719517 117 -0.134783 -0.0077535 0.725023 33 -0.20658 0.0304956 0.752493 25
 -0.13896 -0.0228496 0.72199 143 -0.136198 -0.0272294 0.756787 50 -0.168202 -0.025565 0.762819 3
 -0.137546 -0.0152503 0.722845 151 -0.137299 -0.0154175 0.753721 43 -0.1883 -0.0361618 0.762267 5
 -0.140359 -0.0164066 0.739941 120 -0.139428 -0.0416327 0.769738 40 -0.104978 -0.0602128 0.770134 30
 -0.132304 -0.0588375 0.777657 89 -0.134841 -0.0296608 0.765699 49 -0.177182 -0.041751 0.766576 27
 -0.0989987 0.0196218 0.683843 127 -0.207244 0.0512093 0.745873 57 -0.0390095 -0.0420984 0.746375 15
 -0.105544 0.0121309 0.693783 87 -0.207514 0.0374156 0.751444 75 -0.109968 0.011458 0.714415 35
 -0.1143 0.00210699 0.72834 54 -0.201796 0.0232795 0.75972 54 -0.0691019 -0.0493628 0.753444 32
 -0.114621 0.00176297 0.735238 160 -0.0794614 -0.0553696 0.761702 17 -0.129868 -0.0309419 0.719802 10
 -0.118965 -0.00614155 0.757021 148 -0.0939279 -0.0560692 0.764814 32 -0.116108 -0.0188029 0.726106 7
 -0.125265 -0.0266149 0.77528 134 -0.176343 -0.0455439 0.778975 23 -0.114825 -0.0520032 0.769716 18
 -0.0463601 -0.0392667 0.748812 199 -0.206625 0.0463605 0.753995 1
 -0.0646482 -0.0490933 0.75351 200
 -0.0829071 -0.0619884 0.765051 195 -0.198758 -0.00603233 0.767706 5
 -0.0942849 -0.0695988 0.77189 195 -0.193476 -0.0244874 0.768923 5
 -0.120984 -0.0845142 0.78031 186 -0.135967 -0.0939455 0.827188 14
 -0.150642 -0.0958149 0.795326 200
 -0.188652 -0.10466 0.815338 200
 -0.149625 -0.107715 0.824857 41 -0.197042 -0.101896 0.822047 7 -0.181198 -0.0746578 0.778591 5
 -0.143175 -0.048341 0.771655 62 -0.146688 -0.0439625 0.721106 11 -0.158677 -0.0453175 0.777047 8
 -0.177758 -0.0585287 0.776617 200
 -0.17635 -0.0698528 0.77597 116 -0.160539 -0.0807414 0.790647 6 -0.145713 -0.0410334 0.727375 4
 -0.181293 -0.117808 0.816615 85 -0.158566 -0.0315273 0.75426 4 -0.177022 -0.0127346 0.76222 3
