 -0.184795 0.0521709 0.77365 200
 -0.183436 0.0396155 0.775333 200
 -0.179296 0.0238348 0.780021 200
 -0.176888 0.0123084 0.782853 200
 -0.174191 -0.000210224 0.784115 200
 -0.170513 -0.0212119 0.783367 200
 -0.141759 0.0802094 0.766057 200
 -0.144381 0.0646493 0.770127 200
 -0.145465 0.0452387 0.777253 199 -0.134324 -0.00863466 0.778538 1
 -0.146632 0.0327351 0.779918 199 -0.141285 0.000962822 0.784438 1
 -0.14345 0.0156097 0.785521 200
 -0.143067 -0.00421794 0.78461 200
 -0.108213 0.0897053 0.761977 200
 -0.111828 0.0743751 0.768564 200
 -0.116171 0.0550807 0.774076 200
 -0.118884 0.0408639 0.778244 197 -0.0873979 0.0215941 0.766521 2 -0.107511 0.0792405 0.767631 1
 -0.11729 0.0154414 0.784719 200
 -0.118329 -0.0117116 0.785171 200
 -0.0706891 0.0734382 0.753974 200
 -0.0747884 0.0606628 0.75888 200
 -0.0793009 0.0438774 0.766994 200
 -0.0851669 0.0272003 0.772557 200
 -0.091612 0.00166144 0.782393 200
 -0.0976504 -0.023499 0.788627 200
 -0.0272061 -0.0274779 0.769916 200
 -0.0419753 -0.0447408 0.778835 200
 -0.056286 -0.0594685 0.790371 200
 -0.0679915 -0.0713157 0.79636 200
 -0.096194 -0.0916358 0.798798 200
 -0.127434 -0.102959 0.805447 200
 -0.165208 -0.108158 0.825606 200
 -0.121092 -0.111757 0.823047 7 -0.17289 -0.0250298 0.790835 6 -0.115943 -0.10387 0.78903 1
 -0.132954 -0.0455468 0.79378 190 -0.150978 -0.00241935 0.787781 3 -0.140348 0.0353991 0.784801 3
 -0.154675 -0.0525217 0.790731 199 -0.160729 -0.00265424 0.790359 1
 -0.123268 -0.0742136 0.801618 49 -0.157944 -0.103128 0.822767 2 -0.150408 -0.0941672 0.804762 1
 -0.156775 -0.121198 0.826573 63 -0.14435 -0.00321314 0.783619 19
