 -0.143716 0.0747702 0.756387 178 -0.160958 0.00409626 0.736449 14 -0.140957 -0.0192405 0.797019 8
 -0.142686 0.0626784 0.759842 189 -0.158731 -0.0059965 0.742618 11
 -0.139524 0.0480342 0.770614 200
 -0.138091 0.0385115 0.78122 122 -0.15369 -0.00358913 0.741376 38 -0.16587 -0.00427007 0.789545 24
 -0.159899 -0.0138694 0.805234 124 -0.140938 0.0398935 0.78221 45 -0.136437 0.0354333 0.786691 30
 -0.156771 -0.028109 0.811968 177 -0.159215 0.0229597 0.790651 16 -0.140706 0.014056 0.802187 5
 -0.133962 0.074259 0.754381 80 -0.101908 0.0954069 0.763405 71 -0.0675926 0.0479283 0.76064 18
 -0.138254 0.0576271 0.769051 97 -0.107078 0.0843012 0.769966 74 -0.140733 0.0311427 0.788042 16
 -0.140645 0.0409154 0.783839 146 -0.110207 0.0675102 0.778695 52 -0.10488 0.0365509 0.80252 1
 -0.141371 0.0293675 0.790313 121 -0.111193 0.0614037 0.782446 59 -0.138377 -0.00216543 0.806864 14
 -0.136669 0.0141458 0.803362 133 -0.106578 0.0474151 0.796045 35 -0.141924 -0.0415145 0.818541 15
 -0.135928 -0.0068473 0.813955 188 -0.108136 0.0271346 0.800449 11 -0.123345 -0.0457962 0.825766 1
 -0.10459 0.09239 0.764965 200
 -0.109307 0.077718 0.77375 200
 -0.114793 0.0566047 0.788781 200
 -0.116997 0.0455626 0.793737 200
 -0.113142 0.0208052 0.80973 200
 -0.11025 -0.00497847 0.817056 196 -0.0796852 -0.0346633 0.826307 4
 -0.0688448 0.0670914 0.75019 186 -0.0161731 -0.00684049 0.781847 7 -0.111543 0.0997565 0.76135 7
 -0.0735344 0.0561271 0.7589 200
 -0.0771303 0.0394144 0.778674 182 -0.0759664 0.0606525 0.752549 7 -0.0244335 -0.0293975 0.801166 6
 -0.0802911 0.0305449 0.788914 194 -0.0726573 0.0540835 0.768349 4 -0.0897145 0.0580185 0.792077 1
 -0.0850243 0.0196994 0.803742 200
 -0.0893106 -0.00811077 0.819773 200
 -0.014797 -0.0141266 0.793204 200
 -0.0295493 -0.0290366 0.803223 200
 -0.0449656 -0.0438087 0.815273 200
 -0.0539082 -0.0551173 0.824498 200
 -0.0827073 -0.0751249 0.830616 200
 -0.114191 -0.0843171 0.837852 200
 -0.152749 -0.0908132 0.857099 200
 -0.117777 -0.0916375 0.85869 22 -0.0716393 -0.0195274 0.823701 11 -0.133848 -0.117422 0.868325 4
 -0.119073 -0.0363495 0.82873 158 -0.120795 0.00533721 0.813486 36 -0.109139 0.0338668 0.803016 6
 -0.142661 -0.0418305 0.822044 183 -0.131645 0.0037422 0.807746 17
 -0.0717838 -0.0430366 0.822288 7 -0.124313 -0.0568028 0.837771 3 -0.151136 -0.00514639 0.753648 3
 -0.143637 -0.106564 0.860977 81
