 -0.120711 -0.0220601 0.675714 76 -0.133219 -0.0240369 0.679732 38 -0.125954 -0.0228042 0.677442 36
 -0.134426 -0.0195208 0.682328 125 -0.112075 -0.0171619 0.675701 48 -0.120882 -0.0178515 0.677573 22
 -0.148355 -0.0193107 0.691018 112 -0.121711 -0.0158557 0.676115 74 -0.134112 -0.0147511 0.682941 6
 -0.147477 -0.0223756 0.687272 114 -0.136111 0.0078989 0.687205 74 -0.119612 -0.0182072 0.66315 11
 -0.14836 -0.0263608 0.691597 198 -0.111517 0.0104719 0.683966 2
 -0.151787 -0.0465245 0.702833 170 -0.144071 -0.00762455 0.6888 29 -0.0992152 -0.0563839 0.755658 1
 -0.107189 -0.0169488 0.676713 177 -0.137883 -0.0438596 0.711004 12 -0.140435 -0.0469721 0.737974 5
 -0.120374 -0.00924092 0.680716 200
 -0.128357 -0.0010672 0.686616 200
 -0.139712 0.00215297 0.695751 108 -0.117938 0.0110344 0.691595 87 -0.12555 0.00846761 0.692547 5
 -0.131598 0.00345799 0.69952 187 -0.124937 -0.0637186 0.716278 6 -0.104679 -0.0119478 0.682883 6
 -0.149584 -0.0200955 0.704766 80 -0.126583 -0.0256671 0.688924 31 -0.0858016 0.00412822 0.69827 24
 -0.0926801 -0.00569692 0.677724 152 -0.120496 -0.0430161 0.744339 34 -0.0676643 0.0105358 0.705684 10
 -0.0966449 -0.00141363 0.681721 146 -0.115132 -0.0279776 0.737489 41 -0.108445 0.0131409 0.676224 9
 -0.104948 0.0119858 0.693851 200
 -0.127703 0.0163568 0.702386 114 -0.132645 0.0159654 0.703963 78 -0.0968929 -0.00496128 0.685314 5
 -0.115747 0.0110441 0.697057 189 -0.124658 -0.0373677 0.758132 6 -0.101922 -0.0249094 0.683796 3
 -0.113945 0.013692 0.68713 79 -0.135154 0.00469245 0.706491 53 -0.130053 -0.0248334 0.752687 38
 -0.0686976 0.00811619 0.69135 149 -0.0668923 0.00775574 0.698271 40 -0.0969874 -0.0150325 0.693559 6
 -0.0799987 0.00236091 0.693079 118 -0.0764123 -0.00239969 0.703997 69 -0.0782154 -3.3827e-05 0.698495 10
 -0.0852096 0.0103846 0.691496 94 -0.0760095 0.0093437 0.699494 51 -0.0805806 0.00972163 0.694913 32
 -0.104355 0.0238124 0.698715 127 -0.0827057 0.00923059 0.695894 45 -0.0981633 -0.0090339 0.712579 11
 -0.091132 0.00704769 0.692507 111 -0.126346 0.0285027 0.699618 68 -0.0874902 -0.0525334 0.746985 6
 -0.119362 -0.0360267 0.759333 47 -0.121133 -0.065297 0.758216 21 -0.146229 -0.0321777 0.752171 12
 -0.0682456 -0.0153429 0.7089 200
 -0.0795883 -0.0246066 0.717191 198 -0.115646 -0.0661392 0.750286 2
 -0.0869549 -0.0390803 0.736873 105 -0.0765739 -0.0155155 0.708956 94 -0.0901581 0.00294782 0.68364 1
 -0.0965321 -0.0516484 0.753169 173 -0.0809097 -0.0215727 0.72463 27
 -0.110193 -0.0721145 0.76482 175 -0.0866941 -0.0208017 0.717713 22 -0.130237 -0.106377 0.797025 2
 -0.132143 -0.0904239 0.760278 194 -0.115894 -0.0317695 0.739932 6
 -0.168162 -0.120013 0.775549 200
 -0.159806 -0.161139 0.811706 22 -0.101371 -0.0304933 0.737882 7 -0.139539 -0.134621 0.812578 6
 -0.144425 -0.0421132 0.753374 155 -0.127672 -0.0472846 0.740276 21 -0.14056 -0.0273914 0.677805 12
 -0.15131 -0.0683821 0.722218 130 -0.154626 -0.0506534 0.733435 49 -0.142877 -0.0357579 0.700815 12
 -0.106642 -0.00130939 0.689203 40 -0.140523 -0.0712817 0.728227 3 -0.138615 -0.060329 0.731552 3
 -0.115992 0.00227357 0.68901 46 -0.162899 -0.122295 0.771382 38 -0.127757 -0.053623 0.754492 6
