 -0.106762 0.109442 0.689254 191 -0.0319293 0.102079 0.648717 8 -0.108606 0.0799771 0.694452 1
 -0.109211 0.098219 0.693738 200
 -0.112792 0.0773755 0.692664 152 -0.0428124 0.0864754 0.667256 18 -0.120355 0.00685721 0.676916 8
 -0.114123 0.0663692 0.695486 155 -0.113403 0.0185846 0.684485 39 -0.0331621 0.0253599 0.669533 3
 -0.115021 0.0560487 0.697179 136 -0.117371 0.0311395 0.689533 37 -0.110268 0.00416048 0.679581 11
 -0.119374 0.0347617 0.693091 152 -0.0600701 -0.00629295 0.684497 43 -0.0694859 0.0509824 0.688087 5
 -0.0259452 0.106566 0.645554 85 -0.0337363 0.0785314 0.667296 55 -0.00871773 0.0620608 0.625313 40
 -0.0470188 0.0733588 0.67322 67 -0.032627 0.0975054 0.653966 59 -0.118136 0.0839214 0.694099 42
 -0.0659991 -0.000632261 0.680581 69 -0.0636079 -0.00528749 0.640235 41 -0.0528258 0.0649847 0.680897 40
 -0.0780888 0.0459745 0.677925 76 -0.0520935 0.0619042 0.681985 62 -0.0697298 0.0559857 0.61539 18
 -0.0765997 0.0411765 0.684985 173 -0.0601819 0.0646337 0.679736 11 -0.0510209 0.0174544 0.674814 9
 -0.0914673 0.0288721 0.686746 109 -0.0705008 0.0149427 0.68893 56 -0.104818 -0.025804 0.684459 10
 -0.008665 0.0644618 0.626722 99 -0.0290601 0.108528 0.647956 84 -0.107104 0.106587 0.688057 16
 -0.0367323 0.0930559 0.658015 166 -0.109759 0.0907324 0.695994 30 -0.0480061 0.0647765 0.674551 3
 -0.0438697 0.0750492 0.669422 170 -0.117436 0.0743065 0.690675 28 -0.0837488 0.0243916 0.688757 2
 -0.0494439 0.0678457 0.677664 157 -0.0579116 0.0176237 0.686205 20 -0.0734352 0.0472315 0.612814 12
 -0.0603205 0.0442352 0.688355 184 -0.0858127 0.00223474 0.670244 9 -0.0757559 0.000740885 0.621979 6
 -0.093904 0.018821 0.686518 116 -0.108694 0.0415821 0.69639 45 -0.107656 -0.0138828 0.697466 25
 -0.00722199 0.0638865 0.626842 108 -0.0273363 0.11094 0.645167 86 -0.104086 0.109392 0.689265 6
 -0.0130823 0.0552338 0.633705 97 -0.0323446 0.101241 0.651603 57 -0.10674 0.0978404 0.692005 46
 -0.111163 0.0803235 0.693459 123 -0.0248787 0.0431423 0.648596 53 -0.0368216 0.090698 0.65968 19
 -0.0318377 0.0336106 0.673127 103 -0.115309 0.0640837 0.696709 66 -0.0460641 0.0795886 0.66885 30
 -0.0432312 0.0247832 0.683743 143 -0.112783 0.0549792 0.692482 56 -0.125652 0.0158985 0.693302 1
 -0.0622831 -0.0126039 0.691604 52 -0.123772 -0.00527941 0.694068 49 -0.073051 0.0211245 0.687863 48
 -0.108324 0.106094 0.693366 138 -0.0269208 0.10698 0.649497 36 -0.00833662 0.0588276 0.629597 14
 -0.109507 0.0865776 0.695748 133 -0.0256498 0.0402638 0.658867 57 -0.0712078 -0.0146135 0.680385 5
 -0.0679134 -0.0228636 0.651997 127 -0.114503 0.0619151 0.696873 55 -0.07157 -0.00573112 0.672199 17
 -0.0624457 -0.0303327 0.663676 175 -0.118842 0.0376417 0.697719 16 -0.0619055 -0.019384 0.681834 9
 -0.0801661 -0.0499066 0.680563 184 -0.0884361 -0.0622904 0.715272 16
 -0.10519 -0.0557355 0.703311 167 -0.0580327 0.000794851 0.685718 19 -0.101184 0.0108746 0.680688 14
 -0.136973 -0.0627567 0.723838 200
 -0.108927 -0.0739803 0.729213 66 -0.129379 -0.0566 0.711724 18 -0.0976117 -0.0626588 0.688561 8
 -0.075022 0.0516852 0.681984 121 -0.0746218 0.0153408 0.691774 28 -0.0768313 0.00939866 0.623001 23
 -0.11633 0.000705236 0.691181 192 -0.0730661 0.0161378 0.696192 8
 -0.116129 -0.0328901 0.695054 84 -0.10449 -0.0119413 0.704024 38 -0.0742694 0.000866934 0.691186 29
 -0.131501 -0.0697851 0.726299 85 -0.095376 0.00951084 0.687995 56 -0.133196 -0.0910651 0.730786 54
