 -0.191633 0.0512207 0.746532 200
 -0.189366 0.0380985 0.750514 200
 -0.187301 0.0214482 0.757699 200
 -0.186166 0.0100643 0.761962 200
 -0.183158 0.000268534 0.76409 200
 -0.1825 -0.0193139 0.762247 200
 -0.152026 0.0806503 0.748294 200
 -0.155358 0.0638026 0.755426 200
 -0.157178 0.044875 0.763696 199 -0.159025 0.0705021 0.750014 1
 -0.158509 0.0322181 0.767282 199 -0.158547 0.0602425 0.754997 1
 -0.155254 0.0129878 0.773026 200
 -0.156307 -0.00503926 0.772247 194 -0.107503 -0.0151491 0.773897 5 -0.151239 0.0318401 0.78108 1
 -0.122438 0.0900559 0.753801 200
 -0.12605 0.0741803 0.760145 200
 -0.130225 0.0559801 0.769458 200
 -0.133527 0.042835 0.772959 199 -0.150782 0.0644245 0.750333 1
 -0.132804 0.0151703 0.777382 200
 -0.132338 0.00371276 0.778482 200
 -0.0871406 0.074304 0.759316 200
 -0.0913554 0.0624124 0.763747 200
 -0.0968698 0.0465246 0.767942 199 -0.076697 -0.0267017 0.753521 1
 -0.101129 0.0336535 0.773826 200
 -0.101166 0.020915 0.778416 200
 -0.117554 -0.0125157 0.778946 200
 -0.0709935 -0.0067458 0.74958 164 -0.0871327 0.0597321 0.763258 34 -0.122304 0.072609 0.749757 2
 -0.0762413 -0.0182038 0.756487 184 -0.0914511 0.00422402 0.741166 16
 -0.0831087 -0.0401109 0.768616 200
 -0.0941973 -0.0691436 0.776723 170 -0.0819095 -0.0288192 0.765667 17 -0.083496 -0.0365632 0.768939 13
 -0.11218 -0.0915412 0.77967 200
 -0.144105 -0.104142 0.7816 200
 -0.182623 -0.113607 0.797207 200
 -0.148735 -0.117297 0.802431 106 -0.159997 -0.139746 0.807576 1 -0.181251 -0.105245 0.794157 1
 -0.144412 -0.043646 0.776757 180 -0.152214 -0.000259893 0.778348 20
 -0.171183 -0.0500196 0.770873 200
 -0.135423 -0.0747389 0.77994 32 -0.116971 0.0721563 0.750925 6 -0.142743 0.0432195 0.760406 3
 -0.17627 -0.114324 0.795994 200
