 -0.190858 -0.0418208 0.635899 199 -0.116861 -0.0834408 0.615176 1
 -0.185093 -0.0479612 0.645622 195 -0.105484 -0.0928084 0.609545 4 -0.13904 -0.157787 0.742265 1
 -0.171075 -0.0573327 0.655274 86 -0.0234188 -0.101495 0.60726 41 -0.142246 -0.167548 0.759888 24
 -0.0956395 -0.16396 0.744795 44 -0.0345401 -0.103106 0.604479 43 -0.163044 -0.0635314 0.662788 30
 -0.0884227 -0.178976 0.760379 48 -0.108912 -0.0906775 0.624419 35 -0.156165 -0.0677306 0.670553 30
 -0.109661 -0.0812503 0.690394 59 -0.107507 -0.0965607 0.626465 28 -0.148516 -0.07865 0.680627 19
 -0.123803 -0.157261 0.733632 42 -0.114988 -0.0828529 0.631294 21 -0.0561113 -0.100664 0.636805 19
 -0.116152 -0.164897 0.74447 48 -0.112741 -0.102473 0.626191 34 -0.0625409 -0.112209 0.633222 31
 -0.0943424 -0.184449 0.754772 28 -0.0745153 -0.105 0.626135 26 -0.0981323 -0.150181 0.727527 25
 -0.103371 -0.172948 0.754761 47 -0.113724 -0.0811046 0.692424 23 -0.146496 -0.0525176 0.681103 16
 -0.105812 -0.100486 0.627769 53 -0.102995 -0.145917 0.728841 46 -0.100206 -0.0877125 0.528921 16
 -0.104036 -0.104609 0.62158 49 -0.118138 -0.0690157 0.687567 22 -0.0773321 -0.106058 0.634155 21
 -0.0919586 -0.0809617 0.708374 45 -0.053876 -0.109662 0.635772 29 -0.0403855 -0.105789 0.617972 16
 -0.0988522 -0.0919602 0.714713 47 -0.0633562 -0.108632 0.635418 36 -0.0232825 -0.10722 0.588573 26
 -0.111522 -0.15201 0.737334 62 -0.0549516 -0.108338 0.637493 44 -0.103016 -0.105265 0.625316 24
 -0.157976 -0.0734433 0.673503 54 -0.111004 -0.161251 0.748815 51 -0.0937303 -0.0928701 0.700344 20
 -0.143528 -0.0878679 0.662508 46 -0.0912319 -0.0932448 0.703606 29 -0.0816448 -0.110703 0.619862 21
 -0.100052 -0.108204 0.631523 69 -0.132765 -0.0819898 0.673697 41 -0.110187 -0.0924938 0.700722 35
 -0.00936052 -0.0974855 0.589004 87 -0.184409 -0.0401365 0.639543 82 -0.107665 -0.0875199 0.622548 11
 -0.129401 -0.076108 0.672927 112 -0.176782 -0.0469173 0.646755 67 -0.112938 -0.0737929 0.625214 10
 -0.135207 -0.0658736 0.686264 133 -0.167644 -0.0556704 0.662367 34 -0.100972 -0.0960286 0.690724 8
 -0.157498 -0.0647129 0.672467 135 -0.100662 -0.0885588 0.702645 21 -0.126171 -0.0811863 0.679999 21
 -0.145806 -0.0714377 0.676602 103 -0.0858304 -0.102806 0.699074 47 -0.124726 -0.0808373 0.62549 15
 -0.115331 -0.0839702 0.696733 65 -0.120889 -0.0915186 0.621675 33 -0.151499 -0.0799579 0.670815 27
 -0.0171751 -0.100003 0.59403 150 -0.139346 -0.0660833 0.679968 18 -0.0970014 -0.0880055 0.70278 10
 -0.171407 -0.0539064 0.654846 84 -0.0358959 -0.109076 0.614406 43 -0.153903 -0.064923 0.679197 40
 -0.160365 -0.0662009 0.669621 112 -0.078645 -0.173359 0.758014 33 -0.0500125 -0.105207 0.546909 29
 -0.0797765 -0.176895 0.757755 93 -0.118072 -0.0828189 0.700606 83 -0.0774418 -0.10545 0.645437 16
 -0.072485 -0.164994 0.761435 43 -0.0980278 -0.175086 0.758152 10 -0.0344174 -0.0986091 0.630002 2
 -0.0516682 -0.100904 0.633601 19 -0.102473 -0.0946956 0.71234 10 -0.162129 -0.0663821 0.669708 6
 -0.0926447 -0.145291 0.728712 61 -0.0894814 -0.0989155 0.707544 36 -0.0677389 -0.162384 0.75867 31
 -0.0940816 -0.150626 0.735255 5 -0.0806464 -0.164231 0.753463 2
 -0.161889 -0.057362 0.667207 9 -0.113034 -0.0896815 0.685195 8 -0.0960282 -0.104102 0.700533 5
 -0.0429238 -0.0997472 0.608986 36 -0.0915449 -0.109577 0.641337 14 -0.114016 -0.150723 0.737048 13
 -0.105937 -0.0721876 0.694425 10 -0.153925 -0.0756348 0.685541 4 -0.0954207 -0.0966959 0.63204 1
 -0.0868211 -0.107472 0.691714 8 -0.103511 -0.152173 0.737835 7 -0.121461 -0.0814537 0.700814 3
