 -0.064012 0.00187656 0.639755 130 0.030767 -0.0232692 0.779985 36 -0.0560273 0.0299193 0.744591 26
 -0.0597647 -0.00682307 0.641865 166 -0.058147 0.0190982 0.751222 26 -0.0581157 0.0207548 0.686252 3
 -0.0633321 -0.0160624 0.653153 101 -0.0532086 -0.000391334 0.638379 74 -0.0567995 -0.00519772 0.643123 16
 -0.0580339 -0.0123839 0.651852 92 -0.0557006 -0.0088868 0.648101 81 -0.0801058 -0.0431594 0.688004 19
 -0.0668357 -0.0264153 0.666951 129 -0.0890814 -0.0856127 0.708336 26 -0.0570658 -0.0149662 0.654434 24
 -0.0692258 -0.0456995 0.683602 199 -0.0821134 -0.0878449 0.705942 1
 -0.0570137 0.0722317 0.671777 114 -0.057236 0.0741477 0.705878 58 -0.0615481 -0.016444 0.647127 15
 -0.0604771 0.0553943 0.676722 162 -0.0414991 0.0692266 0.748096 18 -0.068381 0.053003 0.713136 16
 -0.0650858 0.0275311 0.686498 168 -0.0486547 0.05042 0.741924 20 -0.0752583 -0.0119118 0.658181 4
 -0.0670219 0.017025 0.690324 98 -0.0346778 -0.0215912 0.754204 52 -0.051628 0.0410773 0.75008 21
 -0.0685997 0.0140928 0.693569 87 -0.0410236 -0.0362571 0.761382 66 -0.0685526 -0.0102701 0.657576 21
 -0.0683519 0.0180376 0.693972 59 -0.0457488 -0.0407163 0.749294 25 -0.0786179 -0.0545984 0.691495 22
 -0.0539124 0.0909761 0.702718 157 -0.045042 0.0804843 0.67316 39 -0.0342199 0.0839404 0.746055 4
 -0.0597867 0.0722524 0.708035 119 -0.0541061 0.0650977 0.677508 81
 -0.0689901 0.05668 0.714408 90 -0.0652195 0.0415935 0.682242 72 -0.0555539 0.0131333 0.627718 16
 -0.0714602 0.0487567 0.717409 48 -0.0384656 -0.0539514 0.6834 26 -0.0378202 -0.0277785 0.758729 25
 -0.0527909 -0.0461046 0.751445 69 -0.0598921 -0.04715 0.745041 43 -0.0609193 -0.0569668 0.693109 28
 -0.0418952 -0.0601334 0.752583 67 -0.0621194 0.0162956 0.736506 40 -0.0758463 -0.0581865 0.701432 33
 -0.031944 0.0844445 0.746797 182 0.0305853 -0.0310096 0.775706 11 -0.0378395 0.0772277 0.669004 5
 -0.0357909 0.0718673 0.748248 193 -0.0412125 0.0648752 0.673168 4 0.0165452 -0.0382293 0.778517 3
 -0.0455687 0.0539142 0.748226 106 0.00408323 -0.0412708 0.778272 87 -0.0658586 0.0618907 0.711297 7
 -0.0505742 0.0340621 0.750882 104 -0.00753564 -0.050095 0.786919 82 -0.0532797 0.0019545 0.635443 6
 -0.0531727 0.0359985 0.753279 88 -0.0372939 -0.0569199 0.761501 51 -0.0829685 -0.0397835 0.674527 24
 -0.0546631 -0.0341484 0.759796 198 -0.0477386 0.0673565 0.753492 2
 0.0238344 -0.0292701 0.778994 200
 0.00561828 -0.0417622 0.78227 200
 -0.0155118 -0.0551358 0.783196 200
 -0.0295968 -0.0652119 0.781528 175 -0.0487579 -0.0779204 0.758967 20 -0.0457722 -0.0737453 0.760915 5
 -0.0457763 -0.08268 0.763774 118 -0.0532986 0.0281132 0.752849 8 -0.075824 -0.0634761 0.700068 2
 -0.0542812 -0.0849192 0.751775 99 -0.0546643 -0.088142 0.755536 26 -0.0594889 -0.0881178 0.714044 23
 -0.107755 -0.118011 0.741186 200

 -0.0817007 -0.0665599 0.693808 15 -0.0871776 -0.087658 0.716722 10 -0.0756478 -0.109126 0.73029 3
 -0.0902119 -0.0649284 0.707768 91 -0.083402 -0.0889092 0.708371 57 -0.0568306 -0.0415675 0.678823 16
 -0.075226 -0.0551671 0.693933 19 -0.0841332 -0.101655 0.726363 18 -0.0376104 -0.0488631 0.765916 7
 -0.110102 -0.119682 0.745187 57 -0.102444 -0.10987 0.725867 22 -0.058542 0.0562829 0.748046 3
