 -0.149994 -0.173304 0.7167 190 -0.119332 -0.131197 0.720963 10
 -0.149809 -0.164982 0.717904 200
 -0.147874 -0.147 0.719756 200
 -0.145513 -0.137502 0.722705 200
 -0.14211 -0.121758 0.722026 200
 -0.15242 -0.0401336 0.736733 70 -0.150012 -0.065844 0.733616 59 -0.14231 -0.103277 0.724439 58
 -0.1018 -0.190457 0.712851 152 -0.145647 -0.143251 0.720028 34 -0.143758 -0.167771 0.722212 9
 -0.1076 -0.176473 0.714493 189 -0.0573366 -0.181543 0.730043 6 -0.133203 -0.149404 0.724287 5
 -0.10901 -0.160995 0.717976 135 -0.105524 -0.122274 0.716245 43 -0.065493 -0.167554 0.728806 17
 -0.113478 -0.146236 0.720412 172 -0.114914 -0.110765 0.71633 18 -0.0730825 -0.137218 0.729809 3
 -0.107704 -0.119849 0.715378 200
 -0.113375 -0.104385 0.723851 190 -0.123407 -0.0590376 0.728188 6 -0.16361 -0.00648607 0.757063 3
 -0.0492328 -0.194789 0.729073 150 -0.020763 -0.172853 0.750079 25 -0.00370478 -0.0558004 0.814733 11
 -0.0498615 -0.176172 0.730582 142 -0.029779 -0.168745 0.750661 46 -0.105022 -0.177033 0.717635 11
 -0.0645475 -0.151552 0.732453 73 -0.140258 -0.00491935 0.747555 70 -0.0664118 -0.146596 0.731504 52
 -0.078447 -0.135908 0.728599 137 -0.143151 0.00317336 0.756046 58 -0.11261 -0.151889 0.717779 3
 -0.0833883 -0.1163 0.732233 171 -0.131324 -0.020196 0.736495 26 -0.0508363 -0.206414 0.710684 1
 -0.0936634 -0.0950451 0.73398 167 -0.135295 -0.00905627 0.75023 31 -0.0757237 -0.152057 0.737522 2
 -0.0261208 -0.181322 0.743101 155 -0.00934709 -0.0525315 0.808326 18 -0.0419822 -0.195061 0.727042 17
 -0.0337758 -0.170542 0.745788 177 -0.0164228 -0.0611729 0.814008 17 -0.055877 -0.145195 0.731952 3
 -0.0372609 -0.150237 0.748685 187 -0.109542 -0.173975 0.717761 7 -0.0594419 -0.148086 0.734224 2
 -0.0424872 -0.134459 0.747728 176 -0.0662129 -0.0461043 0.780332 6 -0.0604468 -0.0773219 0.746614 6
 -0.0632366 -0.0996193 0.739876 188 -0.0958785 -0.0564225 0.734932 8 -0.120848 -0.0100222 0.758408 3
 -0.0758373 -0.0805239 0.747715 200
 -0.00930052 -0.0624133 0.814419 200
 -0.0274983 -0.0554293 0.805754 200
 -0.0482193 -0.0426836 0.799499 196 -0.0709843 -0.028375 0.786452 4
 -0.0672971 -0.0389773 0.787286 200
 -0.0983041 -0.158459 0.726688 44 -0.160565 -0.0769815 0.744502 19 -0.0398416 -0.134001 0.751621 14
 -0.0647745 -0.12292 0.746763 85 -0.0837166 -0.0848713 0.72997 42 -0.0345824 -0.181271 0.754724 18
 -0.155354 -0.0105766 0.750746 198 -0.18273 0.00987651 0.804914 2
 -0.125289 -0.00268758 0.76668 198 -0.0407921 -0.154372 0.756534 2
 -0.10683 -0.0639891 0.737463 200
 -0.134195 -0.0644921 0.721116 200
 -0.119271 -0.0419238 0.743726 200
 -0.141854 0.000738711 0.757332 196 -0.167449 0.0136544 0.80199 4
