 -0.158286 0.0491732 0.772965 198 -0.118481 0.0795221 0.790021 2
 -0.154789 0.0382269 0.776981 197 -0.116896 0.0670402 0.791989 2 -0.138609 0.0151401 0.798222 1
 -0.14944 0.0228408 0.785613 199 -0.13602 -0.00219171 0.804495 1
 -0.14589 0.0122507 0.791446 200
 -0.140881 0.0021317 0.796739 195 -0.127788 -0.0327662 0.803962 5
 -0.136794 -0.0165883 0.802002 200
 -0.106733 0.0864656 0.786744 200
 -0.11084 0.0725308 0.792922 195 -0.148839 0.0290054 0.785663 4 -0.0685944 0.0612149 0.800394 1
 -0.110322 0.0505575 0.802652 200
 -0.11158 0.0370518 0.805004 200
 -0.110104 0.0169577 0.810018 200
 -0.109951 -0.00230306 0.810652 200
 -0.0674201 0.0948833 0.782291 190 -0.106062 0.0960203 0.788149 10
 -0.0716058 0.0788013 0.789819 197 -0.108956 0.07944 0.792459 3
 -0.0754616 0.0618119 0.797957 200
 -0.0792402 0.0416498 0.805512 200
 -0.08003 0.0166346 0.814373 200
 -0.0817103 -0.00975364 0.815077 194 -0.0772583 0.0610262 0.80559 6
 -0.0270526 0.0533117 0.752393 106 -0.0629906 0.0985547 0.781088 94
 -0.0319381 0.0423226 0.760172 146 -0.0663763 0.086953 0.786962 54
 -0.0365835 0.0238301 0.778514 196 -0.0705897 0.0707703 0.792193 4
 -0.0413554 0.0116837 0.790388 189 -0.109224 0.0451786 0.798347 5 -0.0725583 0.061653 0.804007 5
 -0.0521538 -0.00235221 0.803037 126 -0.0505014 0.00153326 0.799451 54 -0.104097 0.0216929 0.807302 13
 -0.0690327 0.0120419 0.795567 44 -0.0730352 0.0102584 0.802843 41 -0.0685046 -0.0282653 0.815373 38
 -0.0239777 0.0477805 0.757435 109 -0.0646166 0.0935948 0.785438 43 -0.0333628 0.0090592 0.779772 43
 -0.0349575 -0.00242399 0.791357 125 -0.036021 0.0247051 0.783124 43 -0.0359681 0.0182217 0.786534 21
 -0.0390201 -0.0134263 0.797337 99 -0.0393658 -0.0186816 0.799645 97 -0.0321574 0.0254733 0.783402 4
 -0.0438345 -0.0529676 0.811311 190 -0.0305389 0.0175829 0.791709 10
 -0.0677314 -0.0804925 0.817674 200
 -0.0930571 -0.0895433 0.823454 200
 -0.135313 -0.0992589 0.839626 200
 -0.104942 -0.107432 0.837799 26
 -0.0990002 -0.0345685 0.819254 197 -0.0789455 0.0471718 0.815669 2 -0.0959557 0.0866473 0.781975 1
 -0.121044 -0.0411811 0.810183 200
 -0.0880225 -0.0590279 0.821627 81
 -0.12905 -0.112606 0.84366 170 -0.126387 0.0348458 0.81109 1 -0.0727824 0.0586128 0.7803 1
