 -0.193302 0.0541272 0.755172 199 -0.187704 0.0231368 0.763019 1
 -0.193059 0.0422145 0.758438 200
 -0.193667 0.0273069 0.771035 185 -0.174031 0.0124093 0.770474 15
 -0.191272 0.0173472 0.777402 190 -0.184567 0.0426053 0.767315 10
 -0.190285 0.00654301 0.778385 174 -0.182102 0.04077 0.769043 24 -0.182725 0.032623 0.773856 2
 -0.190753 -0.0134643 0.778837 200
 -0.153585 0.0800026 0.745798 200
 -0.157795 0.0695931 0.75283 200
 -0.162745 0.045836 0.771244 181 -0.152113 0.062423 0.733652 18 -0.154622 0.0614521 0.743316 1
 -0.16484 0.0393195 0.776309 189 -0.16725 0.0714461 0.750569 9 -0.168666 0.0648564 0.754661 2
 -0.16244 0.024193 0.783336 200
 -0.165792 -0.00170621 0.785376 200
 -0.155692 0.08384 0.74497 165 -0.125899 0.0794365 0.729825 35
 -0.159133 0.0690599 0.754094 168 -0.129327 0.0639351 0.740158 28 -0.131021 0.0422038 0.76385 3
 -0.159499 0.0553368 0.762724 178 -0.135296 0.0488156 0.759337 22
 -0.162311 0.0435369 0.772285 68 -0.138017 0.0328777 0.764846 55 -0.15444 0.0678896 0.755465 46
 -0.157969 0.0154118 0.786333 78 -0.149989 0.0106104 0.783999 58 -0.163268 0.0499132 0.76709 52
 -0.154849 -0.0052404 0.7893 193 -0.123028 0.0130007 0.704765 3 -0.121695 -0.0378858 0.782101 2
 -0.124826 0.0783101 0.72967 185 -0.0635735 -0.00376675 0.756896 15
 -0.125755 0.0657021 0.740053 190 -0.0678041 -0.0147637 0.760875 10
 -0.13002 0.0534984 0.75095 189 -0.132806 0.00256829 0.778155 7 -0.0762422 -0.0290428 0.764664 4
 -0.13364 0.0436472 0.761514 143 -0.127614 0.0721735 0.738202 54 -0.115867 0.0150406 0.697747 2
 -0.139075 0.028064 0.775189 200
 -0.141322 0.000383626 0.788144 200
 -0.0572271 -0.00816656 0.759454 200
 -0.0743641 -0.0235191 0.763523 200
 -0.0862684 -0.0377952 0.771884 189 -0.11508 -0.0498626 0.765703 11
 -0.0961963 -0.0496541 0.777743 200
 -0.122632 -0.0789944 0.785584 200
 -0.146685 -0.0936303 0.794523 200
 -0.187085 -0.10805 0.809932 200
 -0.15121 -0.112864 0.824322 91 -0.192084 -0.0218593 0.784162 2
 -0.162899 -0.0340004 0.794791 165 -0.159821 -0.00415874 0.788861 20 -0.136664 -0.0338179 0.790339 13
 -0.179084 -0.0448697 0.786842 189 -0.186024 0.0115336 0.78859 11
 -0.141601 -0.0600433 0.793076 17 -0.171535 0.018981 0.781372 4 -0.156711 -0.0259712 0.79401 1
 -0.167366 -0.11838 0.810552 200
