 -0.191966 0.0527229 0.791321 200
 -0.189683 0.0406057 0.79222 200
 -0.186429 0.02378 0.796177 200
 -0.183656 0.0115842 0.79874 200
 -0.179867 -0.000749716 0.799504 200
 -0.17602 -0.0218223 0.797736 200
 -0.147812 0.0839899 0.783529 200
 -0.150368 0.0671257 0.787457 200
 -0.151708 0.0480521 0.794211 200
 -0.15294 0.034848 0.795591 200
 -0.149524 0.0164201 0.800482 200
 -0.1491 -0.00428042 0.800251 197 -0.152458 0.0482931 0.800887 3
 -0.114362 0.0953185 0.780001 200
 -0.117584 0.0787793 0.784893 200
 -0.121537 0.0592712 0.789827 200
 -0.123792 0.0442715 0.794077 198 -0.111592 0.0804077 0.786047 2
 -0.123735 0.0151594 0.800265 200
 -0.124108 -0.0106002 0.801077 200
 -0.0754414 0.0765439 0.771795 200
 -0.0806743 0.0626117 0.773814 200
 -0.0855963 0.0455342 0.781549 200
 -0.0903007 0.0306328 0.788845 200
 -0.0980651 0.00761254 0.795713 200
 -0.104058 -0.0185817 0.80408 200
 -0.0303609 -0.0225812 0.789193 200
 -0.0472738 -0.0395149 0.798182 200
 -0.0628105 -0.0553369 0.806466 200
 -0.0720373 -0.0677056 0.810884 200
 -0.0997467 -0.089561 0.812037 200
 -0.132426 -0.100974 0.819636 200
 -0.169673 -0.107925 0.837825 200
 -0.128792 -0.111889 0.838974 16
 -0.137602 -0.0444999 0.810521 151 -0.140737 -0.0120048 0.802039 41 -0.124031 0.0475356 0.801721 6
 -0.159478 -0.051074 0.805358 200
 -0.131542 -0.0679113 0.815304 52 -0.127615 0.0310469 0.801884 6
 -0.162604 -0.122801 0.840679 122
