 -0.083344 0.0449848 0.628132 150 -0.0963757 0.0153321 0.657814 26 -0.103369 0.09781 0.660459 11
 -0.0848936 0.0334104 0.635506 198 -0.0872056 0.0502406 0.712951 1 -0.106469 -0.0190114 0.684385 1
 -0.0874035 0.0213117 0.649003 198 -0.0920659 0.0434266 0.680759 1 -0.0767222 0.0606307 0.743281 1
 -0.0887341 0.0138454 0.659375 139 -0.0867386 0.0748009 0.70452 27 -0.0719074 -0.0459858 0.704503 22
 -0.0875717 0.0131842 0.665566 147 -0.0907301 0.07137 0.710104 27 -0.080209 -0.0600291 0.711408 11
 -0.0869019 -0.0115973 0.687516 165 -0.0853115 -0.055617 0.706385 9 -0.0627837 -0.0185623 0.736458 8
 -0.0915339 0.0955628 0.655137 193 -0.08866 0.105522 0.699247 7
 -0.0941467 0.081542 0.662039 192 -0.0920247 0.0917188 0.703938 8
 -0.094527 0.0651142 0.673061 163 -0.0918438 -0.00150427 0.678734 17 -0.0543208 -0.0266726 0.716367 7
 -0.0938567 0.0526973 0.67877 143 -0.0735632 0.077149 0.709754 13 -0.0810044 0.0767391 0.743149 8
 -0.0971915 0.0409742 0.688637 94 -0.0977401 -0.024176 0.70452 48 -0.0796081 -0.0538475 0.71345 22
 -0.0823568 -0.00696506 0.689554 57 -0.0902361 -0.0410314 0.693325 35 -0.0947148 0.0482967 0.684054 29
 -0.0754903 0.12076 0.693114 187 -0.0901694 0.101652 0.653072 7 -0.0667496 0.120954 0.730721 3
 -0.0813385 0.105164 0.697974 190 -0.0606393 0.105683 0.742606 9 -0.0844624 0.102668 0.737942 1
 -0.084114 0.0843974 0.706368 157 -0.0803366 0.0805617 0.664148 21 -0.0837884 0.0891968 0.736471 16
 -0.0847587 0.0706365 0.710773 118 -0.0886525 0.059596 0.675029 34 -0.08448 0.0655878 0.671515 17
 -0.0921119 0.0411779 0.726718 79 -0.0803746 0.0367043 0.746252 37 -0.089774 -0.0513292 0.70796 24
 -0.0856064 0.0152146 0.734655 115 -0.083821 0.0719642 0.741775 49 -0.096066 -0.0826149 0.739369 26
 -0.0717432 0.122688 0.689157 124 -0.0683869 0.122271 0.730615 44 -0.0444105 0.0475262 0.822066 32
 -0.0735666 0.110552 0.695999 112 -0.0710957 0.109997 0.735601 64 -0.0479521 0.0357921 0.830077 24
 -0.0751739 0.0967022 0.742006 151 -0.0762971 0.0953479 0.703464 45 -0.0701364 0.00408933 0.752535 3
 -0.0801145 0.0786504 0.74495 120 -0.062617 -0.00333767 0.760191 29 -0.0734872 0.0357113 0.745087 20
 -0.0809411 0.0439275 0.750209 154 -0.0828719 0.0904596 0.743431 15 -0.0730795 0.0360299 0.824434 7
 -0.0754469 0.00665212 0.757813 95 -0.0688423 0.0196076 0.823391 44 -0.0619852 -0.0100929 0.779105 27
 -0.0473628 0.0461325 0.826844 179 -0.0703692 0.118544 0.693141 21
 -0.0553325 0.0235843 0.821521 146 -0.077793 0.107708 0.735431 26 -0.0537496 0.00598224 0.767935 15
 -0.0597808 0.0106734 0.813697 109 -0.059364 -0.00865525 0.769988 79 -0.0803784 0.030369 0.741219 7
 -0.0651435 -0.0227774 0.770377 93 -0.0606108 -0.00368722 0.809434 37 -0.0655515 0.0218975 0.815862 21
 -0.0636405 -0.0392884 0.757027 94 -0.0625455 0.00315422 0.80645 20 -0.0590731 -0.0116301 0.774012 15
 -0.0712767 -0.0483704 0.74562 55 -0.0699742 -0.0738107 0.737709 49 -0.0730967 -0.0150812 0.761341 21
 -0.0954711 -0.0862661 0.739117 200
 -0.0704531 -0.0445321 0.751176 18 -0.0580395 0.0657952 0.828689 12 -0.0664303 -0.104711 0.765546 9
 -0.0882834 -0.0176195 0.738944 26 -0.0870159 0.000396547 0.748463 17 -0.0773231 0.00200572 0.67993 16
 -0.0842886 -0.0408709 0.701706 162 -0.0955022 0.0651398 0.740236 13 -0.0608918 -0.0350268 0.702363 12
 -0.0973253 -0.0807159 0.743259 15 -0.075037 0.0158035 0.656643 2 -0.0670081 0.0665101 0.746008 1
 -0.0908847 -0.0950238 0.745725 182 -0.0811917 0.0700601 0.668503 5 -0.0896755 0.0372758 0.683343 3
