 -0.15552 0.0693444 0.79404 197 -0.0902945 -0.0553341 0.811558 2 -0.0803589 0.057358 0.751659 1
 -0.156184 0.0573623 0.797311 200
 -0.15449 0.0406326 0.804203 189 -0.153202 -0.0254896 0.806648 11
 -0.151687 0.0263888 0.808704 197 -0.0512134 -0.0234311 0.83023 2 -0.118735 -0.0140819 0.803699 1
 -0.149195 0.0141484 0.812502 196 -0.145546 0.0104741 0.779267 3 -0.121999 -0.0172468 0.807877 1
 -0.148795 -0.00586583 0.81493 200
 -0.0998159 -0.0294546 0.786134 82 -0.102816 0.0320231 0.725397 71 -0.0771502 0.0646704 0.754725 25
 -0.103862 -0.0136075 0.780338 57 -0.105132 -0.0198224 0.781703 44 -0.106807 0.0225478 0.732988 37
 -0.1112 0.015506 0.793091 87 -0.102126 -0.019492 0.782081 30 -0.104337 0.0288506 0.729491 26
 -0.11328 0.00602498 0.782779 57 -0.119192 0.0121346 0.794001 51 -0.11644 0.00979476 0.788011 31
 -0.11782 0.00521889 0.808891 115 -0.114206 -0.0200908 0.82294 60 -0.109111 -0.0142561 0.785564 10
 -0.118259 -0.011287 0.81662 123 -0.116975 -0.031995 0.83048 53 -0.117919 -0.0231322 0.82433 13
 -0.150952 0.066111 0.796852 143 -0.0886315 -0.0484849 0.812859 28 -0.0681504 0.0592437 0.758409 21
 -0.0918952 -0.0280072 0.786094 64 -0.0764562 0.042034 0.780346 57 -0.154116 0.0536331 0.804847 52
 -0.0939105 -0.00629892 0.78304 108 -0.150435 0.0358806 0.808352 33 -0.0808328 -0.0142481 0.82506 24
 -0.101447 -0.00333259 0.777044 87 -0.0845401 0.00555069 0.818388 47 -0.0852897 0.0193964 0.802297 31
 -0.0987212 0.00873865 0.788398 187 -0.0920657 -0.0376581 0.798255 9 -0.0718993 -0.0193515 0.826627 2
 -0.104278 0.00880083 0.789374 65 -0.0919629 -0.0086431 0.823625 45 -0.0963806 -0.0300327 0.794154 38
 -0.074545 0.0629708 0.751828 191 -0.152861 0.0727541 0.78823 5 -0.00376411 0.00146223 0.801577 3
 -0.0757274 0.0527164 0.761112 174 -0.0113978 -0.00665351 0.807836 19 -0.152698 0.0631858 0.798656 6
 -0.0765234 0.0415317 0.777897 155 -0.153499 0.0407954 0.80126 23 -0.0825572 0.00735029 0.802453 11
 -0.0821272 0.0343487 0.793429 157 -0.0316781 -0.0289179 0.820571 25 -0.14969 0.0320811 0.806301 18
 -0.0792439 0.0222378 0.81399 193 -0.15123 0.0188292 0.803323 7
 -0.0833878 -0.000505235 0.830542 187 -0.152388 -0.00520836 0.823714 9 -0.103357 -0.000126306 0.783336 4
 -0.00727599 -0.00256939 0.807952 196 -0.15628 0.0704067 0.801266 4
 -0.0204619 -0.0167298 0.816434 200
 -0.0354048 -0.0345198 0.826005 200
 -0.0479635 -0.0484621 0.83157 200
 -0.0756029 -0.0693779 0.833438 200
 -0.105264 -0.0829488 0.836267 200
 -0.146132 -0.0908878 0.850362 200
 -0.0948393 -0.0836905 0.831786 27 -0.119606 -0.101873 0.856644 18 -0.104272 -0.0900118 0.843107 3
 -0.118997 -0.0450842 0.830702 74 -0.0989276 -0.0356358 0.800434 63 -0.137504 0.0135545 0.818345 4
 -0.133053 -0.0332875 0.822197 200
 -0.10489 -0.0538564 0.810642 3 -0.0904261 -0.01446 0.806859 3
 -0.135946 -0.106405 0.856418 82 -0.142412 -0.0978415 0.855437 43 -0.135792 -0.000712906 0.81326 2
