 -0.128494 -0.0572694 0.797952 159 -0.127455 0.00622964 0.791046 11 -0.138095 -0.0286399 0.805067 9
 -0.132817 -0.0470125 0.793262 134 -0.14205 -0.0217191 0.77938 38 -0.129288 -0.00376044 0.793742 21
 -0.140088 -0.034947 0.786711 198 -0.149938 -0.0126469 0.802392 1 -0.12305 -0.00934077 0.768655 1
 -0.144382 -0.0265121 0.784914 198 -0.117772 0.0403261 0.765401 1 -0.13189 0.0017378 0.771572 1
 -0.145831 -0.025573 0.793354 199 -0.132261 0.00106299 0.778729 1
 -0.144597 -0.0164908 0.806087 166 -0.151304 -0.039927 0.815902 33 -0.150531 -0.0332924 0.813437 1
 -0.103407 0.0749093 0.735033 71 -0.108176 0.0440583 0.764993 67 -0.115388 -0.0453324 0.801094 16
 -0.110266 0.0299251 0.784727 82 -0.126113 -0.0359374 0.823615 59 -0.10919 0.0419896 0.76616 37
 -0.126808 -0.0143552 0.808944 147 -0.108525 0.0223633 0.79119 28 -0.104693 0.0442662 0.766006 15
 -0.124362 0.00496547 0.802503 190 -0.113212 0.0288718 0.775368 7 -0.094295 -0.0321568 0.819385 2
 -0.121208 -0.0103408 0.813177 110 -0.122653 0.00439746 0.801648 44 -0.121787 -0.00438994 0.809197 34
 -0.124525 -0.0156567 0.818816 132 -0.126206 -0.010472 0.812507 68
 -0.103272 0.0719109 0.739848 200
 -0.0835089 0.0376883 0.756213 94 -0.108214 0.0500536 0.762943 75 -0.108038 -0.0391433 0.830131 31
 -0.112116 0.0423253 0.77196 143 -0.114776 0.0117612 0.800468 44 -0.0816675 0.0343759 0.767194 10
 -0.112219 0.0311303 0.781564 180 -0.0892961 0.00337244 0.80387 19 -0.0638257 -0.0579361 0.817021 1
 -0.109005 0.0110975 0.805905 64 -0.115896 -0.0167105 0.820996 46 -0.110667 0.0171294 0.802495 42
 -0.107406 -0.00415254 0.815697 200
 -0.0723003 0.0540198 0.735191 116 -0.112865 0.070204 0.736102 71 -0.00993791 -0.00858058 0.787294 13
 -0.0755369 0.0431849 0.743284 136 -0.106636 0.0640228 0.747606 39 -0.0190761 -0.0180082 0.792152 25
 -0.080396 0.0313292 0.766778 101 -0.0260611 -0.0266646 0.802025 41 -0.0803556 0.00946518 0.792546 27
 -0.083676 0.0272204 0.785162 194 -0.0342157 -0.0341199 0.811694 4 -0.0475191 -0.0736949 0.835932 2
 -0.0869577 0.0160292 0.800931 200
 -0.0892252 -0.0100726 0.820439 200
 -0.0124436 -0.0159671 0.793947 200
 -0.0272079 -0.0289303 0.805062 200
 -0.0415653 -0.0452802 0.818425 200
 -0.0506359 -0.0554596 0.826254 200
 -0.0769049 -0.0745752 0.830742 198 -0.0853246 0.0172288 0.785312 2
 -0.111036 -0.0855953 0.838901 200
 -0.149935 -0.092228 0.857613 200
 -0.116175 -0.0905495 0.851472 16 -0.131016 -0.115713 0.867362 15 -0.141302 -0.0986453 0.856858 7
 -0.118809 -0.0303763 0.829976 176 -0.140452 -0.0423718 0.800996 14 -0.143362 -0.0525865 0.821957 5
 -0.134388 -0.0371515 0.812349 200
 -0.114961 0.0407258 0.785694 26 -0.13593 -0.0752805 0.830241 17 -0.152776 -0.0834333 0.855914 4
 -0.142531 -0.108552 0.86524 44 -0.118344 -0.112805 0.864834 9 -0.116139 0.0441422 0.768933 5
