 -0.214764 0.0446222 0.744691 115 -0.186539 0.0302702 0.677645 83 -0.139807 0.0539965 0.68049 1
 -0.213967 0.0332321 0.748985 120 -0.185312 0.0190601 0.682646 76 -0.185549 0.0184682 0.711946 3
 -0.206855 0.0164953 0.755021 115 -0.19092 0.0143599 0.704186 76 -0.150224 0.0112255 0.714867 6
 -0.201564 0.0045643 0.758907 142 -0.188617 0.00552878 0.715624 56 -0.0887674 -0.0651277 0.760472 1
 -0.194869 -0.00369353 0.759875 123 -0.185483 -0.00222683 0.722159 49 -0.0913667 -0.065859 0.760086 28
 -0.193454 -0.0145408 0.761092 200
 -0.136587 0.0497099 0.684322 193 -0.216485 0.0270213 0.746926 7
 -0.139854 0.0321518 0.703589 156 -0.184425 0.0157188 0.69549 18 -0.143831 0.0105643 0.729181 10
 -0.17137 -0.00710462 0.727815 62 -0.145935 0.0243235 0.720281 59 -0.153712 0.000904474 0.747078 42
 -0.164128 0.00412294 0.742129 55 -0.156745 -0.000854324 0.748236 51 -0.173344 0.00522872 0.730758 50
 -0.165639 -0.00323481 0.744654 190 -0.120372 -0.0476172 0.769388 5 -0.138552 -0.0201426 0.758308 4
 -0.169694 -0.0233428 0.765203 193 -0.144803 -0.0194818 0.764571 3 -0.170609 -0.00587823 0.753775 3
 -0.138423 0.0473683 0.683143 155 -0.189133 0.0363219 0.67433 21 -0.214496 0.0339798 0.743838 19
 -0.141734 0.0336851 0.694434 100 -0.143555 0.0265142 0.725655 53 -0.188188 0.0231654 0.685262 20
 -0.146246 0.0141039 0.735901 166 -0.145651 0.0175807 0.732981 11 -0.198512 -0.00271958 0.754227 10
 -0.144872 0.0163286 0.735964 181 -0.183427 0.00201752 0.735324 7 -0.11415 -0.00394782 0.742993 7
 -0.146813 0.00349118 0.753528 151 -0.196826 -0.00550033 0.756687 44 -0.144207 -0.0307046 0.771612 5
 -0.144362 -0.0197695 0.765037 200
 -0.100395 0.0308956 0.685581 165 -0.212234 0.0400578 0.743254 33 -0.036476 -0.0436373 0.734453 2
 -0.104269 0.0196473 0.692649 186 -0.212941 0.0327103 0.747472 12 -0.0490756 -0.0484173 0.739864 2
 -0.110121 0.00746694 0.722848 147 -0.126721 0.0249352 0.717738 24 -0.0631353 -0.052132 0.74901 19
 -0.11383 0.00108482 0.736314 156 -0.136261 0.0243932 0.731498 17 -0.0758105 -0.0560882 0.758114 15
 -0.117913 -0.00178558 0.75143 200
 -0.124759 -0.0195776 0.768 148 -0.118681 0.00688442 0.73627 33 -0.177624 0.0103947 0.729146 7
 -0.047635 -0.0419592 0.747063 197 -0.221029 0.0408081 0.749125 3
 -0.0657931 -0.0533075 0.752128 200
 -0.0835922 -0.0646229 0.762755 200
 -0.100982 -0.074051 0.769958 200
 -0.122473 -0.0902417 0.782497 200
 -0.151182 -0.0993044 0.795057 200
 -0.189679 -0.107919 0.818384 194 -0.182878 -0.101083 0.790997 6
 -0.152024 -0.11078 0.827005 60 -0.149852 -0.101723 0.792291 19 -0.193585 -0.0257375 0.773686 6
 -0.15644 -0.0503259 0.781476 145 -0.172657 -0.0154655 0.759984 31 -0.190024 -0.00672105 0.70471 19
 -0.179524 -0.0511656 0.777075 200
 -0.149769 -0.079784 0.792281 20 -0.186918 -0.00585098 0.76038 6
 -0.181025 -0.12452 0.821247 156
