 -0.0959611 0.00405061 0.682679 58 -0.123681 -0.0645678 0.716098 41 -0.101126 0.00372985 0.709537 19
 -0.0658658 -0.0750059 0.767477 48 -0.0788012 0.000500271 0.679572 40 -0.104436 0.0282329 0.700514 17
 -0.0754419 -0.0687083 0.760721 49 -0.106042 0.010574 0.704514 27 -0.109109 0.019982 0.730372 18
 -0.0830013 -0.0733545 0.761108 56 -0.108368 0.0229582 0.701684 25 -0.0575386 -0.01863 0.704885 18
 -0.0887436 -0.0662734 0.759668 41 -0.105086 -0.0637612 0.728865 39 -0.137788 -0.0803183 0.857166 21
 -0.107078 -0.058033 0.729703 29 -0.0626878 0.0063528 0.700469 27 -0.099352 0.0025623 0.700164 24
 -0.124035 -0.105646 0.874521 55 -0.0904847 0.0173951 0.703042 49 -0.082316 0.0103511 0.680321 41
 -0.0863054 0.00224702 0.684497 95 -0.129784 -0.091675 0.873265 56 -0.0993896 0.0130982 0.705386 43
 -0.0893284 0.0178021 0.70284 71 -0.0692823 0.00322858 0.690988 36 -0.0803361 -0.0256929 0.676815 31
 -0.0756946 -0.0655001 0.765202 40 -0.115313 0.0276054 0.743445 32 -0.0593547 0.00967104 0.693394 30
 -0.0750926 -0.0335917 0.682042 39 -0.075452 -0.00274936 0.68313 34 -0.0808915 -0.0507139 0.75661 18
 -0.0986542 -0.0149247 0.78867 62 -0.0662358 0.00481825 0.700623 35 -0.065768 -0.000705644 0.726015 22
 -0.106385 0.0274078 0.694627 52 -0.0806716 0.0325257 0.706399 48 -0.0993717 -0.0615414 0.750744 40
 -0.0894677 0.0190804 0.710025 126 -0.0730105 0.0165802 0.683791 68 -0.0836557 -0.0317723 0.676481 6
 -0.0823398 0.02641 0.71461 149 -0.0857978 0.00555758 0.686257 36 -0.0829809 -0.053178 0.760076 5
 -0.0872377 0.0275445 0.719006 76 -0.0589885 0.00668745 0.713974 53 -0.0873989 0.0200771 0.678279 22
 -0.0753426 -0.0183309 0.686232 97 -0.0875327 0.0231884 0.714917 26 -0.0713013 -0.0586991 0.755658 17
 -0.0983786 -0.00813772 0.681968 43 -0.080434 0.000679604 0.685375 30 -0.0745828 -0.0420418 0.682901 30
 -0.0642234 -0.071945 0.762649 54 -0.0639836 0.0258669 0.691842 36 -0.061761 0.0219168 0.689421 26
 -0.0677637 0.0110269 0.701703 155 -0.0624636 -0.0534091 0.750568 15 -0.101223 0.0303768 0.710679 7
 -0.0633005 0.017572 0.705738 151 -0.06256 -0.000814493 0.700932 26 -0.0645342 -0.00521207 0.738719 17
 -0.0678395 -0.0117164 0.743262 48 -0.0650559 -0.00353941 0.681573 39 -0.0733701 0.0207988 0.719757 37
 -0.0644151 0.00831432 0.69693 72 -0.0672442 0.00588007 0.724777 67 -0.0761722 -0.0143085 0.743103 15
 -0.0621809 -0.0544692 0.766518 66 -0.103792 -0.00643083 0.693565 24 -0.06793 0.00887499 0.706412 21
 -0.113283 0.0497168 0.747603 53 -0.11985 0.0376541 0.744659 49 -0.107993 -0.0668645 0.758194 38
 -0.112654 0.0387249 0.755525 81 -0.0682792 -0.0673189 0.758406 25 -0.0847436 -0.049764 0.678199 20
 -0.0598503 -0.046113 0.751056 54 -0.0693481 -0.0050746 0.735053 47 -0.0639386 -0.0242103 0.695299 26
 -0.0893262 -0.079088 0.760108 61 -0.066243 -0.0224588 0.744913 38 -0.0525155 -0.0183986 0.709567 31
 -0.0663897 -0.0130462 0.751432 102 -0.0657309 -0.0216563 0.703768 67 -0.128975 -0.102981 0.883984 13
 -0.0872962 -0.0155556 0.678545 51 -0.070427 0.00023213 0.727988 24 -0.125083 -0.0727553 0.855531 21
 -0.149509 -0.0726617 0.882402 49 -0.129001 -0.0615089 0.864858 39 -0.0872788 -0.034661 0.679305 24
 -0.140709 -0.0562236 0.880314 28 -0.0777962 -0.0652274 0.771396 26 -0.0679126 -0.0234385 0.701947 5
 -0.0867902 -0.0299208 0.676443 88 -0.126725 -0.0517766 0.862163 66 -0.112155 -0.0243865 0.800116 21
 -0.124798 -0.0250996 0.801472 71 -0.100297 -0.0253033 0.797405 70 -0.128507 -0.0457539 0.871727 28
 -0.134582 -0.0626264 0.875072 68 -0.105498 -0.0209994 0.797747 37 -0.0869544 -0.0343494 0.674865 11
 -0.0765906 0.0182926 0.70742 56 -0.147165 -0.0661746 0.884044 54 -0.1025 0.0376014 0.757657 26
