 -0.193146 0.054105 0.756214 198 -0.185173 0.0148773 0.775665 1 -0.170456 -0.0413256 0.761656 1
 -0.193231 0.0427352 0.760085 200
 -0.193537 0.028645 0.77225 154 -0.17491 0.0137225 0.770048 46
 -0.190702 0.0191368 0.77755 200
 -0.189793 0.00876942 0.779454 200
 -0.190864 -0.012771 0.779164 200
 -0.153516 0.0837925 0.747553 199 -0.170232 0.0148306 0.793235 1
 -0.158012 0.0720952 0.754193 199 -0.168436 0.0211412 0.779477 1
 -0.162883 0.0487434 0.77104 195 -0.151933 0.0633735 0.726263 3 -0.167194 -0.000172893 0.784101 2
 -0.165064 0.0402477 0.776651 174 -0.166942 0.0765741 0.750199 26
 -0.162093 0.0202443 0.784826 200
 -0.164596 -0.000977522 0.785857 196 -0.162279 -0.0359189 0.785306 4
 -0.156815 0.087227 0.746386 136 -0.125951 0.0836544 0.731731 62 -0.114895 0.0446068 0.762349 2
 -0.158905 0.0722118 0.755426 149 -0.125465 0.0653694 0.744068 51
 -0.158643 0.0600703 0.760849 157 -0.136361 0.0479664 0.758885 22 -0.129676 -0.0170389 0.761377 18
 -0.138592 0.0359696 0.766805 112 -0.152826 0.0692115 0.754849 46 -0.15925 0.0472045 0.771078 26
 -0.151275 0.0125285 0.783841 133 -0.163604 0.0465881 0.772782 52 -0.137735 0.038726 0.774904 8
 -0.154396 0.000135055 0.788293 191 -0.122106 -0.0382163 0.781541 9
 -0.122665 0.0817034 0.731006 185 -0.0608973 -0.000123885 0.760675 15
 -0.124185 0.0698936 0.73943 181 -0.065286 -0.0143662 0.75649 19
 -0.130481 0.0562128 0.75035 176 -0.121063 -0.00540892 0.762162 13 -0.0732098 -0.0306704 0.763102 11
 -0.128633 0.0772171 0.738413 65 -0.13338 0.0502091 0.758375 51 -0.134089 0.0461826 0.761927 29
 -0.137961 0.0312484 0.775257 200
 -0.139827 0.00298091 0.787836 192 -0.125531 0.012173 0.710489 8
 -0.0577787 -0.00667991 0.760255 200
 -0.0735096 -0.0208607 0.764578 200
 -0.0854727 -0.0358578 0.772595 200
 -0.0954336 -0.0479171 0.777677 200
 -0.122884 -0.0786065 0.785527 200
 -0.147554 -0.0934134 0.794659 200
 -0.186711 -0.108153 0.81033 200
 -0.151434 -0.111004 0.821013 88 -0.183509 0.0100426 0.794062 2 -0.193392 -0.0198945 0.784162 1
 -0.162337 -0.0340642 0.794339 190 -0.139075 -0.0328367 0.791378 4 -0.140912 0.0360932 0.775411 3
 -0.179227 -0.0431892 0.786781 197 -0.185468 0.0106692 0.789341 3
 -0.141286 -0.0574539 0.793819 23 -0.147494 0.00677611 0.786824 5 -0.168621 -0.0702357 0.781282 4
 -0.166193 -0.119699 0.811243 163 -0.170658 -0.117287 0.811282 32 -0.158292 0.0443392 0.766193 5
