 -0.149368 0.0802898 0.756638 175 -0.158553 0.00135333 0.725946 25
 -0.146361 0.070109 0.761148 191 -0.153737 -0.00474186 0.731748 7 -0.152868 -0.0196153 0.779188 2
 -0.142458 0.0550472 0.77057 160 -0.152935 0.00152283 0.727988 18 -0.157922 0.0317895 0.780121 15
 -0.138817 0.045035 0.777325 138 -0.150659 -0.00446048 0.733734 26 -0.159771 -0.00626198 0.780099 21
 -0.154451 -0.0137038 0.795966 117 -0.137391 0.0340526 0.789031 72 -0.142106 0.00893059 0.792647 6
 -0.151252 -0.027373 0.802957 159 -0.148219 0.0273009 0.790902 38 -0.137912 0.00698872 0.797439 3
 -0.0985285 0.098922 0.766756 153 -0.139717 0.081294 0.755445 24 -0.145661 0.036765 0.776656 10
 -0.103585 0.0852845 0.774302 93 -0.141009 0.0616169 0.768031 73 -0.139608 0.0252658 0.791091 26
 -0.140848 0.0409458 0.783197 141 -0.107975 0.0745157 0.780448 58 -0.0809783 0.0873368 0.774665 1
 -0.139774 0.0273787 0.788854 148 -0.110507 0.064546 0.785801 51 -0.0863472 -0.0276148 0.80645 1
 -0.133441 0.0185299 0.796126 180 -0.141252 -0.0454706 0.811756 12 -0.106477 0.0557461 0.791411 8
 -0.132612 0.000284981 0.80325 200
 -0.101742 0.0976675 0.766183 198 -0.0611824 0.0820098 0.750434 1 -0.141066 0.0852517 0.753568 1
 -0.105589 0.0822922 0.774318 198 -0.143527 0.0704586 0.765596 2
 -0.108104 0.0614127 0.784841 200
 -0.112068 0.0446184 0.790597 200
 -0.109712 0.0173599 0.80135 200
 -0.105536 -0.00542998 0.806109 200
 -0.061586 0.0739911 0.749695 200
 -0.0647425 0.060561 0.757993 200
 -0.0700371 0.0423481 0.77178 200
 -0.0753692 0.0305894 0.782166 200
 -0.0799715 0.013181 0.798222 200
 -0.0831911 -0.0120887 0.810849 195 -0.0770442 -0.0443629 0.811446 4 -0.150524 -0.0450453 0.816412 1
 -0.0120054 -0.024186 0.782558 200
 -0.0298947 -0.0361141 0.796267 200
 -0.0439146 -0.0498248 0.811225 200
 -0.0556464 -0.0613209 0.819626 200
 -0.0792966 -0.0773664 0.825184 200
 -0.111642 -0.084202 0.833126 200
 -0.150527 -0.09027 0.855589 200
 -0.115198 -0.0899497 0.853711 18 -0.148127 -0.0666333 0.823261 6
 -0.115395 -0.0315637 0.819711 108 -0.117939 -0.00177455 0.810691 72 -0.117493 -0.00740226 0.812434 12
 -0.140283 -0.0410048 0.815078 193 -0.143476 -0.0126286 0.801009 7
 -0.113295 -0.0573493 0.829804 19
 -0.142027 -0.104813 0.859477 51 -0.138259 -0.0870026 0.835107 11 -0.140201 -0.0948307 0.846287 8
