 -0.0229075 0.071643 0.678709 119 -0.0880837 0.0426243 0.708267 35 -0.0934626 -0.0697375 0.718765 13
 -0.0353081 0.0675308 0.690223 83 -0.0800063 0.0543887 0.710851 74 -0.0932389 -0.0573189 0.71871 13
 -0.045001 0.0654106 0.700179 114 -0.171362 0.00467528 0.775657 23 0.0176779 -0.0157066 0.668124 16
 -0.0249364 0.0723451 0.686271 73 -0.0574191 0.0589816 0.707264 71 -0.173532 0.0153498 0.777091 23
 -0.0629551 0.0548481 0.709209 95 -0.0287231 0.0678089 0.694324 78 -0.00721255 0.0296282 0.700604 9
 -0.069183 0.0521685 0.70851 179 -0.00918642 0.0385487 0.708946 21
 -0.0086149 -0.0158266 0.658415 70 -0.0754616 0.0291095 0.711364 50 0.00730115 0.0179886 0.669456 21
 -0.0764769 0.0381829 0.714645 98 -0.0467012 0.0331752 0.708275 77 -0.00280985 0.0323195 0.687166 11
 -0.0139263 0.0323633 0.692981 92 -0.0571137 0.0422425 0.707411 83 -0.0883282 0.044442 0.70987 13
 -0.00746765 0.0375894 0.697987 153 -0.0549649 0.0346999 0.704469 9 0.00845552 -0.0025488 0.700635 8
 -0.0343362 0.0304959 0.709192 185 -0.0685868 0.0264631 0.722447 8 -0.0506154 0.00744963 0.70917 2
 -0.0472222 0.0314999 0.715271 176 -0.072823 0.015404 0.716513 19 -0.0493461 0.0646693 0.707515 5
 0.0103225 -0.0224541 0.669199 78 0.0154193 -0.00213625 0.683132 60 0.0143169 -0.0097409 0.677921 20
 -0.0305313 0.0231765 0.713745 55 -0.00861558 -0.0148657 0.662327 48 0.00295678 0.0217731 0.671506 31
 -0.0395524 0.0507557 0.700148 77 -0.0165692 0.0112241 0.705978 63 -0.0143023 0.0126725 0.659106 29
 -0.0410637 0.0614084 0.698357 65 -0.0238127 0.0102988 0.715632 46 -0.0361547 0.022189 0.715164 21
 -0.0163663 0.00688958 0.715898 96 -0.049338 0.0348433 0.713186 78 -0.0411527 0.00579488 0.726858 17
 -0.0459813 0.00869082 0.728802 145 -0.0388457 0.0299409 0.71849 38 -0.0405531 0.0251439 0.720776 9
 0.0111102 -0.0186987 0.667342 182 -0.00934144 0.0593625 0.65614 15 0.00144542 0.0430079 0.687359 2
 0.00449479 -0.0125309 0.674688 143 -0.0156253 0.0530309 0.659755 28 -0.0140876 0.0394743 0.707636 22
 0.0110118 -0.00865635 0.674097 93 -0.0858927 -0.0609232 0.721744 75 -0.00251128 0.0248219 0.672992 13
 -0.0331406 -0.0255957 0.734972 83 -0.091924 -0.0477141 0.729098 69 0.013802 -0.00319846 0.691612 26
 -0.056223 -0.0281574 0.739534 93 -0.0281594 -0.017735 0.728517 56 -0.0143916 0.0350476 0.700159 34
 -0.0533694 -0.0106657 0.739777 159 -0.0238421 0.0123698 0.72497 38 -0.0306471 0.0384454 0.717829 3
 -0.074675 -0.087186 0.69056 172 0.00976241 -0.0233443 0.66352 14 -0.00544066 -0.0324241 0.654321 10
 -0.0789226 -0.0734686 0.699934 192 -0.00880494 0.0545072 0.666233 7 0.0264723 0.0121444 0.692006 1
 -0.0859265 -0.0612648 0.724494 174 -0.0175688 0.0356636 0.701199 16 -0.0540091 -0.0213804 0.730769 9
 -0.0829386 -0.0468422 0.738938 190 -0.0114853 0.0186236 0.709933 10
 -0.111321 -0.0269669 0.743218 115 -0.0310895 -0.0191377 0.72225 85
 -0.126405 0.00251333 0.758216 200
 -0.140125 0.0373352 0.774554 200
 -0.133877 -0.000588411 0.778394 109 -0.172645 0.0127971 0.78454 52 -0.113163 -0.010073 0.742527 20
 -0.0640058 0.0218033 0.731739 91 -0.0763899 0.0162565 0.737884 55 -0.0689673 0.0197908 0.73383 43
 -0.0814338 0.0401517 0.723867 75 -0.0848304 0.0382516 0.725366 55 -0.0785665 -0.0131626 0.737698 40
 -0.0837019 -0.00205752 0.746953 16 -0.0418677 0.0516107 0.698406 2 -0.124833 0.0267028 0.74723 1
 -0.147746 0.0458368 0.788405 62 -0.180807 0.0335064 0.786808 22 -0.0607187 0.0586011 0.701561 8
