 -0.198264 0.0328786 0.725364 200
 -0.195648 0.0224241 0.72865 200
 -0.193394 0.00696761 0.73846 200
 -0.18976 -0.0030875 0.744007 200
 -0.18537 -0.0134564 0.749689 200
 -0.182304 -0.0317989 0.753344 200
 -0.145325 0.0591672 0.707899 200
 -0.150275 0.0459423 0.719601 200
 -0.155283 0.0294632 0.734622 200
 -0.157608 0.018235 0.740866 200
 -0.154361 0.00253712 0.752883 199 -0.107316 -0.0523033 0.772848 1
 -0.154928 -0.017626 0.759408 200
 -0.105945 0.0613129 0.697127 81 -0.146233 0.0613588 0.707986 69 -0.0676821 -0.000800274 0.690097 33
 -0.112117 0.0461294 0.712833 190 -0.144494 0.0593989 0.713948 10
 -0.12032 0.0308173 0.731849 200
 -0.125703 0.0181119 0.743118 197 -0.16059 0.0292366 0.738139 3
 -0.128905 -0.0011616 0.757861 194 -0.153656 0.0250612 0.746693 4 -0.108046 -0.0470489 0.775481 1
 -0.129057 -0.0264393 0.770626 198 -0.141444 0.00421932 0.757814 2
 -0.102632 0.0623893 0.6979 200
 -0.10723 0.0500398 0.703625 192 -0.0825064 -0.0287254 0.729384 7 -0.0724203 -0.0107446 0.693236 1
 -0.112893 0.0438916 0.714228 83 -0.0853502 -0.0129568 0.720397 34 -0.117527 0.0269246 0.736125 27
 -0.0891691 -0.00359054 0.732108 47 -0.119073 0.039211 0.726251 37 -0.124524 0.0101191 0.747668 36
 -0.101237 -0.0171049 0.759448 127 -0.125546 0.0273062 0.746862 52 -0.116873 0.0418355 0.722387 10
 -0.124766 -0.0196534 0.769384 118 -0.104283 -0.0414935 0.785601 50 -0.13305 0.00803726 0.760091 10
 -0.0649897 -0.043831 0.71674 141 -0.102626 0.0562815 0.702807 42 -0.0659074 -0.00158081 0.692657 13
 -0.0755076 -0.0517695 0.727816 198 -0.0858716 -0.0141093 0.732359 2
 -0.0839965 -0.0622839 0.748168 187 -0.0727635 -0.0513404 0.723378 6 -0.102087 -0.0317578 0.778037 4
 -0.0920274 -0.0686772 0.762459 200
 -0.113416 -0.089403 0.779443 198 -0.122798 -0.102097 0.823181 2
 -0.141424 -0.102289 0.794025 200
 -0.183368 -0.111384 0.815373 200
 -0.142543 -0.116602 0.810304 24 -0.159073 -0.13381 0.825373 1
 -0.148571 -0.0514276 0.773241 123 -0.162391 -0.0260392 0.743605 4
 -0.16763 -0.0522952 0.76843 200
 -0.119543 -0.0372616 0.764319 26 -0.151801 -0.0743883 0.786645 2 -0.187353 -0.0912377 0.80569 1
 -0.155046 -0.12387 0.813792 87 -0.110605 0.0164861 0.73072 1
