 -0.191281 0.0536515 0.749159 200
 -0.189889 0.0414352 0.752039 200
 -0.187247 0.0239193 0.758376 200
 -0.185876 0.012041 0.762528 200
 -0.18308 0.00166967 0.764997 200
 -0.182741 -0.0197527 0.763731 200
 -0.151127 0.0814865 0.749966 200
 -0.154708 0.0643486 0.757028 200
 -0.156433 0.0457634 0.765071 200
 -0.157552 0.0339568 0.768535 200
 -0.154697 0.0157919 0.774514 200
 -0.156537 -0.00361368 0.774146 191 -0.108091 -0.0148376 0.774341 9
 -0.122426 0.0918252 0.754705 200
 -0.125438 0.0760204 0.762255 200
 -0.130285 0.0570132 0.770884 200
 -0.132196 0.0422349 0.774933 198 -0.150389 0.0641221 0.754333 2
 -0.132211 0.0183235 0.780407 200
 -0.131107 0.00737492 0.782316 200
 -0.0867845 0.0744707 0.76171 200
 -0.0914353 0.0627038 0.765395 199 -0.122962 0.0833355 0.760328 1
 -0.0968463 0.0474843 0.769236 199 -0.0768092 -0.0280065 0.754521 1
 -0.101526 0.033673 0.77577 200
 -0.1021 0.0224496 0.780955 110 -0.101823 0.015811 0.781754 89 -0.171852 0.043355 0.760361 1
 -0.115051 -0.0155044 0.781207 200
 -0.0709408 -0.00854079 0.751022 179 -0.0873708 0.0650799 0.766648 12 -0.123634 0.0961163 0.755 8
 -0.0742192 -0.014889 0.75657 173 -0.0887445 0.00533486 0.741986 27
 -0.0827568 -0.039288 0.769819 200
 -0.0950105 -0.0676669 0.777284 179 -0.0812536 -0.0262764 0.766428 21
 -0.111786 -0.0906409 0.78094 200
 -0.142741 -0.102368 0.782114 200
 -0.182596 -0.112828 0.798924 200
 -0.145443 -0.114681 0.802781 138 -0.161111 -0.143432 0.809915 1 -0.103677 0.0286073 0.78014 1
 -0.144685 -0.040183 0.779883 188 -0.159594 -0.00122578 0.778615 12
 -0.170868 -0.0497232 0.772449 200
 -0.135993 -0.0731267 0.782186 26 -0.172704 -0.0213859 0.771543 3 -0.138432 0.0653687 0.76474 1
 -0.165412 -0.126167 0.799053 142 -0.177508 -0.120915 0.801583 58
