 -0.118893 -0.0596958 0.718618 67 -0.0866016 -0.00324204 0.683007 33 -0.102029 -0.0839425 0.739372 31
 -0.0641878 -0.0717032 0.769967 45 -0.0799568 -0.00942439 0.684222 25 -0.110192 -0.073278 0.73039 23
 -0.0704087 -0.0726 0.765433 46 -0.102405 0.00941418 0.709385 43 -0.0595253 -0.0406225 0.685706 40
 -0.0841152 -0.0706531 0.760801 46 -0.0683816 -0.0357551 0.685302 32 -0.0972731 -0.0711593 0.720307 31
 -0.0993687 0.00557524 0.708521 50 -0.104344 -0.0643203 0.723189 38 -0.0776863 -0.0331446 0.689211 30
 -0.0671611 0.0109637 0.701006 44 -0.097275 -0.00421897 0.70862 32 -0.122583 -0.063516 0.732026 25
 -0.12403 -0.104489 0.875194 84 -0.0913652 0.016804 0.708342 58 -0.0785332 0.00810527 0.686537 34
 -0.0825906 -0.0040778 0.690384 62 -0.128801 -0.0880584 0.870573 52 -0.0958463 0.0169658 0.707587 46
 -0.0934248 0.0113366 0.709801 81 -0.0667789 -0.031265 0.686226 33 -0.0965581 0.00912819 0.712041 28
 -0.0754535 -0.0609416 0.757727 42 -0.0949313 -0.0606928 0.740998 24 -0.0740342 -0.045891 0.684545 22
 -0.0715762 -0.0334599 0.687001 67 -0.0655112 -0.00559152 0.6966 52 -0.0924796 -0.00515773 0.685414 25
 -0.1033 -0.0234157 0.801445 86 -0.0628633 -0.00214106 0.705198 46 -0.0903953 -0.0348367 0.68935 22
 -0.084695 0.0311312 0.709542 53 -0.053281 0.00634497 0.70889 37 -0.0943359 -0.0468057 0.672659 31
 -0.0838082 0.0184799 0.713202 79 -0.0764467 0.0109007 0.687938 78 -0.0812738 -0.0289438 0.683165 23
 -0.0804948 0.0237647 0.71906 105 -0.0937045 0.0285295 0.757218 50 -0.0813334 0.000634934 0.692115 37
 -0.0989283 0.033182 0.769278 71 -0.058192 0.0103578 0.715767 42 -0.0858436 0.0252246 0.720908 41
 -0.0880483 0.016318 0.712725 56 -0.0726972 -0.024361 0.695461 45 -0.0939338 0.0264649 0.764964 34
 -0.0804487 -0.0481225 0.686505 39 -0.0731914 0.0175622 0.723277 33 -0.0781011 0.0223316 0.719839 21
 -0.0551245 0.0198029 0.695969 72 -0.0638836 0.0387783 0.731457 32 -0.0895081 0.0312966 0.704274 28
 -0.0631262 0.00723892 0.704672 134 -0.0753337 0.0145406 0.727994 56 -0.0912277 0.0278168 0.708463 3
 -0.0645405 0.0127912 0.703938 81 -0.072933 0.0225371 0.733142 46 -0.0982492 0.000671562 0.704074 21
 -0.0553807 0.00108324 0.706491 69 -0.0690152 0.0297096 0.742518 39 -0.0904936 -0.0849267 0.76285 22
 -0.073796 0.0193274 0.729963 50 -0.0644975 0.00958411 0.700183 49 -0.0592971 -0.0176473 0.740333 39
 -0.0653449 -0.0526691 0.759937 40 -0.0680854 -0.0135983 0.697533 31 -0.064367 -0.0107607 0.749949 20
 -0.0503002 0.0113698 0.712089 57 -0.12081 0.0343553 0.739589 45 -0.102122 -0.0554945 0.677242 24
 -0.0933773 -0.0507653 0.679655 78 -0.107646 0.0413567 0.75992 26 -0.0515925 -0.0243656 0.71128 19
 -0.0633059 -0.0194399 0.702119 49 -0.0762682 0.0175414 0.700588 23 -0.0656867 -0.013446 0.740724 21
 -0.0894877 -0.0747463 0.756686 70 -0.0516959 -0.0179443 0.709951 37 -0.0602978 -0.0246885 0.750407 20
 -0.0659526 -0.012901 0.708086 102 -0.0656903 -0.0147876 0.751452 68 -0.122123 -0.0991002 0.882061 15
 -0.071276 -0.0317416 0.696253 16 -0.0698276 -0.000245227 0.728684 11 -0.145989 -0.0745886 0.881201 8
 -0.142182 -0.0641604 0.881467 64 -0.107013 -0.0306514 0.805354 35 -0.0864808 -0.0337902 0.682173 35
 -0.0805189 -0.0625065 0.76774 15 -0.126332 -0.0558734 0.868145 15 -0.0684766 -0.0357398 0.702612 6
 -0.102891 -0.0314124 0.807156 45 -0.0914679 -0.0309188 0.682401 36 -0.130694 -0.049382 0.870254 11
 -0.123889 -0.0450284 0.866825 52 -0.11207 -0.0548255 0.721622 19 -0.107771 -0.0229496 0.691133 19
 -0.129679 -0.0371634 0.88623 37 -0.105154 -0.0259636 0.803778 21 -0.111196 -0.0307133 0.813258 7
 -0.147437 -0.0599989 0.894154 77 -0.0974542 0.033716 0.758906 35 -0.0756535 0.0162849 0.708748 26
