 -0.152204 -0.0224131 0.638705 125 -0.112834 0.0553362 0.661818 24 -0.0640056 0.0448025 0.690254 21
 -0.152821 -0.0261568 0.643406 166 -0.119798 0.0404059 0.644747 15 -0.155041 -0.0142963 0.677597 13
 -0.155596 -0.0399393 0.664017 132 -0.147202 -0.0198811 0.644774 22 -0.130807 -0.0534729 0.69948 18
 -0.153946 -0.0457312 0.671894 181 -0.129811 0.0171489 0.652319 14 -0.132858 0.0186217 0.69016 5
 -0.151773 -0.0511932 0.678308 175 -0.162152 -0.0261889 0.691856 12 -0.14448 -0.00330393 0.678609 11
 -0.147373 -0.0605394 0.688461 179 -0.148817 -0.0214213 0.676047 16 -0.146672 -0.0342563 0.675814 3
 -0.136659 0.025946 0.647099 163 -0.111891 0.0479512 0.665247 22 -0.128469 -0.0518865 0.700046 5
 -0.139506 0.0147045 0.658773 167 -0.136968 0.0147629 0.700787 8 -0.117745 0.0361615 0.668931 7
 -0.146156 -0.00615588 0.676756 160 -0.136837 -0.000210744 0.708355 15 -0.0928879 -0.0528789 0.749848 8
 -0.144756 -0.0129461 0.685297 149 -0.141659 -0.0445595 0.695867 16 -0.114878 -0.0158107 0.727657 9
 -0.143043 -0.0239649 0.699217 171 -0.145024 0.0121663 0.667435 12 -0.133237 0.0221098 0.691442 7
 -0.140381 -0.0372066 0.708407 185 -0.140896 -0.00377904 0.684791 9 -0.132452 0.0276614 0.694149 5
 -0.113433 0.0536975 0.662806 195 -0.130182 0.0301404 0.686866 5
 -0.122466 0.0379855 0.679062 169 -0.082223 0.0313969 0.709804 19 -0.121142 0.0410754 0.643024 7
 -0.130715 0.0157208 0.69825 169 -0.127734 0.0259702 0.653803 11 -0.141452 -0.0079167 0.684988 8
 -0.132938 0.0151134 0.700934 71 -0.133566 0.00082265 0.706528 65 -0.133142 0.00850962 0.703597 36
 -0.129725 -0.00461805 0.71993 127 -0.129629 -0.0105132 0.719679 57 -0.120215 -0.0331416 0.746973 7
 -0.125183 -0.0222662 0.72988 200
 -0.0702101 0.0448273 0.693268 200
 -0.0783268 0.0347348 0.701769 200
 -0.0897041 0.0213681 0.713844 199 -0.048472 -0.0548949 0.734255 1
 -0.0982004 0.0136717 0.723102 197 -0.0720752 -0.0575899 0.756253 3
 -0.103845 -0.000742087 0.735617 200
 -0.113446 -0.0273763 0.751782 200
 -0.0317442 -0.0515216 0.729967 198 -0.069758 0.0370663 0.704289 2
 -0.0503236 -0.0582122 0.740888 200
 -0.0650091 -0.0665932 0.754908 200
 -0.0783394 -0.0733333 0.763153 199 -0.0849622 0.00426358 0.739227 1
 -0.102668 -0.0925746 0.766846 199 -0.120621 -0.114138 0.791814 1
 -0.123762 -0.104255 0.763031 200
 -0.159738 -0.122671 0.770461 200
 -0.156106 -0.16067 0.803593 13 -0.150766 -0.125212 0.770023 9 -0.132856 -0.127081 0.7947 8
 -0.13976 -0.0486962 0.717356 121 -0.145917 -0.00380714 0.709435 3 -0.118843 -0.0628831 0.75421 2
 -0.141614 -0.0619998 0.705139 156 -0.13879 -0.0798201 0.724741 29 -0.14885 -0.0146737 0.709132 4
 -0.144547 -0.0973901 0.725293 20 -0.16478 -0.1211 0.765276 9 -0.161368 -0.0939698 0.760945 1
 -0.16037 -0.127652 0.771695 51 -0.151226 -0.123285 0.720798 6
