 -0.18566 -0.0394634 0.655492 185 -0.118841 -0.0120356 0.569329 15
 -0.181902 -0.0493723 0.661716 165 -0.119223 -0.0248472 0.57567 33 -0.0771471 0.000330297 0.555976 2
 -0.170772 -0.0590101 0.668644 145 -0.11718 -0.0381407 0.584607 29 -0.115228 -0.0671162 0.614915 15
 -0.160177 -0.0670818 0.674401 162 -0.0239685 -0.0617924 0.628068 33 -0.122631 -0.036173 0.588615 5
 -0.150425 -0.07471 0.678594 137 -0.0340271 -0.0708416 0.639036 50 -0.116484 -0.0453329 0.593179 8
 -0.15435 -0.0725812 0.680098 45 -0.111003 -0.0834243 0.643543 37 -0.0879528 -0.16159 0.712139 29
 -0.0682148 -0.000466263 0.553671 94 -0.109854 -0.00432111 0.55589 77 -0.0248715 -0.0134246 0.571587 14
 -0.114489 -0.0226958 0.571713 144 -0.074678 -0.0166987 0.566603 34 -0.0365079 -0.0220375 0.577544 14
 -0.0423075 -0.0366909 0.591041 97 -0.0830085 -0.0212623 0.570047 49 -0.115399 -0.0416502 0.59071 23
 -0.0458271 -0.0492068 0.598757 112 -0.0848996 -0.0340952 0.576636 62 -0.110918 -0.0402222 0.589885 17
 -0.0773343 -0.0429908 0.583629 107 -0.0703315 -0.0696226 0.623616 23 -0.049296 -0.047719 0.60154 19
 -0.0800601 -0.0538861 0.588003 69 -0.0562456 -0.0352078 0.597849 41 -0.0853796 -0.0571421 0.617634 34
 -0.0738159 0.00615494 0.552708 184 -0.0294335 0.000104541 0.566681 16
 -0.0776835 -0.00933953 0.562477 142 -0.0397187 -0.0213279 0.580959 58
 -0.0430873 -0.0249089 0.588787 108 -0.0804696 -0.0296073 0.572861 67 -0.0708839 -0.186746 0.732797 8
 -0.0500291 -0.0353255 0.593052 131 -0.0789832 -0.0313627 0.576172 27 -0.0221002 -0.0649421 0.633818 13
 -0.0466808 -0.0432562 0.595985 67 -0.0484119 -0.0481567 0.597448 62 -0.0804308 -0.0506175 0.590782 31
 -0.0796377 -0.0725329 0.623163 91 -0.102969 -0.0659724 0.628649 26 -0.0587647 -0.0760605 0.628345 16
 -0.00010489 -0.0167505 0.611129 200
 -0.00428693 -0.0292298 0.616695 200
 -0.0110663 -0.0464106 0.624964 192 -0.0397484 -0.0477182 0.598586 8
 -0.0189315 -0.0599283 0.631774 128 -0.112541 -0.0538175 0.59093 30 -0.0446434 -0.058594 0.606122 14
 -0.109157 -0.0657383 0.613648 111 -0.0316793 -0.0695594 0.640309 45 -0.051694 -0.128682 0.710896 17
 -0.0797515 -0.0653373 0.619287 145 -0.101784 -0.0652087 0.629796 23 -0.0434158 -0.0297622 0.579435 19
 -0.19125 -0.0432964 0.657436 122 0.00131626 -0.0235628 0.614249 73 -0.0292447 -0.00228256 0.568905 5
 -0.010233 -0.0414597 0.622666 120 -0.177928 -0.0532066 0.663542 60 -0.0919937 -0.0768901 0.606258 8
 -0.155842 -0.0704541 0.676941 169 -0.0202917 -0.0652344 0.631959 19 -0.0446068 -0.0741895 0.641691 4
 -0.141931 -0.0801888 0.688841 185 -0.11899 -0.0656674 0.616121 5 -0.0893212 -0.04182 0.571026 4
 -0.137907 -0.0921956 0.69062 64 -0.059351 -0.103091 0.666182 36 -0.0373986 -0.0787227 0.648176 36
 -0.0586103 -0.12225 0.693577 111 -0.0644398 -0.109614 0.662912 51 -0.0393429 -0.0936412 0.65974 32
 -0.0865514 -0.144573 0.709783 149 -0.0639439 -0.151263 0.7166 43 -0.0685426 -0.150073 0.71443 4
 -0.0559146 -0.141323 0.721537 49 -0.0934565 -0.142441 0.714624 47 -0.0967757 -0.135053 0.713174 41
 -0.0772955 -0.0977733 0.657224 165 -0.0784504 -0.0868087 0.643509 33 -0.102675 -0.0560427 0.61431 2
 -0.0895959 -0.0803817 0.619309 53 -0.0828961 -0.101721 0.656176 43 -0.162995 -0.0810118 0.684975 18
 -0.0718001 -0.101863 0.66253 108 -0.074426 -0.08873 0.64588 67 -0.0729953 -0.0959248 0.654661 11
 -0.0798828 -0.149155 0.713228 121 -0.0948448 -0.0325032 0.585387 5 -0.155182 -0.0378131 0.668066 4
