 -0.192232 0.0323978 0.675892 105 -0.216777 0.0378195 0.737392 70 -0.146172 0.0656278 0.68433 16
 -0.190466 0.0211007 0.680361 119 -0.214541 0.0254489 0.742564 59 -0.145723 0.0560015 0.688797 13
 -0.209049 0.0102919 0.751123 105 -0.190974 0.00837027 0.701974 52 -0.190764 0.0103877 0.695379 42
 -0.204823 0.00218267 0.754255 172 -0.184846 0.00253595 0.713954 27 -0.0772435 -0.0673973 0.756566 1
 -0.195138 -0.00719306 0.754228 177 -0.0912501 -0.0647827 0.758719 14 -0.183197 -0.00293962 0.719935 9
 -0.194903 -0.0150134 0.758377 200
 -0.141894 0.0546237 0.689681 176 -0.148518 -0.05003 0.775167 18 -0.13808 0.0160529 0.741267 4
 -0.145409 0.0349441 0.71711 103 -0.145629 0.04291 0.704503 68 -0.107424 0.0110822 0.721497 7
 -0.153518 0.00798476 0.747912 79 -0.177905 -0.00790132 0.73452 36 -0.150948 0.0238735 0.732824 36
 -0.155083 -0.00423093 0.750967 101 -0.177466 -0.000438079 0.732949 33 -0.177174 0.00194945 0.72445 32
 -0.163871 -0.0137643 0.754589 105 -0.165776 -0.00590073 0.748978 95
 -0.171072 -0.020423 0.762434 145 -0.171803 -0.00267814 0.751727 55
 -0.141176 0.0567785 0.689442 185 -0.22025 0.0281623 0.738682 11 -0.140356 0.0290337 0.726277 4
 -0.144771 0.0419153 0.701356 155 -0.194812 0.0212604 0.683109 38 -0.105897 0.00766727 0.726769 5
 -0.148587 0.0262188 0.729952 66 -0.149242 0.0136319 0.74136 60 -0.149286 0.0211997 0.734586 26
 -0.149827 0.0180965 0.738873 177 -0.116176 -0.00533231 0.746697 21 -0.174713 -0.00949464 0.739083 2
 -0.147567 0.00763296 0.753973 159 -0.177638 -0.0160973 0.754311 21 -0.179335 -3.05823e-05 0.741914 11
 -0.146505 -0.0182516 0.764955 200
 -0.101314 0.0312882 0.688796 183 -0.218519 0.0394464 0.732561 12 -0.151346 -0.00191018 0.745551 2
 -0.106125 0.0199424 0.696243 191 -0.21805 0.0315649 0.737186 6 -0.200781 0.0279041 0.679525 2
 -0.111538 0.00903807 0.722599 120 -0.14774 0.0353505 0.709779 46 -0.064379 -0.0542169 0.7487 25
 -0.115617 0.00360678 0.73695 174 -0.0767316 -0.0574219 0.75714 25 -0.141502 0.0232377 0.737686 1
 -0.119123 -0.00262613 0.752863 194 -0.158534 0.00877934 0.75304 6
 -0.124802 -0.0196102 0.766169 164 -0.167796 -0.0219914 0.767803 26 -0.178996 0.0035623 0.730444 8
 -0.0462529 -0.042166 0.745602 178 -0.225638 0.0387686 0.741125 22
 -0.0655036 -0.0528166 0.751599 200
 -0.0836169 -0.0643607 0.762222 200
 -0.101645 -0.0748808 0.7696 200
 -0.12124 -0.0895165 0.781837 200
 -0.150779 -0.0996317 0.796361 200
 -0.188851 -0.108434 0.818136 197 -0.182733 -0.100407 0.790111 3
 -0.151867 -0.10923 0.827949 121 -0.125609 -0.0997188 0.788995 2 -0.193165 -0.105189 0.821174 1
 -0.156629 -0.0504395 0.780373 103 -0.19087 -0.0120518 0.706808 43 -0.166338 -0.012875 0.761486 38
 -0.18149 -0.0533581 0.775706 200
 -0.178794 -0.021007 0.759047 14 -0.140533 -0.0667342 0.785472 12
 -0.163942 -0.118021 0.816177 49 -0.17835 -0.138496 0.82687 34 -0.168685 -0.117123 0.815927 31
