 -0.152826 -0.123135 0.54792 115 -0.1844 0.0122767 0.666799 28 -0.172495 -0.0501291 0.560028 23
 -0.152401 -0.121874 0.552739 63 -0.168161 -0.0593315 0.566801 63 -0.181688 0.00238112 0.672932 49
 -0.179988 -0.0127565 0.684734 63 -0.150237 -0.114659 0.559196 33 -0.154531 -0.117924 0.614725 27
 -0.15709 -0.0712204 0.641458 78 -0.151983 -0.110371 0.625638 36 -0.179888 -0.0225309 0.693934 35
 -0.15459 -0.0829058 0.63432 68 -0.16132 -0.0840918 0.614822 51 -0.176134 -0.0319374 0.700704 28
 -0.152434 -0.108072 0.630905 117 -0.160741 -0.0664037 0.637905 75 -0.176185 -0.0371791 0.699239 4
 -0.162648 -0.205347 0.802854 24 -0.161785 -0.208328 0.805926 23 -0.109307 -0.152299 0.588299 21
 -0.159536 -0.190771 0.789387 66 -0.111276 -0.138994 0.594515 27 -0.158174 -0.0561309 0.641656 26
 -0.163291 -0.172701 0.785225 79 -0.154378 -0.0710738 0.639831 67 -0.134496 -0.115739 0.651055 31
 -0.155108 -0.060057 0.644064 83 -0.132551 -0.0943426 0.650804 25 -0.173783 -0.168989 0.779954 25
 -0.135728 -0.107292 0.654464 89 -0.140023 -0.085882 0.662396 43 -0.17587 -0.172303 0.772134 23
 -0.142879 -0.0977317 0.668487 47 -0.145617 -0.0940811 0.638499 35 -0.144143 -0.125189 0.650728 29
 -0.103916 -0.153746 0.592517 102 -0.147805 -0.0337015 0.694822 35 -0.174041 0.00785799 0.674798 19
 -0.110434 -0.143927 0.602709 63 -0.151683 -0.0473249 0.69951 39 -0.131737 -0.131873 0.651612 17
 -0.180879 -0.0484623 0.695306 34 -0.134998 -0.0948821 0.661258 28 -0.140907 -0.118399 0.647108 23
 -0.133558 -0.0934377 0.664083 50 -0.166539 -0.0545564 0.644919 30 -0.129284 -0.0988067 0.704366 26
 -0.141471 -0.0796541 0.657294 130 -0.154486 -0.0687425 0.681385 24 -0.138911 -0.112321 0.654727 15
 -0.171375 -0.0332167 0.70019 56 -0.1426 -0.0878188 0.709201 42 -0.150582 -0.0823117 0.668703 25
 -0.189063 0.0130188 0.662411 196 -0.126539 -0.209496 0.800095 4
 -0.184719 0.0023347 0.671486 200
 -0.177678 -0.0104608 0.68434 163 -0.121026 -0.135948 0.659328 15 -0.122673 -0.0996496 0.7144 8
 -0.172738 -0.0218048 0.694912 155 -0.125994 -0.12366 0.665781 21 -0.139546 -0.0969555 0.707777 15
 -0.159455 -0.0416864 0.702945 195 -0.13015 -0.0905751 0.720455 5
 -0.16379 -0.0279066 0.703511 45 -0.138467 -0.0922739 0.716872 37 -0.129387 -0.126894 0.663628 17
 -0.183242 0.00960917 0.671729 149 -0.144226 -0.212081 0.798511 42 -0.109381 -0.152921 0.58632 8
 -0.179199 -0.00631539 0.680383 151 -0.157236 -0.191989 0.798416 25 -0.106745 -0.119384 0.711448 8
 -0.169749 -0.0270992 0.702415 141 -0.153684 -0.0481994 0.720448 26 -0.153405 -0.193853 0.798072 14
 -0.143952 -0.0673289 0.71962 110 -0.137328 -0.114142 0.620901 20 -0.166213 -0.0298226 0.710445 16
 -0.126288 -0.107593 0.685093 15 -0.141327 -0.0646161 0.721965 13 -0.137822 -0.0991843 0.63639 7
 -0.136973 -0.0870325 0.726518 53 -0.132478 -0.102816 0.693322 30 -0.138189 -0.112267 0.646911 21
 -0.146481 -0.0604276 0.65093 70 -0.130942 -0.112567 0.653035 41 -0.15692 -0.156536 0.775083 37
 -0.157056 -0.16731 0.774977 12 -0.149579 -0.0732767 0.717054 8 -0.171676 -0.175163 0.802168 3
 -0.13643 -0.104979 0.657012 43 -0.141435 -0.0921013 0.716256 35 -0.143496 -0.104342 0.649277 26
 -0.134395 -0.119673 0.672274 45 -0.140839 -0.0974799 0.649892 37 -0.138887 -0.096902 0.708571 36

 -0.151063 -0.176496 0.787056 2 -0.139796 -0.110295 0.645337 2 -0.144318 -0.0969323 0.62446 1
