 -0.194613 0.0570175 0.751992 200
 -0.19302 0.0445868 0.755782 200
 -0.190729 0.0276205 0.764722 200
 -0.189257 0.01613 0.769386 200
 -0.18669 0.00616089 0.771568 200
 -0.18618 -0.0141134 0.768558 200
 -0.153999 0.0853011 0.755127 200
 -0.157532 0.0703898 0.762425 200
 -0.158917 0.0517602 0.770613 200
 -0.159964 0.0399482 0.773596 200
 -0.157491 0.021502 0.780859 200
 -0.158889 0.00268994 0.779668 183 -0.153146 0.032654 0.78895 17
 -0.121744 0.0960415 0.755884 190 -0.153093 0.0850941 0.757485 8 -0.193374 0.0564942 0.75418 2
 -0.123651 0.0807452 0.762877 184 -0.111373 0.0331687 0.742447 9 -0.156755 0.0720166 0.761298 4
 -0.13083 0.0621409 0.771063 196 -0.104311 -0.0183877 0.776378 2 -0.145271 0.0114011 0.783452 1
 -0.135615 0.0481454 0.774932 183 -0.096814 0.0221055 0.749232 12 -0.115878 -0.0191989 0.784617 2
 -0.135932 0.0180085 0.780249 198 -0.150582 0.0241778 0.780688 1 -0.102006 0.0122217 0.765297 1
 -0.135519 -0.00377422 0.778803 198 -0.141642 0.0455147 0.773754 1 -0.157449 0.0443163 0.788547 1
 -0.119805 0.0974943 0.755494 200
 -0.122246 0.0868679 0.760672 200
 -0.125657 0.0708671 0.766341 145 -0.10677 0.0329483 0.734783 27 -0.0816118 -0.0112722 0.760857 24
 -0.12799 0.0635727 0.771971 126 -0.0827593 0.00437267 0.755069 56 -0.0842182 -0.0352193 0.772629 11
 -0.122029 0.0379165 0.781037 179 -0.0944029 0.00101337 0.767843 10 -0.116374 0.0418386 0.716674 6
 -0.12072 -0.0203357 0.783857 179 -0.129054 0.0373652 0.788929 12 -0.11721 0.00745702 0.770492 9
 -0.0726664 0.00104738 0.75642 128 -0.10038 0.0448206 0.717039 43 -0.121276 0.0969643 0.760496 27
 -0.0765037 -0.0108228 0.760644 93 -0.0787354 -0.00699295 0.758759 57 -0.103926 0.0281082 0.742539 20
 -0.0837648 -0.0276306 0.771797 197 -0.0967784 0.00661636 0.760185 3
 -0.0952457 -0.0594233 0.779897 100 -0.0971111 -0.0631272 0.779789 87 -0.0848058 -0.0178359 0.76979 13
 -0.117384 -0.0865501 0.782273 200
 -0.145341 -0.0981481 0.78532 200
 -0.182669 -0.108447 0.800595 200
 -0.150134 -0.113387 0.809376 162 -0.0930123 -0.0492359 0.769566 14
 -0.150394 -0.0372277 0.781007 164 -0.162772 -0.000583072 0.782487 31 -0.120993 -0.021227 0.783876 4
 -0.172765 -0.0447207 0.776264 200
 -0.137743 -0.0678222 0.78429 30 -0.170128 -0.0964415 0.78713 4
 -0.171486 -0.108305 0.797717 200
