 -0.194283 0.0565587 0.752072 200
 -0.192153 0.0438419 0.754756 200
 -0.189637 0.0278138 0.762705 200
 -0.187454 0.016134 0.767231 200
 -0.185226 0.00493014 0.769466 200
 -0.184525 -0.0145576 0.768259 200
 -0.152405 0.0837116 0.754074 200
 -0.156703 0.0678415 0.761993 200
 -0.159039 0.0480315 0.770877 200
 -0.160587 0.0359486 0.773664 200
 -0.157667 0.0192267 0.778366 200
 -0.158244 -4.80911e-05 0.777492 199 -0.104877 -0.0272268 0.784248 1
 -0.121611 0.0921708 0.759669 195 -0.189824 0.061269 0.759221 5
 -0.126404 0.0758426 0.767277 200
 -0.131056 0.0597478 0.774279 200
 -0.134016 0.046408 0.777678 197 -0.122047 0.0880685 0.762532 3
 -0.133943 0.0200363 0.782623 180 -0.127256 0.0580719 0.779316 12 -0.156566 0.00578086 0.775026 5
 -0.132553 0.00465152 0.781198 200
 -0.0893738 0.0604563 0.728773 128 -0.119212 0.0959577 0.758189 47 -0.116005 0.0734751 0.762253 16
 -0.0929737 0.0520362 0.736432 143 -0.121281 0.0845467 0.769589 44 -0.0778059 -0.0114463 0.754037 9
 -0.0973318 0.0387647 0.748186 133 -0.118402 0.0753422 0.771442 21 -0.139734 0.0802021 0.75851 18
 -0.122602 0.0913016 0.763717 77 -0.101876 0.03008 0.762306 53 -0.0803971 0.00362068 0.753974 22
 -0.10367 0.00791811 0.77589 82 -0.105311 0.0220456 0.768553 54 -0.102604 0.0412521 0.751714 30
 -0.117467 -0.0187938 0.78236 189 -0.101973 0.0161542 0.778709 6 -0.144286 -0.0164934 0.780897 3
 -0.0928115 0.0544941 0.734808 105 -0.0724564 -0.00375404 0.754471 80 -0.124541 0.0931613 0.761649 10
 -0.0776578 -0.0130924 0.757853 155 -0.102215 0.0248914 0.762818 29 -0.10368 0.0575806 0.729775 10
 -0.0834553 -0.0331405 0.770743 200
 -0.0951549 -0.0653506 0.779281 163 -0.0814769 -0.0239727 0.767283 36 -0.0840819 -0.0340092 0.77224 1
 -0.115228 -0.0894165 0.783694 200
 -0.143953 -0.0998538 0.784529 200
 -0.181123 -0.110774 0.800394 199 -0.179844 -0.0225118 0.769212 1
 -0.148437 -0.113325 0.80555 126 -0.0909861 -0.0517153 0.7684 12
 -0.146048 -0.0391452 0.781365 189 -0.161715 -0.000277169 0.780102 10 -0.116785 0.0153995 0.76208 1
 -0.171505 -0.0481843 0.774755 198 -0.174538 0.00268179 0.777394 2
 -0.134846 -0.07127 0.782673 40 -0.174242 -0.0159458 0.776506 4 -0.133707 0.0529997 0.761533 4
 -0.176259 -0.110626 0.799004 199 -0.145389 0.0722726 0.745504 1
