 -0.145309 -0.174107 0.724148 165 -0.148071 -0.146877 0.726599 30 -0.00788178 -0.0586332 0.805117 4
 -0.145371 -0.161915 0.727455 200
 -0.144406 -0.145045 0.726972 198 -0.0244084 -0.0541141 0.811201 2
 -0.142413 -0.133228 0.727467 198 -0.0260805 -0.0599014 0.800113 2
 -0.136768 -0.118853 0.724765 197 -0.0291853 -0.0674324 0.792938 2 -0.11267 -0.0807644 0.721129 1
 -0.14722 -0.0425186 0.734167 112 -0.140283 -0.103206 0.726549 84 -0.190716 0.000603954 0.780496 2
 -0.0920335 -0.190746 0.704387 158 -0.140511 -0.153549 0.730595 32 -0.0500659 -0.161805 0.700917 10
 -0.0958639 -0.17011 0.704049 146 -0.132424 -0.146706 0.737921 35 -0.0580092 -0.15279 0.70937 10
 -0.103432 -0.149594 0.708878 188 -0.185431 -0.00036696 0.78055 12
 -0.107318 -0.138204 0.714663 169 -0.0714563 -0.133424 0.719027 18 -0.190963 0.00336905 0.791297 12
 -0.102937 -0.122229 0.712919 192 -0.0669111 -0.145541 0.712327 8
 -0.108433 -0.101611 0.72317 199 -0.164547 0.0101709 0.782829 1
 -0.0454648 -0.188802 0.702624 185 -0.0869585 -0.186918 0.697163 12 -0.00595941 -0.050426 0.811836 2
 -0.0506273 -0.173354 0.708391 187 -0.0947191 -0.176006 0.707665 12 -0.149317 -0.0256958 0.736393 1
 -0.0641978 -0.139146 0.714384 82 -0.0632378 -0.143901 0.713532 57 -0.139795 -0.00362494 0.749397 30
 -0.0728987 -0.128425 0.718289 186 -0.143536 0.00736198 0.760963 14
 -0.0766058 -0.111317 0.725934 190 -0.129703 -0.0188962 0.736567 6 -0.0363127 -0.195814 0.682737 2
 -0.0878997 -0.0842883 0.734724 141 -0.132123 -0.00643121 0.754298 42 -0.126463 -0.109749 0.73969 6
 -0.0147184 -0.165803 0.749297 107 -0.0431534 -0.189259 0.701589 77 -0.00763648 -0.0541004 0.810873 16
 -0.0222915 -0.155287 0.750401 183 -0.0142774 -0.0638348 0.815572 16 -0.0403174 -0.183098 0.710027 1
 -0.0306043 -0.137691 0.747377 175 -0.102717 -0.164984 0.710581 21 -0.0489199 -0.105091 0.743375 3
 -0.0371351 -0.122277 0.746742 179 -0.0660219 -0.139583 0.711894 10 -0.132905 0.0130685 0.744905 10
 -0.0527657 -0.103868 0.744279 137 -0.0640133 -0.0742949 0.738876 36 -0.119583 -0.000764572 0.760853 10
 -0.0721986 -0.0771139 0.745583 200
 -0.00829171 -0.0577561 0.806175 182 -0.0308475 -0.123959 0.742183 16 -0.00984734 -0.160924 0.754288 2
 -0.0274992 -0.0508344 0.800679 200
 -0.0472443 -0.0400173 0.796939 200
 -0.0636782 -0.0364587 0.787886 200
 -0.0663163 -0.0794355 0.753222 18 -0.0629013 -0.0624439 0.806477 12 -0.139634 -0.130202 0.733962 10
 -0.143153 -0.0404025 0.729492 47 -0.162969 -0.0246064 0.747238 20 -0.0392779 -0.154278 0.752789 19
 -0.155381 -0.00801022 0.7517 196 -0.185199 0.0134225 0.809903 2 -0.126749 -0.12871 0.721419 2
 -0.124509 -7.14706e-05 0.765723 200
 -0.104267 -0.0633193 0.736178 200
 -0.129226 -0.0642882 0.723218 200
 -0.116453 -0.0397194 0.743903 200
 -0.140251 0.00211628 0.757593 185 -0.169021 0.0145565 0.800181 15
