 -0.0135032 0.10342 0.66233 196 0.0354054 0.0935721 0.693638 4
 -0.0243968 0.0985044 0.667039 200
 -0.0388558 0.0903668 0.681409 200
 -0.046649 0.0839296 0.690331 200
 -0.0608246 0.076022 0.705161 200
 -0.0763004 0.0659404 0.70849 140 -0.0708637 0.0698473 0.707917 60
 0.0418283 0.0817836 0.691738 200
 0.0277835 0.0792216 0.69839 200
 0.00774333 0.0761726 0.707052 200
 -0.00324944 0.0742089 0.710352 200
 -0.0219035 0.0612365 0.717127 200
 -0.0414978 0.0565753 0.715733 198 -0.031409 0.0735373 0.695298 2
 0.0634037 0.0522545 0.694231 153 0.0351423 0.0915906 0.692689 45 -0.0159801 0.0997489 0.663741 2
 0.0466538 0.0529455 0.70161 177 0.02117 0.0164953 0.669785 19 0.0259893 0.0862714 0.699995 3
 0.0212903 0.0501179 0.711611 182 -0.0161954 0.0702937 0.708245 18
 0.00644983 0.0494892 0.716825 200
 -0.02107 0.0413345 0.724563 188 -0.0371507 0.0655945 0.714364 11 0.00279345 0.0641647 0.713109 1
 -0.0401227 0.035949 0.725047 102 -0.0454429 0.0625103 0.717911 47 -0.00826614 0.0481129 0.723804 32
 0.0381886 0.00902361 0.661109 193 0.0665358 0.0711085 0.690289 7
 0.0269788 0.00961194 0.666947 196 0.0612903 0.0560279 0.692757 4
 0.0124563 0.00964548 0.685863 161 0.0315848 0.0561034 0.708296 24 0.0145573 0.0786276 0.698698 15
 -0.00280097 0.0109889 0.707722 198 0.0408607 0.0448373 0.702776 1 0.00669772 0.0572793 0.715069 1
 -0.0171954 0.0117506 0.717116 176 -0.108544 0.0354345 0.713255 19 -0.00617403 0.0548056 0.708809 5
 -0.0288887 0.0114989 0.726126 102 -0.110425 0.0567646 0.72438 86 0.0333733 0.0341263 0.715404 4
 0.0684329 0.0577494 0.695071 131 0.034926 0.00512564 0.660882 46 -0.0363937 -0.00242795 0.632151 13
 0.0221444 0.00859341 0.681113 58 -0.0506648 0.00845364 0.646659 51 0.0476218 0.0467493 0.704215 41
 -0.0470795 0.00544162 0.641025 75 -0.06363 -0.00423251 0.674635 74 -0.0650666 0.0047184 0.706771 49
 -0.0807043 -0.0105236 0.696482 84 -0.0757544 -0.0106618 0.693362 82 -0.05747 -0.0074363 0.656312 22
 -0.0987833 -0.0128291 0.711489 123 -0.0726088 -0.00807557 0.690952 69 -0.0827385 -0.00942011 0.69897 7
 -0.11618 -0.00119677 0.732742 200
 -0.148509 0.0199254 0.7526 200
 -0.130299 -0.00708109 0.756065 47 -0.106936 -0.00983811 0.714753 11 -0.166495 0.0158701 0.765957 9
 -0.099702 0.0302935 0.716465 68 -0.0381965 0.0389887 0.723586 49 -0.0955338 0.0298836 0.7177 46
 -0.0815421 0.0488416 0.718336 135 -0.109955 0.0397276 0.716257 41 -0.0373087 0.0268716 0.722218 9
 -0.0215642 0.0719002 0.664338 15 -0.126327 0.0191856 0.725227 4 -0.0927532 0.0320979 0.71583 4
 -0.153219 0.0148126 0.754745 189 -0.181926 0.0144698 0.767815 11
