 -0.148043 -0.17782 0.718668 192 -0.111174 -0.131152 0.716912 7 -0.119942 -0.17574 0.721333 1
 -0.149325 -0.168831 0.722866 193 -0.120282 -0.125011 0.722739 6 -0.111829 -0.182617 0.725692 1
 -0.147266 -0.150836 0.724604 200
 -0.144419 -0.14226 0.728121 195 -0.0481446 -0.0389894 0.781175 5
 -0.141956 -0.128557 0.726615 193 -0.0504692 -0.0477602 0.777602 5 -0.137267 -0.0652275 0.729131 2
 -0.14117 -0.107151 0.728597 88 -0.15107 -0.0533767 0.736508 74 -0.153564 -0.0447681 0.739117 38
 -0.101756 -0.200216 0.724126 177 -0.145596 -0.151198 0.725209 17 -0.0972818 -0.124878 0.721466 6
 -0.105609 -0.186654 0.724051 168 -0.135339 -0.152901 0.73337 24 -0.107633 -0.113167 0.724313 6
 -0.110989 -0.165055 0.723888 157 -0.0917908 -0.128523 0.722965 36 -0.120133 -0.112667 0.726381 2
 -0.114666 -0.153595 0.727044 152 -0.0826971 -0.134635 0.727936 43 -0.189338 0.000127117 0.789626 2
 -0.109439 -0.133249 0.725349 142 -0.0671549 -0.137118 0.736938 52 -0.0777192 -0.157268 0.730341 5
 -0.112842 -0.105827 0.728066 187 -0.166776 -0.00517611 0.769792 6 -0.168864 0.00571569 0.79029 4
 -0.0644933 -0.205531 0.72962 188 -0.0973959 -0.205402 0.717279 9 -0.0405858 -0.181912 0.758211 3
 -0.0705201 -0.189601 0.731692 179 -0.101783 -0.194945 0.725078 19 -0.0376063 -0.179226 0.75102 2
 -0.0754843 -0.170171 0.732249 130 -0.149515 -0.00439602 0.754842 59 -0.0450199 -0.145717 0.755629 11
 -0.0788655 -0.15406 0.733331 114 -0.143078 0.00382284 0.759874 84 -0.0526276 -0.148521 0.756583 2
 -0.0833868 -0.131811 0.734776 114 -0.0661511 -0.0967901 0.749889 39 -0.105081 -0.0580768 0.740644 29
 -0.0858262 -0.100541 0.743394 62 -0.101151 -0.0847787 0.739334 46 -0.105472 -0.0533294 0.743863 42
 -0.0309849 -0.181777 0.755583 169 -0.0678762 -0.204018 0.729004 31
 -0.0378386 -0.173152 0.759752 164 -0.0427103 -0.146313 0.754469 23 -0.0719479 -0.19761 0.736326 13
 -0.0450764 -0.151069 0.754913 170 -0.0352947 -0.0874944 0.776969 8 -0.0504286 -0.110222 0.77247 7
 -0.048493 -0.137694 0.753002 127 -0.124336 -0.010316 0.746854 21 -0.0491639 -0.0897534 0.775492 19
 -0.0709204 -0.102696 0.751565 91 -0.11299 -0.0233155 0.76256 51 -0.0623516 -0.0779663 0.780264 28
 -0.0684445 -0.108508 0.755004 165 -0.0762877 -0.0514674 0.771731 12 -0.0832841 -0.042449 0.775204 9
 -0.0292109 -0.174142 0.756156 106 -0.0624457 -0.208773 0.72883 76 -0.0265861 -0.105138 0.78153 7
 -0.0406851 -0.0874888 0.776302 124 -0.06493 -0.198641 0.738951 26 -0.0393819 -0.157186 0.76394 19
 -0.0445743 -0.0815357 0.78082 140 -0.0775899 -0.0369315 0.776322 38 -0.0411564 -0.152966 0.761903 9
 -0.0901708 -0.0257904 0.78159 83 -0.0636851 -0.0505418 0.782907 75 -0.0373944 -0.0884949 0.78962 25
 -0.058544 -0.0631426 0.787585 50 -0.0493975 -0.147381 0.760488 41 -0.0516098 -0.0889565 0.776017 35
 -0.0790039 -0.140584 0.733807 64 -0.0655477 -0.0869068 0.765178 47 -0.0539836 -0.159572 0.755778 45
 -0.156167 -0.0126196 0.751766 196 -0.180485 0.0084061 0.800903 4
 -0.124045 -0.007068 0.762801 199 -0.0656062 -0.0924196 0.759698 1
 -0.108038 -0.0681984 0.740479 198 -0.0783098 -0.130516 0.742979 2
 -0.134448 -0.0659617 0.726154 179 -0.124471 -0.101704 0.722332 19 -0.125761 -0.097355 0.723597 2
 -0.119333 -0.0461087 0.744024 200
 -0.141897 -0.0022208 0.757764 195 -0.165502 0.0161452 0.804023 5
