 -0.168226 0.0423738 0.782154 190 -0.108459 0.0740466 0.793178 6 -0.119867 0.00211423 0.791466 4
 -0.166581 0.0304022 0.785846 192 -0.105926 0.0786584 0.79977 6 -0.136936 0.0010797 0.782195 2
 -0.16058 0.0150548 0.791282 195 -0.107183 0.0643723 0.807042 5
 -0.154632 0.00431236 0.796367 199 -0.106302 0.058846 0.8089 1
 -0.14887 -0.00575329 0.799644 200
 -0.142974 -0.0240037 0.802571 200
 -0.0926283 0.000711792 0.76194 70 -0.100714 0.082914 0.793159 43 -0.0994391 -0.00707362 0.824154 28
 -0.105404 -0.0104427 0.821073 58 -0.0912184 0.00102483 0.760778 38 -0.119498 0.00138276 0.784151 36
 -0.113207 0.0200873 0.780077 150 -0.141366 0.00462934 0.799403 27 -0.125004 0.0468897 0.812617 9
 -0.119351 0.0125061 0.784458 191 -0.0882509 0.00917188 0.764772 4 -0.126262 0.0342298 0.818201 3
 -0.119361 0.00190826 0.801691 143 -0.116173 0.00327067 0.794308 27 -0.112231 0.00248171 0.785534 25
 -0.118023 -0.0154718 0.817883 200
 -0.101379 0.0837157 0.792827 200
 -0.105106 0.0687579 0.805079 200
 -0.107539 0.0509012 0.817522 200
 -0.108467 0.0393776 0.822128 199 -0.102813 0.0218882 0.76497 1
 -0.102922 0.0189917 0.831206 117 -0.102611 0.0122674 0.782791 49 -0.102561 -0.00983319 0.824784 19
 -0.101568 -0.0103844 0.829157 197 -0.127968 -0.0249627 0.811618 2 -0.123408 0.0582915 0.81929 1
 -0.0554067 0.0727578 0.798008 200
 -0.0588441 0.0608962 0.804751 200
 -0.0650391 0.0458035 0.816733 200
 -0.0706026 0.0333111 0.825523 200
 -0.0738343 0.0100757 0.831889 200
 -0.0788366 -0.00556225 0.839346 77 -0.0902788 -0.0360753 0.829795 67 -0.12798 -0.00805163 0.804189 22
 -0.0528395 0.0667942 0.801994 96 -0.0664978 -0.00966419 0.749106 52 -0.176134 0.042562 0.78713 37
 -0.0668408 -0.025978 0.770072 159 -0.0600019 0.0472644 0.816052 25 -0.108842 0.0609387 0.812746 15
 -0.0631232 -0.0438584 0.788842 188 -0.0634956 0.036594 0.82661 5 -0.0659364 -0.0151422 0.767864 4
 -0.061029 -0.0581874 0.803923 197 -0.077255 -0.0172952 0.842145 3
 -0.0697009 -0.0795393 0.815603 199 -0.0946825 -0.113064 0.845804 1
 -0.0900122 -0.101861 0.827935 200
 -0.127287 -0.116644 0.838764 200
 -0.0879104 -0.119338 0.839303 14 -0.10985 -0.138465 0.856661 5
 -0.1097 -0.0400883 0.829242 188 -0.131182 0.00701307 0.803459 5 -0.0941399 -0.0136897 0.814155 2
 -0.123936 -0.0517982 0.811316 196 -0.122182 -0.00879584 0.812029 4
 -0.116205 -0.0256446 0.819207 4
 -0.104141 -0.12847 0.838983 119 -0.114143 0.0211668 0.817984 1
