 -0.144541 0.0917222 0.718945 200
 -0.142996 0.079079 0.72024 200
 -0.138508 0.0607279 0.720709 200
 -0.134928 0.0491036 0.720885 200
 -0.130818 0.0376056 0.719462 200
 -0.126131 0.0183939 0.712742 200
 -0.0949458 0.118795 0.700179 200
 -0.0988259 0.105705 0.705268 200
 -0.100812 0.0855361 0.711757 200
 -0.102395 0.0721042 0.714483 200
 -0.0997807 0.0537786 0.721011 200
 -0.100773 0.0315575 0.720059 200
 -0.0569625 0.124489 0.686737 200
 -0.0613965 0.108747 0.694694 199 -0.103716 0.103755 0.704796 1
 -0.0656081 0.0876574 0.707898 198 -0.10449 0.0590764 0.709606 1 -0.0955691 0.12416 0.704075 1
 -0.0707362 0.0753179 0.713064 188 -0.0363743 0.0625228 0.692435 9 -0.087853 -0.0118369 0.718714 2
 -0.074791 0.0410588 0.723269 200
 -0.0786618 0.0190237 0.723787 171 -0.0890514 -0.0214872 0.696592 8 -0.127365 0.0135523 0.713646 8
 -0.01939 0.10036 0.682291 200
 -0.0251646 0.0863737 0.688749 200
 -0.0318423 0.0702035 0.699965 200
 -0.0389443 0.0574272 0.709528 198 -0.0461908 0.0237969 0.724089 2
 -0.0464844 0.0361445 0.720918 109 -0.047587 0.0311238 0.722474 84 -0.132461 0.0348859 0.715126 7
 -0.0519098 0.020092 0.728743 58 -0.077669 0.00400437 0.726254 54 -0.0492695 0.0347568 0.72614 27
 -0.0554732 0.0055552 0.644774 88 -0.0569881 0.00866872 0.641589 76 -0.0993429 0.115308 0.704109 11
 -0.0559173 -0.000856572 0.656635 160 -0.0327387 0.0740578 0.700571 22 -0.14718 0.0733617 0.723563 6
 -0.0519285 -0.0161453 0.67812 195 -0.048567 -0.00171171 0.723984 5
 -0.0515239 -0.0310704 0.691328 192 -0.116611 -0.00875463 0.708197 7 -0.0420453 -0.0036505 0.680287 1
 -0.0621526 -0.0514561 0.70546 167 -0.0671385 -0.0598883 0.72908 31 -0.0478499 0.0454794 0.723524 1
 -0.085507 -0.0668246 0.720375 200
 -0.115917 -0.0800271 0.735222 199 -0.105232 -0.0696531 0.712091 1
 -0.0881611 -0.0809451 0.741145 176 -0.116796 -0.082537 0.737042 24
 -0.0945478 -0.00662766 0.723203 190 -0.0984245 -0.0371282 0.721289 10
 -0.11288 -0.00621696 0.715059 200
 -0.108375 -0.0681944 0.724466 53 -0.090684 0.0228046 0.714379 10 -0.0806432 -0.03672 0.687258 3
 -0.11101 -0.0955623 0.741263 173 -0.0943082 0.0205757 0.717238 4
