 -0.070197 0.0144566 0.637439 142 -0.0859576 0.0255857 0.68685 19 0.0295112 -0.035387 0.735542 13
 -0.0713226 0.00411048 0.64299 191 0.0196814 -0.0380656 0.738683 5 -0.0839967 0.0201213 0.694298 4
 -0.0747205 -0.012396 0.658781 200
 -0.0742888 -0.0300598 0.67462 134 -0.0749283 -0.0242658 0.6702 52 -0.0677585 0.0738906 0.711206 5
 -0.0685764 -0.039964 0.685053 169 -0.0475104 0.0416173 0.752413 16 -0.0839423 0.0247749 0.693896 8
 -0.0733821 -0.0487329 0.686262 175 -0.0795837 0.0303016 0.689156 18 -0.0861564 -0.0792079 0.711146 2
 -0.0722185 0.0657821 0.677206 163 -0.0707576 0.0717161 0.712539 37
 -0.077491 0.048198 0.682441 196 -0.0746733 0.0554271 0.712342 4
 -0.0655845 0.0152515 0.640379 65 -0.077978 0.0306573 0.688654 63 -0.0687964 0.0395851 0.719386 36
 -0.0753534 0.0203493 0.691421 73 -0.0689434 0.00771971 0.642129 46 -0.0675064 -0.0138299 0.658123 31
 -0.0746973 -0.00802328 0.69772 63 -0.0689718 0.000782254 0.724734 38 -0.0811575 0.0176487 0.701023 35
 -0.0689346 -0.0234366 0.706212 159 -0.0686016 0.0240371 0.725651 14 -0.0706115 0.0103719 0.712637 12
 -0.0557216 0.0883577 0.706415 200
 -0.0624667 0.0716267 0.711257 192 -0.0582407 0.0607237 0.678188 8
 -0.0656077 0.0509679 0.715834 162 -0.0765053 0.0505485 0.685119 31 -0.0482453 0.0790111 0.751077 4
 -0.0657892 0.0299696 0.717382 138 -0.0635221 0.0674857 0.713301 15 -0.0722425 0.0327803 0.691557 15
 -0.0643557 -0.0112295 0.719256 62 -0.0627478 -0.00497468 0.724638 57 -0.0674153 -0.0184861 0.71073 24
 -0.063305 -0.0276398 0.735793 93 -0.0646622 -0.0240522 0.729122 71 -0.0554222 -0.0563978 0.756118 27
 -0.0324398 0.0810706 0.747829 178 -0.0555043 0.088788 0.706514 15 -0.00264789 -0.0839024 0.755882 4
 -0.0356588 0.0698563 0.750794 192 -0.0110669 -0.0831421 0.763524 4 -0.0469395 0.0692859 0.714695 4
 -0.0373464 0.0563962 0.753942 162 -0.0663416 0.0628556 0.706381 35 -0.0780131 0.0423905 0.686888 3
 -0.0483494 0.0402469 0.754776 108 -0.0564118 0.00805945 0.728774 23 -0.0568325 9.5339e-05 0.728139 22
 -0.0523305 -0.0161763 0.750663 77 -0.0475185 0.00278824 0.75095 55 -0.0508025 -0.0109308 0.750178 51
 -0.0503209 -0.0261505 0.759003 198 -0.0240729 -0.0793042 0.77023 2
 0.0244669 -0.0378853 0.73992 200
 0.00569727 -0.0494833 0.750367 200
 -0.0109048 -0.0617165 0.761031 200
 -0.024543 -0.0720125 0.764568 199 -0.0484225 0.0371818 0.756892 1
 -0.0456091 -0.0867065 0.756463 151 -0.05282 0.0439375 0.756483 29 -0.0599079 0.004593 0.748143 1
 -0.0552878 -0.0904833 0.748048 175 -0.0678258 -0.112663 0.73348 9 -0.0533598 0.0155799 0.752714 7
 -0.107104 -0.116193 0.744153 200
 -0.054012 0.0213145 0.754924 6 -0.0979748 -0.128049 0.75349 1 -0.045053 -0.048828 0.758777 1
 -0.0745014 -0.0600772 0.694394 47 -0.0642143 -0.0584283 0.74769 36 -0.0533653 0.0293302 0.754499 30
 -0.0707103 -0.0543763 0.691615 84 -0.0754525 -0.079029 0.704615 41 -0.0717228 -0.00608623 0.665075 17
 -0.0688501 -0.0544835 0.689719 15 -0.099577 -0.0934497 0.738345 3
 -0.104299 -0.130436 0.750967 38 -0.105278 -0.108117 0.732048 30 -0.10846 -0.109902 0.74024 12
