 0.00275823 0.0124987 0.743517 123 -0.0683492 -0.119206 0.604546 64 -0.00948528 -0.0161372 0.655123 10
 -0.0751998 -0.113936 0.613377 88 -0.00777027 0.00985868 0.746644 81 -0.0298085 -0.0858019 0.603663 21
 -0.0841754 -0.106051 0.634126 79 -0.0426019 -0.0824896 0.615147 47 -0.0199349 0.0020253 0.750008 29
 -0.115758 -0.0821171 0.692268 63 -0.0879504 -0.0995022 0.642093 60 -0.0525785 -0.082088 0.624426 45
 -0.115463 -0.0722322 0.697377 63 -0.0666937 -0.0808118 0.627409 42 -0.0388994 -0.00633483 0.75095 33
 -0.105668 -0.0926711 0.676685 103 -0.130126 -0.087382 0.70299 45 -0.0561153 -0.0123316 0.751939 14
 0.0231907 -0.0376517 0.63672 89 -0.111377 -0.0612751 0.681951 70 -0.00615554 0.00536915 0.745347 19
 -0.082693 -0.107554 0.629336 48 0.0012619 -0.0672396 0.611298 32 -0.0179711 0.0067914 0.751034 32
 -0.0915696 -0.0573464 0.683721 53 -0.0889477 -0.0958418 0.66503 47 -0.0177052 -0.0382647 0.65547 25
 -0.0956098 -0.0523349 0.69528 49 -0.093626 -0.087796 0.673802 44 -0.0593225 -0.0747219 0.631276 40
 -0.0909776 -0.084859 0.674498 114 -0.0425097 -0.0410703 0.680227 27 -0.0906241 -0.0497619 0.693379 22
 -0.0916156 -0.0732532 0.682147 71 -0.0338963 -0.065551 0.626959 47 -0.0555675 -0.0337817 0.658885 32
 0.00100918 0.0153751 0.745868 106 0.0228835 -0.0353322 0.640064 65 0.0107008 -0.073579 0.602833 15
 0.00474409 -0.0376964 0.648355 103 -0.011916 0.00734108 0.75024 55 -0.0533467 -0.0623905 0.623092 15
 -0.0124356 -0.0581757 0.620748 104 -0.00802978 -0.0595456 0.617188 29 -0.00571934 -0.0441882 0.651249 23
 -0.0187047 -0.0627655 0.609742 85 -0.0347136 -0.0473519 0.643616 43 -0.0345455 -0.0451563 0.667885 29
 -0.0102669 -0.0607249 0.626203 83 -0.0579088 -0.0314706 0.688813 51 -0.0618346 -0.0507189 0.678462 41
 -0.0324932 -0.0431582 0.668592 47 -0.029485 -0.0440641 0.662963 41 -0.0626109 -0.0348766 0.71383 37
 0.000703473 0.0185351 0.743611 146 0.0098706 -0.0725204 0.603313 29 0.0299397 -0.0364402 0.632785 14
 -0.00638839 0.0101302 0.750555 180 0.000692923 -0.0702371 0.614255 19 0.0195076 -0.0418373 0.638283 1
 -0.0253744 -1.34323e-05 0.745725 72 -0.045861 -0.0827106 0.620479 54 0.000192565 -0.0445129 0.654902 33
 -0.00634559 -0.0337048 0.654352 67 -0.0482626 -0.00531916 0.747948 29 -0.0820568 -0.0998204 0.667241 26
 -0.0123936 -0.0393303 0.660511 150 -0.0540352 -0.0177422 0.747192 18 -0.0405334 -0.0947027 0.605429 8
 -0.0481151 -0.0402654 0.684895 70 -0.0999987 -0.0329656 0.738068 48 -0.0398172 -0.0117045 0.758344 18
 -0.00269814 0.0154167 0.747612 137 0.0241757 -0.0396454 0.641804 50 0.00689559 -0.0669921 0.604414 8
 -0.0125092 0.00546305 0.748396 178 0.0156458 -0.04152 0.643269 16 -0.0831733 -0.10381 0.642349 6
 -0.0332289 0.00178722 0.750893 115 -0.00586538 -0.0556263 0.618397 44 -0.0706249 -0.0231201 0.721615 33
 -0.0509521 -0.013233 0.749713 145 -0.108101 -0.0938724 0.699487 25 -0.0864614 -0.0878043 0.672675 11
 -0.119989 -0.0868444 0.704631 109 -0.0934907 -0.0872807 0.672922 86 -0.0331531 -0.0722465 0.60899 3
 -0.113894 -0.0749181 0.695491 164 -0.0291057 -0.0711152 0.614365 19 -0.143656 -0.0638464 0.722346 9
 -0.153935 -0.0541412 0.740061 96 -0.159198 -0.0472943 0.748464 68 -0.156801 -0.050118 0.744712 27
 -0.142659 -0.0324693 0.752504 112 -0.144321 -0.0758567 0.743628 74 -0.0749649 -0.0655604 0.671112 9
 -0.0990675 -0.0557742 0.704282 106 -0.0749564 -0.0472074 0.693808 42 -0.0455751 -0.0526931 0.683861 31
 -0.131528 -0.0671659 0.72023 133 9.47313e-05 -0.0441983 0.659828 16 -0.0117171 0.0180829 0.747035 13
 -0.116542 -0.0563301 0.713386 183 -0.0771986 -0.0561148 0.684511 9 -0.0313094 -0.0446403 0.673607 6
 -0.148589 -0.0427482 0.742801 200
