 -0.194572 -0.0233132 0.640789 169 -0.110252 -0.186307 0.767292 29 -0.0966091 -0.0805344 0.710812 1
 -0.189708 -0.030053 0.650024 164 -0.0464233 -0.134389 0.606477 21 -0.119872 -0.18191 0.767464 14
 -0.0601459 -0.131792 0.617173 55 -0.177541 -0.0371562 0.66117 49 -0.154566 -0.150267 0.757441 23
 -0.124402 -0.0901546 0.626462 58 -0.167875 -0.0449884 0.674962 28 -0.147648 -0.14887 0.757397 25
 -0.0654609 -0.126235 0.627321 65 -0.118379 -0.0858226 0.629741 60 -0.0931246 -0.176675 0.76487 27
 -0.0771175 -0.123258 0.653522 57 -0.120654 -0.0642713 0.705007 34 -0.0986652 -0.0978901 0.640068 32
 -0.124112 -0.078794 0.620456 68 -0.121226 -0.187489 0.771464 44 -0.149051 -0.167365 0.76044 22
 -0.121839 -0.0880664 0.626084 76 -0.127385 -0.173064 0.767272 60 -0.101888 -0.108988 0.628648 21
 -0.114933 -0.105814 0.623239 77 -0.111048 -0.111147 0.626513 51 -0.10443 -0.100046 0.677514 12
 -0.114085 -0.102857 0.62887 49 -0.111628 -0.101842 0.634028 37 -0.114984 -0.107651 0.622918 33
 -0.107084 -0.105822 0.626988 107 -0.132682 -0.145402 0.758469 18 -0.0902178 -0.118933 0.640695 11
 -0.10425 -0.111766 0.63858 75 -0.100339 -0.105657 0.643717 44 -0.118209 -0.0939644 0.688067 29
 -0.0405075 -0.125588 0.593367 63 -0.182072 -0.0165968 0.647377 30 -0.0670009 -0.130546 0.630309 28
 -0.180048 -0.0280628 0.655844 59 -0.0751007 -0.122673 0.636794 20 -0.0791757 -0.119534 0.6407 20
 -0.116666 -0.091459 0.632005 51 -0.0858294 -0.118692 0.649261 41 -0.181696 -0.0465125 0.667702 24
 -0.114648 -0.0859023 0.708064 28 -0.110333 -0.103902 0.632685 24 -0.121816 -0.0863702 0.634936 22
 -0.102907 -0.105912 0.632798 54 -0.101853 -0.100218 0.639992 51 -0.121845 -0.0876196 0.637094 28
 -0.108338 -0.0959901 0.639257 34 -0.108306 -0.112894 0.623814 34 -0.114678 -0.101067 0.692838 34
 -0.188527 -0.0188601 0.642374 135 -0.0417972 -0.13148 0.590244 57 -0.110283 -0.183423 0.758561 5
 -0.179922 -0.0279752 0.651926 177 -0.118493 -0.177999 0.770079 7 -0.0458025 -0.12797 0.605747 5
 -0.172763 -0.0369725 0.665492 138 -0.148028 -0.0506341 0.650225 22 -0.0753256 -0.116218 0.671236 15
 -0.164235 -0.048129 0.679461 139 -0.0809431 -0.105813 0.678521 23 -0.142772 -0.0598521 0.664752 23
 -0.14589 -0.0577625 0.676401 56 -0.14185 -0.0598976 0.672986 40 -0.125777 -0.0680131 0.703443 20
 -0.127564 -0.0681217 0.706786 80 -0.105816 -0.105172 0.704343 69 -0.122339 -0.0976773 0.640058 25
 -0.0392267 -0.125899 0.590585 157 -0.193222 -0.0191482 0.646361 38 -0.0850222 -0.0894486 0.709919 3
 -0.176068 -0.0330232 0.658037 159 -0.0523114 -0.125807 0.608885 34 -0.109733 -0.0856171 0.719092 2
 -0.167815 -0.0458828 0.678834 146 -0.0826769 -0.125969 0.651588 22 -0.0723854 -0.108299 0.695494 6
 -0.144636 -0.0611917 0.697467 144 -0.169852 -0.0397334 0.679011 18 -0.12576 -0.078636 0.705405 12
 -0.107011 -0.0879099 0.540084 6 -0.146995 -0.142917 0.768421 2 -0.0916442 -0.127467 0.651651 2
 -0.113681 -0.0882192 0.716818 11 -0.128051 -0.0743244 0.709332 11 -0.132264 -0.160944 0.744094 3
 -0.100823 -0.118442 0.621466 45 -0.134966 -0.151977 0.760564 38 -0.0927463 -0.104234 0.714329 30
 -0.128103 -0.0766545 0.710155 8 -0.14048 -0.153089 0.76542 7 -0.122732 -0.0785129 0.629331 6
 -0.121034 -0.091598 0.70049 11 -0.100348 -0.111215 0.683102 4 -0.085321 -0.0912177 0.635522 3
 -0.141378 -0.0730931 0.637586 45 -0.0866265 -0.118297 0.65961 38 -0.118059 -0.0638198 0.626332 35
 -0.104875 -0.111696 0.698096 11 -0.0779289 -0.107619 0.627069 5 -0.136523 -0.0843281 0.630745 1
 -0.106395 -0.102333 0.681943 31 -0.0993322 -0.101639 0.621828 26 -0.10966 -0.0979327 0.684077 13
