 -0.0673693 0.112568 0.694787 196 -0.00368607 0.111432 0.703444 3 0.0518817 0.0488503 0.70222 1
 -0.0704966 0.102801 0.698067 200
 -0.076649 0.0883567 0.705085 192 -0.179946 -0.0282801 0.796209 8
 -0.0803831 0.0762806 0.712252 191 -0.187487 -0.0221346 0.806181 8 -0.028834 0.0897429 0.718373 1
 -0.0836611 0.0653907 0.718061 191 -0.185625 -0.0241146 0.811092 8 -0.0377633 0.0826131 0.721031 1
 -0.0907226 0.0470917 0.723246 200
 -0.0076782 0.109011 0.702859 122 0.0318869 0.0868268 0.698825 70 -0.0786001 0.0993027 0.698578 8
 0.019709 0.0788015 0.704421 111 -0.0167078 0.0997449 0.708626 85 -0.0804266 0.0777635 0.709869 4
 0.00652388 0.0643866 0.720025 100 -0.0306791 0.0875683 0.716216 97 -0.0789829 0.068913 0.714187 3
 -0.0419297 0.0749866 0.720385 109 -0.0038259 0.0591866 0.724622 90 -0.0889173 0.0576229 0.716006 1
 -0.050091 0.0597106 0.727441 174 -0.0253338 0.0451322 0.733981 15 -0.00441271 0.0588546 0.727394 10
 -0.0636751 0.0390987 0.730126 191 -0.0189796 0.0512752 0.729404 9
 0.0310069 0.0850862 0.700978 96 -0.00677045 0.113164 0.704643 67 -0.0700656 0.112785 0.697809 32
 0.018003 0.0772952 0.706981 168 -0.0181653 0.0989207 0.711042 25 -0.0495176 0.0364986 0.722902 6
 0.00034927 0.0679096 0.71867 196 -0.0404703 0.0723383 0.719461 2 -0.000837724 0.0282141 0.726418 1
 -0.0128578 0.0593387 0.724908 195 -0.0773979 0.0730425 0.709739 2 0.00944241 0.0863166 0.705582 1
 -0.0363417 0.0420987 0.73133 192 0.00490156 0.0641905 0.712174 3 -0.0842298 0.0414381 0.726792 2
 -0.0486528 0.0187838 0.7384 175 -0.0772671 0.0271913 0.735736 24 -0.0728409 0.0740212 0.719599 1
 0.0508873 0.0430264 0.703333 174 -0.0102306 0.113416 0.703043 20 0.0314379 0.0970491 0.695908 4
 0.0387248 0.0373522 0.708202 189 0.0316181 0.0614364 0.705794 5 0.0269807 0.0852274 0.700244 4
 0.0225317 0.0309355 0.716926 192 -0.0276843 -0.0508315 0.761472 4 -0.0129152 0.0219568 0.720245 2
 0.00593601 0.025191 0.726058 194 -0.0310766 0.0622615 0.721005 6
 -0.0152432 0.010735 0.738119 141 -0.0275737 0.00631348 0.741627 44 -0.0209661 0.00859114 0.739788 12
 -0.0350639 0.0027174 0.744585 195 -0.00279137 0.0319717 0.737941 5
 0.0196564 -0.0581613 0.755673 200
 -0.00348071 -0.0545889 0.760687 200
 -0.0315903 -0.0513943 0.764758 200
 -0.0538471 -0.0466629 0.764267 200
 -0.0772879 -0.0481803 0.763908 189 0.0155899 0.0241608 0.73088 8 -0.098462 -0.0521094 0.794215 3
 -0.102523 -0.031721 0.759007 200
 -0.1423 -0.0163967 0.779245 200
 -0.130368 -0.0557422 0.789385 33 -0.11256 -0.0391009 0.770327 7
 -0.073174 0.000372106 0.747706 52 -0.0407678 0.0237112 0.736481 52 0.0214318 0.0473473 0.703369 18
 -0.0956861 0.0209654 0.737727 200
 -0.122013 -0.00747546 0.752991 3 -0.00319195 0.044731 0.735497 1 -0.0526221 0.0646403 0.737833 1
 -0.145622 -0.0289643 0.782963 52 -0.126291 -0.0056593 0.751341 16 -0.176279 -0.0246101 0.795423 2
