 -0.148621 0.0883036 0.694858 200
 -0.145801 0.0762743 0.695747 200
 -0.140889 0.0597098 0.699232 200
 -0.136937 0.0480343 0.703781 200
 -0.131331 0.0371576 0.705391 200
 -0.12755 0.020564 0.706188 200
 -0.104141 0.123809 0.703547 200
 -0.10556 0.107729 0.708405 200
 -0.107185 0.0887191 0.712526 200
 -0.108471 0.074418 0.713918 200
 -0.103914 0.0565017 0.720914 200
 -0.102443 0.0377682 0.719672 200
 -0.0626359 0.131536 0.694752 200
 -0.0679582 0.116531 0.702533 200
 -0.0731101 0.0959638 0.713516 199 -0.0608944 0.136219 0.699075 1
 -0.0774724 0.0809772 0.718639 200
 -0.078875 0.0539411 0.726657 200
 -0.0790116 0.0309745 0.728483 200
 -0.0238335 0.119278 0.716227 200
 -0.0284431 0.106236 0.717418 200
 -0.0345315 0.0910953 0.724402 200
 -0.0417248 0.0751978 0.728943 200
 -0.0518587 0.0461869 0.735115 200
 -0.0608097 0.0225489 0.738116 200
 -0.00795682 -0.00322584 0.659492 200
 -0.0201203 -0.0100297 0.673621 185 -0.0278971 0.102796 0.726616 6 -0.0285727 -0.0168967 0.710123 6
 -0.027833 -0.0190369 0.702045 200
 -0.036127 -0.0273448 0.712934 200
 -0.0557686 -0.0434236 0.726517 199 -0.062243 0.0359202 0.739284 1
 -0.0798304 -0.0566601 0.736003 200
 -0.118367 -0.0694448 0.751582 200
 -0.0867575 -0.0725951 0.763629 167 -0.127097 -0.0704185 0.763018 6 -0.0612136 0.0937945 0.719852 2
 -0.0907434 -0.00111348 0.731773 199 -0.107226 -0.0444808 0.722732 1
 -0.108911 -0.00449611 0.717341 200
 -0.101468 -0.0584783 0.73214 17 -0.106579 -0.0657385 0.740571 2 -0.104542 -0.0627612 0.737142 2
 -0.101083 -0.0861197 0.755906 200
