 -0.118741 -0.130179 0.620235 200
 -0.119484 -0.122424 0.629512 200
 -0.119127 -0.108415 0.637537 200
 -0.118964 -0.0985455 0.64521 200
 -0.120311 -0.0858006 0.654195 200
 -0.122556 -0.0712496 0.667085 200
 -0.0651043 -0.130962 0.601309 199 -0.0650455 -0.0556032 0.62679 1
 -0.0713844 -0.117754 0.610163 200
 -0.0798531 -0.101538 0.623844 200
 -0.0840983 -0.0945067 0.633432 197 -0.0946956 -0.0954282 0.662747 2 -0.0216241 -0.0671896 0.65519 1
 -0.0850701 -0.0784137 0.648397 200
 -0.0904657 -0.068343 0.661267 200
 -0.0247791 -0.130946 0.604543 180 0.00843903 -0.114401 0.635834 19 -0.0658213 -0.132033 0.600947 1
 -0.0339283 -0.115453 0.613357 196 -0.0574213 -0.131299 0.602157 3 -0.0899297 -0.0800566 0.643239 1
 -0.0409045 -0.098647 0.623871 200
 -0.0492169 -0.0884871 0.634336 199 -0.0587268 -0.0460072 0.685637 1
 -0.0575337 -0.0713259 0.653308 200
 -0.0708717 -0.0539988 0.677115 194 -0.0926835 -0.00839803 0.724568 4 -0.0548304 -0.0686027 0.642675 2
 0.00426352 -0.113111 0.634078 196 -0.0230393 -0.129669 0.60234 4
 -0.00254034 -0.104077 0.641276 196 -0.0281087 -0.116015 0.604099 4
 -0.0113055 -0.0891147 0.650537 200
 -0.0199503 -0.0793318 0.655351 200
 -0.0327724 -0.062691 0.666 146 -0.0525725 -0.0495338 0.681619 54
 -0.0532547 -0.0463997 0.689143 193 -0.0719295 -0.0172611 0.738448 4 -0.0692737 -0.021836 0.731679 1
 0.0162266 -0.024147 0.739007 200
 -0.00589264 -0.0225843 0.740293 200
 -0.028476 -0.018454 0.741262 200
 -0.0522463 -0.0189121 0.739091 200
 -0.164454 -0.0491532 0.751471 23 -0.109163 -0.0801526 0.671073 16 -0.121452 -0.101766 0.651423 6
 -0.12854 -0.0384764 0.696395 18 -0.152695 -0.0396305 0.738805 11 -0.0676523 -0.0147094 0.746558 11
 -0.148413 -0.00998388 0.732139 200
 -0.115168 -0.00213567 0.736155 27 -0.136323 0.00774111 0.749752 5 -0.0496266 -0.0973604 0.623503 3
 -0.0904044 -0.0433469 0.68991 107 -0.0862909 -0.0462366 0.686817 93
 -0.0581998 -0.0418442 0.685428 74 -0.126067 -0.0449541 0.689166 62 -0.12295 -0.00508393 0.701266 32
 -0.110929 -0.0281824 0.708712 200
 -0.13542 -0.00139351 0.7395 199 -0.111154 -0.0885874 0.642779 1
