 -0.139826 0.0414303 0.773485 200
 -0.137007 0.0304005 0.777564 200
 -0.133092 0.0157239 0.787973 200
 -0.128819 0.00612941 0.794029 200
 -0.123926 0.00111335 0.798717 200
 -0.119527 -0.0174409 0.803615 200
 -0.0909097 0.0719551 0.762335 200
 -0.0947479 0.0594038 0.775203 200
 -0.0971626 0.04167 0.792097 200
 -0.0984866 0.0306246 0.798719 200
 -0.0954666 0.0176758 0.807331 200
 -0.0941683 -0.00100073 0.80931 200
 -0.0560838 0.0772973 0.752773 200
 -0.0607903 0.0629416 0.767838 200
 -0.0651517 0.0482733 0.78725 200
 -0.0674289 0.0389072 0.796774 200
 -0.0682752 0.018587 0.810086 200
 -0.0674173 -0.0053074 0.816008 200
 -0.0205115 0.0442857 0.742158 152 -0.0509024 0.077482 0.751646 48
 -0.0255074 0.0337779 0.751125 200
 -0.0304316 0.0261947 0.778626 199 -0.0246519 0.00970143 0.819161 1
 -0.0344698 0.0198846 0.791063 195 -0.0631052 0.081505 0.757334 4 -0.0359968 0.0592964 0.756808 1
 -0.0390087 0.0113149 0.80529 200
 -0.0517702 -0.0242863 0.819446 132 -0.0432332 -0.000645752 0.819251 65 -0.0465195 -0.00678906 0.818843 3
 -0.0115774 -0.0331686 0.734706 167 -0.0226117 0.0411475 0.746481 33
 -0.0187909 -0.044204 0.758813 173 -0.0312098 0.0201746 0.780797 23 -0.0918469 0.0633436 0.775641 4
 -0.0236089 -0.0530658 0.783301 194 -0.0526691 0.0286901 0.786781 5 -0.0406319 -0.0299678 0.810063 1
 -0.0270481 -0.0606638 0.797495 200
 -0.0462533 -0.080761 0.812856 199 -0.06779 -0.102212 0.859656 1
 -0.0700472 -0.0914601 0.828333 200
 -0.108693 -0.101528 0.850483 200
 -0.0792355 -0.121167 0.864908 9 -0.0867764 -0.107387 0.846448 7
 -0.0786794 -0.0367251 0.824948 123 -0.0633065 -0.023315 0.810825 15 -0.0678627 -0.00197007 0.811043 2
 -0.100168 -0.0425753 0.811868 200
 -0.0664056 -0.0626842 0.826027 39 -0.114831 -0.0683298 0.81877 2
 -0.0996283 -0.116924 0.853374 66 -0.100094 -0.113631 0.847392 23 -0.0999381 -0.110761 0.842653 7
