 -0.154358 -0.0941459 0.669439 89 -0.19384 -0.0599137 0.640459 46 -0.0825932 -0.0611756 0.540974 23
 -0.147314 -0.100288 0.680502 62 -0.190337 -0.0648443 0.649651 46 -0.081538 -0.0718877 0.546951 36
 -0.0830146 -0.0820736 0.5614 45 -0.0891765 -0.105183 0.623779 37 -0.00798027 -0.0797608 0.60052 21
 -0.0823197 -0.11306 0.626961 35 -0.0846395 -0.0925773 0.57389 32 -0.0606187 -0.102366 0.618888 20
 -0.0723273 -0.107156 0.626971 35 -0.0923461 -0.135465 0.691145 28 -0.0676105 -0.106246 0.625802 23
 -0.0776542 -0.114971 0.629397 73 -0.105471 -0.131866 0.712696 45 -0.110581 -0.173786 0.740916 32
 -0.0351266 -0.0577945 0.555214 37 -0.0157718 -0.0796594 0.607923 32 -0.0763164 -0.0676107 0.549637 30
 -0.0224415 -0.0740911 0.608048 83 -0.079417 -0.0830676 0.559398 38 -0.0421762 -0.0648969 0.561798 30
 -0.0625441 -0.107037 0.601436 51 -0.0770455 -0.0759382 0.561286 40 -0.0832137 -0.0580662 0.536819 24
 -0.0904191 -0.0703167 0.553199 48 -0.0715607 -0.109608 0.62427 32 -0.0610163 -0.0948073 0.59727 27
 -0.0635376 -0.105802 0.630233 79 -0.0570704 -0.0928576 0.598282 34 -0.0953209 -0.148094 0.704199 26
 -0.0589279 -0.103659 0.623703 62 -0.0628441 -0.112171 0.629314 60 -0.107562 -0.146729 0.719342 22
 -0.0732371 -0.0545654 0.541564 64 -0.0225924 -0.0506845 0.548467 33 -0.00937443 -0.0662742 0.596699 25
 -0.0194154 -0.075723 0.61232 77 -0.0480638 -0.0698969 0.57143 35 -0.0813013 -0.0896069 0.562226 18
 -0.0483132 -0.0859221 0.585525 66 -0.0243369 -0.0938658 0.621394 28 -0.0785386 -0.0911298 0.571911 21
 -0.0513286 -0.0914823 0.593747 70 -0.0318042 -0.0689619 0.566932 41 -0.058755 -0.0702195 0.565842 26
 -0.0541909 -0.0868495 0.585934 86 -0.0557883 -0.108731 0.636823 26 -0.0795893 -0.099841 0.616103 25
 -0.0721942 -0.106602 0.625148 60 -0.0854307 -0.166312 0.726812 41 -0.0538728 -0.105501 0.64692 40
 -0.00131009 -0.0646921 0.597527 79 -0.148227 -0.0952725 0.663479 49 -0.184257 -0.0571344 0.64302 29
 -0.158251 -0.0842882 0.650242 78 -0.00718519 -0.0714801 0.60143 73 -0.155838 -0.0876603 0.665461 25
 -0.16821 -0.0756456 0.660837 90 -0.0665169 -0.197539 0.743558 66 -0.0170379 -0.0859723 0.614804 38
 -0.184055 -0.0635523 0.652927 38 -0.040428 -0.105355 0.638858 35 -0.0262723 -0.093044 0.625199 28
 -0.0518115 -0.111826 0.64539 101 -0.0505773 -0.097301 0.602574 28 -0.0395016 -0.0736025 0.56543 20
 -0.101137 -0.133547 0.721466 24 -0.0548903 -0.109859 0.636615 19 -0.0923442 -0.0907407 0.567496 13
 -0.164465 -0.0684998 0.655755 84 -0.169135 -0.0637691 0.650945 76 -0.00106762 -0.0681532 0.602531 40
 -0.0162008 -0.0778717 0.608465 88 -0.174579 -0.0660385 0.655962 79 -0.0522528 -0.168431 0.734016 11
 -0.166568 -0.0792419 0.667407 189 -0.0730489 -0.168355 0.728277 6 -0.0377364 -0.0973238 0.633297 2
 -0.0431727 -0.104184 0.642673 67 -0.190657 -0.0634036 0.651842 37 -0.0874851 -0.142501 0.704496 33
 -0.0941086 -0.134869 0.700057 10 -0.100833 -0.182313 0.753202 4 -0.0781852 -0.101496 0.628691 4
 -0.052735 -0.112402 0.65038 89 -0.0605495 -0.137923 0.697162 49 -0.0858228 -0.141787 0.70343 23
 -0.075281 -0.142063 0.705128 189 -0.0592929 -0.11451 0.636791 11
 -0.105268 -0.138834 0.714277 40 -0.0613735 -0.135335 0.723584 25 -0.0926721 -0.169671 0.736961 17
 -0.060771 -0.136608 0.712503 67 -0.0650233 -0.103053 0.628636 25 -0.0751419 -0.135264 0.689739 5
 -0.087491 -0.0924641 0.575569 94 -0.0974164 -0.143038 0.704727 56 -0.0797533 -0.111359 0.626509 16
 -0.0720797 -0.129616 0.691144 22 -0.0681956 -0.11606 0.634098 17 -0.0749349 -0.148107 0.718248 10
 -0.0909966 -0.157385 0.727926 82 -0.0709892 -0.149271 0.717964 27 -0.0524265 -0.0653533 0.545615 12
