 -0.145068 0.0446657 0.800104 200
 -0.14166 0.0327602 0.801491 200
 -0.135928 0.0165122 0.807862 200
 -0.131154 0.00582672 0.812871 200
 -0.126342 -0.00469747 0.817087 200
 -0.120537 -0.0231238 0.818884 200
 -0.100963 0.0808089 0.806035 200
 -0.103638 0.0657885 0.812877 200
 -0.104532 0.0453081 0.821803 200
 -0.105973 0.0317457 0.824314 200
 -0.100715 0.0152966 0.830557 200
 -0.0984024 -0.00247653 0.830037 200
 -0.0656373 0.0938575 0.808617 200
 -0.0695799 0.0774271 0.815446 200
 -0.0728177 0.0574049 0.825267 200
 -0.0750565 0.0410353 0.830492 200
 -0.0748087 0.0154708 0.838228 200
 -0.0728948 -0.00636379 0.838519 200
 -0.0237469 0.0744205 0.80005 200
 -0.0277483 0.0613022 0.804921 200
 -0.0335791 0.045436 0.817131 200
 -0.0399017 0.0335568 0.826852 200
 -0.0459134 0.0149807 0.837331 200
 -0.0544331 -0.012855 0.843423 200
 -0.00689076 -0.0330548 0.76412 177 -0.0236676 0.067515 0.805997 21 -0.151288 0.0422831 0.804381 2
 -0.0116656 -0.0427301 0.785158 198 -0.0274428 0.049191 0.818866 2
 -0.021148 -0.0533548 0.803144 200
 -0.0261515 -0.0608582 0.818236 200
 -0.0428143 -0.0852161 0.834155 200
 -0.067578 -0.101487 0.847468 200
 -0.107097 -0.113372 0.860114 200
 -0.0682584 -0.113384 0.861167 19
 -0.0802519 -0.0450519 0.84352 185 -0.0919065 -0.00285279 0.829867 11 -0.0691774 0.0688896 0.804845 2
 -0.101088 -0.0482182 0.826633 200
 -0.0602825 -0.0654244 0.837978 26 -0.0654384 0.0445772 0.81061 2 -0.0851642 -0.0603584 0.83502 1
 -0.0951516 -0.126994 0.864353 50 -0.0986168 -0.114068 0.843599 12 -0.111854 -0.152704 0.875627 5
