 -0.144032 0.0937235 0.723266 200
 -0.14322 0.0814495 0.724042 200
 -0.13904 0.0616262 0.725383 200
 -0.134 0.0499802 0.723952 200
 -0.130369 0.0383043 0.722518 200
 -0.128125 0.0203028 0.720626 200
 -0.0844845 0.10432 0.687733 200
 -0.0922432 0.0927236 0.698445 200
 -0.0968034 0.0759933 0.709091 199 -0.053724 0.0355794 0.727482 1
 -0.0989886 0.0645337 0.712909 200
 -0.0985929 0.0485741 0.721935 199 -0.0838 0.0176588 0.726848 1
 -0.100598 0.0270536 0.723258 200
 -0.0876462 0.105857 0.68818 171 -0.0641795 0.0243766 0.722054 21 -0.0417881 0.0630395 0.719298 5
 -0.0929815 0.0904274 0.69665 168 -0.034065 0.0866351 0.709752 21 -0.0568098 0.0530125 0.664504 6
 -0.0995101 0.0739466 0.708284 106 -0.0565417 0.043483 0.663992 58 -0.0642217 0.0383729 0.718867 12
 -0.0995702 0.0603412 0.715431 53 -0.04125 -0.00449089 0.693664 43 -0.0733807 0.0692648 0.712537 40
 -0.0711051 0.0377126 0.719381 90 -0.0950777 0.0455752 0.701249 57 -0.0618394 0.0348529 0.636433 32
 -0.0818966 0.0229565 0.729078 199 -0.122588 -0.0125986 0.709134 1
 -0.0282434 0.104173 0.69991 180 -0.08864 0.113335 0.685403 19 -0.0932489 0.0859423 0.699001 1
 -0.0344922 0.0907721 0.705083 195 -0.0921554 0.102075 0.690023 5
 -0.041516 0.075993 0.714836 200
 -0.0444332 0.0665079 0.723071 154 -0.13847 0.0553163 0.720372 20 -0.0457976 0.0527832 0.646957 13
 -0.0508905 0.0530035 0.727958 111 -0.071694 0.0303056 0.719819 54 -0.129284 0.0359108 0.730428 20
 -0.0767973 0.0101395 0.734067 132 -0.0876444 0.0333884 0.728041 35 -0.0567911 0.0135495 0.669101 20
 -0.0300193 0.0963178 0.707105 188 -0.0340457 0.0730254 0.716972 6 -0.0499234 0.00346558 0.674284 5
 -0.0403527 0.0768688 0.715425 117 -0.051922 0.00627829 0.671499 83
 -0.0504706 -0.0106852 0.689485 198 -0.0477652 0.0626146 0.725066 2
 -0.0496629 -0.0253326 0.702947 200
 -0.05988 -0.0484635 0.716053 200
 -0.0813335 -0.0644846 0.726926 200
 -0.117356 -0.0807428 0.741781 200
 -0.0869769 -0.0786985 0.74762 111 -0.115401 -0.0829644 0.740821 2
 -0.0944864 -0.00435727 0.732781 199 -0.0984772 -0.0381285 0.724512 1
 -0.113844 -0.0126232 0.720122 200
 -0.0857542 -0.0176088 0.729515 28 -0.112598 -0.0706566 0.726949 11 -0.104759 -0.0341491 0.714053 3
 -0.103992 -0.0966137 0.746094 192 -0.118322 -0.119459 0.753499 8
