 -0.127523 0.0607302 0.745161 200
 -0.12671 0.0498571 0.747761 200
 -0.124288 0.0361358 0.755236 122 -0.124804 -0.139647 0.874043 38 -0.0694313 -0.0942813 0.750883 26
 -0.121269 0.0233685 0.761644 156 -0.0811334 -0.0928564 0.745996 30 -0.117196 -0.0832459 0.712921 11
 -0.114275 0.0103525 0.766475 105 -0.0894376 -0.0889777 0.745561 45 -0.108428 -0.0310931 0.765935 18
 -0.063684 -0.0237924 0.737567 58 -0.111695 0.0161614 0.769255 56 -0.109656 -0.0146821 0.768843 40
 -0.076708 0.0617171 0.703545 150 -0.0587015 0.0205284 0.703591 22 -0.11963 0.0592192 0.745598 11
 -0.0826883 0.0510298 0.716532 138 -0.06331 0.00619742 0.715125 28 -0.106169 -0.0804711 0.7039 13
 -0.0819703 0.0397167 0.724112 133 -0.127943 0.0152207 0.76805 17 -0.0703321 -0.0109028 0.736548 14
 -0.087728 0.0250463 0.73272 45 -0.0701593 -0.0668129 0.761063 30 -0.0570957 0.0401244 0.681086 30
 -0.0847777 -0.0718803 0.755543 53 -0.0834958 0.0159208 0.748687 48 -0.0918784 -0.0320727 0.769661 26
 -0.131741 -0.0779253 0.844221 41 -0.113636 -0.0746467 0.805312 31 -0.101524 -0.0335632 0.756761 30
 -0.0804215 0.0641313 0.701591 193 -0.129379 0.0566907 0.746755 7
 -0.0827027 0.0512045 0.711434 127 -0.0563436 0.0394221 0.683083 62 -0.0750502 0.0251311 0.732931 7
 -0.0833564 0.0321496 0.73165 111 -0.0738056 0.0034011 0.730294 22 -0.0824467 0.00855009 0.745999 19
 -0.0811099 0.0553919 0.703088 63 -0.0849209 0.0251338 0.737355 50 -0.0825391 -0.0155865 0.743136 31
 -0.083318 -0.00839695 0.750524 112 -0.0862569 -0.0725447 0.75305 20 -0.0837686 0.0238585 0.746479 20
 -0.114498 -0.0531813 0.803138 59 -0.0843085 0.0581288 0.700937 56 -0.0738611 -0.00379209 0.741024 29
 -0.049731 0.0481104 0.67256 158 -0.0820154 0.0656862 0.700276 29 -0.12602 0.0603287 0.746541 7
 -0.0520628 0.0361135 0.683241 191 -0.0784809 0.0575399 0.707332 4 -0.0507487 -0.0414849 0.724328 3
 -0.0565264 -0.0204961 0.696518 61 -0.0621257 0.0249885 0.696505 55 -0.12011 0.0220986 0.767339 37
 -0.0561069 -0.0315659 0.709147 60 -0.0587485 0.0137678 0.713759 59 -0.0563369 -0.0060684 0.658551 23
 -0.0559463 -0.0482576 0.736832 91 -0.0597841 -0.019839 0.725724 62 -0.088235 0.0456925 0.717773 28
 -0.0666486 -0.0613998 0.755936 172 -0.0558095 -0.0183555 0.739714 17 -0.0957494 -0.00214901 0.765438 10
 -0.0409795 -0.00356168 0.652845 41 -0.0589499 -0.0505665 0.741791 29 -0.0517883 0.0443993 0.676337 26
 -0.126932 0.0450168 0.760964 71 -0.114445 -0.0868598 0.70689 33 -0.0665443 -0.0457555 0.736836 22
 -0.117297 0.0141483 0.769346 108 -0.0641423 -0.0572362 0.751573 54 -0.055668 -0.04139 0.731361 36
 -0.10932 -0.012821 0.773618 106 -0.0663259 -0.0692872 0.755237 70 -0.114471 -0.120202 0.866366 12
 -0.0741043 -0.0549682 0.75524 116 -0.131926 -0.0603138 0.803087 29 -0.119497 -0.0294084 0.794614 27
 -0.0817486 -0.0599807 0.754002 52 -0.0829116 -0.0491926 0.778651 42 -0.0791406 -0.00118359 0.751866 39
 -0.137176 -0.0990122 0.855191 152 -0.12904 -0.0759308 0.852547 23 -0.115789 -0.0685582 0.814974 13
 -0.144747 -0.0876374 0.865611 91 -0.121746 -0.124831 0.869493 12 -0.0944798 0.00311197 0.772558 1
 -0.0854056 -0.00887527 0.759671 113 -0.101573 -0.0557047 0.800752 87
 -0.111254 -0.0439774 0.78723 127 -0.105667 -0.0627699 0.769573 33 -0.131664 -0.0539798 0.799229 22
 -0.0964243 -0.0599773 0.797052 99 -0.0831547 -0.00849682 0.760235 54 -0.134318 -0.0802793 0.854159 47
 -0.142199 -0.0992573 0.861078 174 -0.107097 -0.0623243 0.809789 11 -0.0820773 -0.00367976 0.758009 7
