 -0.151075 -0.173624 0.716392 197 -0.0445399 -0.141511 0.722962 3
 -0.150673 -0.165335 0.719415 200
 -0.148452 -0.146836 0.720752 200
 -0.145969 -0.13691 0.722992 200
 -0.142571 -0.121643 0.722615 191 -0.116724 -0.0811667 0.721558 7 -0.13819 -0.0650688 0.727629 2
 -0.142602 -0.105872 0.724909 72 -0.152085 -0.0397528 0.737245 71 -0.14923 -0.0651238 0.73336 36
 -0.102914 -0.194467 0.715571 148 -0.144874 -0.162617 0.72255 51 -0.0955149 -0.104121 0.724372 1
 -0.108061 -0.178134 0.714739 153 -0.138516 -0.149406 0.732234 43 -0.0736518 -0.138324 0.719579 3
 -0.110156 -0.157785 0.717639 186 -0.0759984 -0.15717 0.72252 13 -0.0764229 -0.099909 0.721615 1
 -0.114068 -0.145498 0.720727 198 -0.0789002 -0.119837 0.729153 2
 -0.10796 -0.120543 0.715916 191 -0.0759438 -0.143692 0.727165 9
 -0.114226 -0.109381 0.724087 199 -0.162309 -0.0071265 0.760557 1
 -0.0534788 -0.19731 0.720812 159 -0.10545 -0.198472 0.715478 24 -0.0082682 -0.0538637 0.810154 14
 -0.0578789 -0.178526 0.72518 197 -0.153566 -0.0294135 0.735894 2 -0.103381 -0.180485 0.717665 1
 -0.0718687 -0.14604 0.723589 156 -0.145248 -0.00206675 0.751946 38 -0.111086 -0.165297 0.721227 4
 -0.078062 -0.138399 0.725893 171 -0.143907 0.00422262 0.757702 26 -0.0477834 -0.124765 0.749134 2
 -0.086149 -0.115061 0.732997 88 -0.0863281 -0.107696 0.73263 72 -0.131345 -0.0176864 0.738441 23
 -0.0896409 -0.0891591 0.73556 137 -0.133704 -0.00835681 0.753463 58 -0.0453734 -0.201007 0.727684 4
 -0.0226942 -0.172285 0.749434 174 -0.0554311 -0.196537 0.721336 23 -0.0156189 -0.0459559 0.801802 3
 -0.0293535 -0.161656 0.751914 185 -0.0781671 -0.110776 0.722948 12 -0.0224971 -0.0570483 0.807924 3
 -0.0361474 -0.144629 0.748065 186 -0.0815266 -0.0959769 0.732806 12 -0.132854 -0.0156835 0.727121 2
 -0.0397842 -0.130014 0.749741 192 -0.134389 0.0074403 0.743715 8
 -0.05897 -0.105618 0.744288 104 -0.0677602 -0.0789422 0.740755 66 -0.0645803 -0.090274 0.739868 9
 -0.075571 -0.0793125 0.748233 200
 -0.00683046 -0.0618747 0.814503 200
 -0.0249465 -0.0549928 0.805543 200
 -0.0484964 -0.0424891 0.798297 200
 -0.0671189 -0.038114 0.7875 200
 -0.0717518 -0.0774287 0.754086 20 -0.151418 -0.0918779 0.73506 18 -0.0682142 -0.153578 0.730538 8
 -0.143053 -0.0357625 0.72758 30 -0.166399 -0.0286392 0.748631 29 -0.0893983 -0.0980865 0.731896 7
 -0.155465 -0.010718 0.750593 196 -0.182536 0.0127517 0.810154 4
 -0.125209 -0.00197286 0.765957 200
 -0.106691 -0.0638519 0.737604 199 -0.116125 -0.0321331 0.741968 1
 -0.133366 -0.0653281 0.72218 169 -0.131486 -0.0697278 0.722107 31
 -0.119036 -0.0422005 0.743804 200
 -0.141543 0.000645199 0.757021 194 -0.169432 0.0198079 0.813182 6
