 -0.109343 -0.166987 0.692144 200
 -0.110677 -0.160377 0.698327 200
 -0.114402 -0.139321 0.702556 200
 -0.11498 -0.127171 0.70742 193 -0.190695 -0.0393795 0.797279 7
 -0.115291 -0.112297 0.709986 200
 -0.120149 -0.0927535 0.713857 200
 -0.061743 -0.174882 0.686403 200
 -0.0671649 -0.160529 0.685968 200
 -0.0759601 -0.13873 0.692171 200
 -0.0802831 -0.130194 0.697499 194 -0.130342 -0.0532726 0.741048 5 -0.102894 -0.102894 0.701998 1
 -0.0812413 -0.104885 0.700794 196 -0.132484 -0.0426321 0.746337 4
 -0.086334 -0.0912765 0.712046 200
 -0.0245932 -0.171231 0.685785 195 -0.062781 -0.174625 0.681223 4 -0.0672358 -0.123201 0.696679 1
 -0.0321977 -0.157582 0.690408 180 -0.013771 -0.135303 0.692814 9 -0.049004 -0.173689 0.686156 7
 -0.0386935 -0.137301 0.692825 195 -0.0729195 -0.144772 0.690878 5
 -0.045342 -0.123664 0.696702 189 -0.146989 -0.00782807 0.784136 6 -0.0796335 -0.132608 0.695055 5
 -0.0540708 -0.100284 0.706029 200
 -0.081249 -0.0496971 0.725225 107 -0.0641764 -0.0828686 0.721017 81 -0.043348 -0.119447 0.701778 8
 0.00542978 -0.148024 0.709249 171 -0.0242264 -0.176373 0.687457 22 0.0043245 -0.0343679 0.767569 7
 -0.002249 -0.138728 0.714339 193 -0.0149731 -0.112583 0.717147 3 0.00760705 -0.0405883 0.77332 3
 -0.0112015 -0.118242 0.717144 160 -0.00742098 -0.0331279 0.77709 30 -0.0556722 -0.0510115 0.713775 4
 -0.0152625 -0.10706 0.719983 148 -0.038292 -0.0761438 0.72702 24 -0.0268736 -0.0344426 0.778511 18
 -0.0359897 -0.0857637 0.7222 83 -0.0334463 -0.0899019 0.721215 71 -0.04699 -0.0521731 0.721518 45
 -0.0534415 -0.061337 0.734293 199 -0.115663 -0.025094 0.753995 1
 0.0153981 -0.0366637 0.776797 200
 -0.00524328 -0.0358409 0.778113 200
 -0.0291289 -0.0311352 0.780085 200
 -0.0507568 -0.0316383 0.777133 200
 -0.123436 -0.080971 0.729438 17 -0.0165956 -0.119613 0.71693 14 -0.0780404 -0.140537 0.697545 6
 -0.129775 -0.0534203 0.739408 69 -0.0130933 -0.146365 0.715335 30 -0.0391244 -0.12364 0.702093 28
 -0.147468 -0.0234201 0.768609 200
 -0.117138 -0.0123081 0.774645 200
 -0.0867344 -0.0602175 0.729564 177 -0.11728 -0.0355855 0.752321 20 -0.0533659 -0.103771 0.723972 3
 -0.129819 -0.0552516 0.737016 118 -0.1152 -0.0636801 0.714218 48 -0.140941 -0.0582241 0.773846 24
 -0.109263 -0.0382129 0.74958 200
 -0.136452 -0.0125257 0.772683 200
