 -0.0722949 0.0330646 0.673609 96 -0.00895206 0.00614055 0.647265 34 0.0137862 -0.0286883 0.785487 28
 -0.0734806 0.0268803 0.679754 84 -0.0168164 -0.000319625 0.653246 34 -0.0425249 -0.0171704 0.664242 34
 -0.0347082 -0.0171924 0.662981 125 -0.0813606 0.0357905 0.707351 21 -0.0100131 -0.0417024 0.784023 15
 -0.0539401 -0.0212786 0.688605 102 -0.0798501 0.0329299 0.679213 58 -0.0779009 0.00316097 0.689186 18
 -0.0609938 -0.0252544 0.694353 108 -0.0787943 0.0249384 0.683809 61 -0.024454 -0.0506945 0.783459 19
 -0.0627585 -0.0610101 0.688972 112 -0.06445 -0.0651073 0.691499 70 -0.0871557 0.0339297 0.716801 9
 -0.0599599 0.0749909 0.701539 86 -0.0562517 0.0590669 0.670846 77 -0.00273591 0.0024061 0.650672 11
 -0.045229 0.0581646 0.672106 56 -0.0357885 -0.0175121 0.661029 43 -0.0677097 0.0675702 0.706402 34
 -0.0727032 0.0294578 0.680184 89 -0.0550404 -0.0199417 0.672012 35 -0.0599761 0.0287252 0.750172 33
 -0.0679862 0.0161379 0.680564 152 -0.0267797 -0.0440604 0.78236 21 -0.0620938 0.0215978 0.752563 21
 -0.070246 0.00789353 0.692443 197 -0.0740467 -0.0512346 0.688475 3
 -0.0745301 -0.0129087 0.698814 181 -0.0638627 0.0398558 0.678553 6 -0.0428983 -0.0243619 0.776107 6
 -0.0598042 0.0898722 0.700419 131 -0.0548064 0.0799786 0.665373 67 -0.031524 0.0650782 0.748929 1
 -0.0647318 0.0708052 0.704083 121 -0.0609852 0.0633297 0.670888 78 -0.0464236 0.0676267 0.755767 1
 -0.0216869 -0.0113104 0.654863 78 -0.0754881 0.0557468 0.709584 48 -0.0598495 0.0376072 0.753034 48
 -0.0753295 0.0444574 0.710938 82 -0.0585564 0.0290501 0.747406 34 -0.0705449 0.0304905 0.68101 23
 -0.0726197 0.0122762 0.685181 125 -0.0621857 0.0724571 0.705446 22 -0.0776055 0.0176005 0.717801 17
 -0.0671715 0.0126709 0.745021 103 -0.0822861 -0.0396788 0.712565 37 -0.0734126 0.00382693 0.691321 12
 0.014882 -0.0317211 0.786175 115 -0.0360117 0.0854068 0.749881 81 -0.0565216 0.0929255 0.69975 4
 -0.0417982 0.0727954 0.75047 109 0.00301633 -0.0334088 0.790809 91
 -0.0497216 0.0580079 0.750499 101 -0.00772946 -0.0385211 0.786703 78 -0.0716525 0.0331306 0.670773 15
 -0.0209638 -0.0438724 0.792792 69 -0.056519 0.039105 0.750025 33 -0.065056 0.0486611 0.675171 27
 0.00238147 -0.0290357 0.796549 69 -0.058219 0.0263135 0.755422 55 -0.0765421 -0.00674474 0.690872 45
 -0.0558757 -0.0477339 0.76498 34 -0.0127978 -0.0341077 0.792475 26 -0.0860915 -0.0333405 0.732296 22
 0.0122003 -0.0278481 0.78985 170 -0.0300713 0.0619136 0.753211 14 -0.0614509 0.0819604 0.664559 11
 -0.00271333 -0.0311411 0.791215 187 -0.0596232 0.0471072 0.677207 10 -0.0344463 0.0576836 0.758179 1
 -0.019057 -0.0216072 0.787458 57 -0.0433096 -0.0562136 0.765881 46 -0.0159548 -0.0362465 0.791745 45
 -0.0309195 -0.0423979 0.789266 165 -0.0488017 -0.0752144 0.774899 28 -0.0492137 0.0388421 0.755427 6
 -0.0381797 -0.0526276 0.787424 81 -0.0172762 -0.02898 0.794077 30 -0.064596 -0.10254 0.725698 15
 -0.055831 -0.0680943 0.750954 72 -0.0566052 -0.0864656 0.711135 49 -0.0548568 -0.0812076 0.708283 35
 -0.114318 -0.11746 0.737367 200
 -0.119377 -0.11233 0.749677 12 -0.0967715 -0.0540231 0.725487 12 -0.0787681 -0.0458125 0.698689 8
 -0.0874696 -0.040238 0.727734 139 -0.0808487 -0.048671 0.695369 23 -0.0651544 -0.00908314 0.702059 22
 -0.0768769 -0.0697563 0.705384 189 -0.0396438 -0.046368 0.776886 8 -0.00829997 -0.0262102 0.78615 2
 -0.0966597 -0.0718909 0.733975 68 -0.0793233 -0.0328442 0.714094 55 -0.0954147 -0.0678832 0.731969 49
 -0.115445 -0.116297 0.739744 109 -0.0909249 -0.0724466 0.725935 50 -0.071929 -0.0549756 0.6988 36
