 -0.0506292 0.0116803 0.626766 130 0.0257499 -0.0224569 0.789119 36 -0.069856 0.0162421 0.683367 25
 -0.0534802 0.00174204 0.631649 163 -0.0702959 0.00386041 0.691186 24 -0.0621376 0.0863773 0.702059 8
 -0.0615781 -0.0168592 0.652978 156 -0.0695914 0.0480378 0.673325 27 -0.0439588 0.0608296 0.746842 7
 -0.0629836 -0.025833 0.664542 133 -0.0585035 -0.010395 0.650514 28 -0.0702981 0.0386598 0.680848 25
 -0.0667139 -0.0318054 0.672594 116 -0.0586517 -0.00896379 0.650868 42 -0.0694882 0.0299973 0.688272 25
 -0.0682539 -0.0446341 0.682515 152 -0.0698979 0.0310568 0.740474 34 -0.0835336 -0.0859662 0.705108 9
 -0.0613733 0.0662704 0.671787 165 -0.0603577 0.0870739 0.699349 22 -0.0448812 0.0324981 0.744603 3
 -0.0666948 0.0475994 0.677127 181 -0.0477321 0.0620013 0.750942 12 -0.0601694 0.0794845 0.707371 4
 -0.0691732 0.0283436 0.684793 189 -0.0657609 -0.00680355 0.691586 5 -0.0510548 -0.0496534 0.690915 3
 -0.0677727 0.0155646 0.688773 157 -0.0511174 -0.00887726 0.644677 34 -0.0487219 -0.0714871 0.754885 6
 -0.0681894 0.0170061 0.692224 164 -0.0539846 0.0563961 0.751442 18 -0.0551245 -0.0484519 0.692531 8
 -0.0634033 -0.0154858 0.660367 42 -0.0736615 -0.0554368 0.686056 26 -0.0672292 0.0269176 0.689964 21
 -0.056363 0.0920486 0.701593 178 -0.0669004 0.0566724 0.673783 11 -0.0537154 0.0796403 0.673474 8
 -0.058555 0.0672087 0.674243 100 -0.0620292 0.078392 0.707968 84 -0.0438398 0.0648757 0.749551 9
 -0.0664566 0.0480739 0.678138 136 -0.0732148 -0.0131054 0.698713 24 -0.0598039 0.0522462 0.751204 17
 -0.07153 0.0217795 0.686192 96 -0.0586738 -0.00636804 0.636706 59 -0.0394133 0.0454096 0.749439 25
 -0.0741497 -0.00670876 0.697236 41 -0.0727475 0.00027119 0.694322 35 -0.0603787 -0.0565198 0.689472 21
 -0.0639444 0.0195049 0.734273 59 -0.0640187 -0.030401 0.745938 40 -0.0408781 -0.0543109 0.751262 17
 -0.0330321 0.0834059 0.746333 200
 -0.0377481 0.0705811 0.74998 199 -0.0539449 0.0846826 0.704766 1
 -0.0462604 0.0557845 0.751331 176 -0.064467 0.0557963 0.672221 22 0.00619168 -0.0355433 0.786613 2
 -0.0541095 0.0387058 0.749713 181 -0.0245303 -0.0411141 0.774141 10 -0.0637556 0.0442614 0.683539 3
 -0.0531651 0.0329612 0.752854 78 -0.0554488 -0.0249624 0.761117 55 -0.0392137 -0.0557545 0.753871 33
 -0.0608595 -0.0289846 0.759015 200
 0.0197066 -0.0278229 0.786898 200
 0.00155292 -0.0394399 0.787293 200
 -0.0174854 -0.0535532 0.788936 200
 -0.0327681 -0.0631328 0.782403 178 -0.0498302 -0.0823057 0.762146 16 -0.0544761 0.0447837 0.751074 6
 -0.050793 -0.0814058 0.764165 110 -0.0261725 -0.0547388 0.787744 21 -0.0710488 -0.0528556 0.689539 7
 -0.0535933 -0.0816301 0.749601 78 -0.0724205 -0.111258 0.719911 37 -0.0592848 -0.0887168 0.709309 17
 -0.108713 -0.118342 0.739351 200
 -0.0600975 -0.0326695 0.760698 3 -0.0954076 -0.136835 0.76073 1
 -0.0817667 -0.0655359 0.692401 16 -0.0862794 -0.0897694 0.718526 15 -0.0641148 -0.0444729 0.756421 10
 -0.073118 -0.08053 0.701452 153 -0.0567736 -0.0393375 0.676149 22 -0.0673041 -0.10995 0.724108 8
 -0.076595 -0.0516853 0.696994 26 -0.0914763 -0.0795055 0.729669 23 -0.0821994 -0.100314 0.722555 11
 -0.110285 -0.120574 0.743018 117 -0.0992648 -0.138136 0.75877 16 -0.0562848 -0.027835 0.757496 9
