 -0.13145 -0.0954105 0.644934 120 0.0318746 -0.0305538 0.740219 30 -0.171243 -0.127821 0.834807 18
 -0.13282 -0.0895723 0.653875 133 0.0210833 -0.0321143 0.74414 23 -0.175943 -0.124215 0.843764 14
 -0.131194 -0.0782061 0.672117 147 0.000173711 -0.0354807 0.75806 30 -0.179092 -0.124161 0.846594 10
 -0.128909 -0.0747555 0.680655 150 -0.012813 -0.0402966 0.764502 30 -0.151681 -0.0806627 0.640901 4
 -0.126602 -0.0701688 0.689711 86 -0.08476 -0.0584994 0.646016 31 -0.175531 -0.0963114 0.850283 14
 -0.124994 -0.0612224 0.715104 105 -0.0846533 -0.0427425 0.67653 20 -0.0893246 -0.0423246 0.713533 14
 -0.0513662 -0.0749056 0.612292 56 -0.0193206 -0.0747612 0.641644 46 -0.0895857 -0.0698061 0.637259 41
 -0.0926691 -0.0678737 0.637685 55 -0.056208 -0.0639087 0.623216 36 -0.121123 -0.059537 0.690495 34
 -0.0621865 -0.0578944 0.641175 46 -0.00845247 -0.0432484 0.755664 40 -0.123048 -0.0756925 0.698767 33
 -0.100221 -0.0461202 0.719554 48 -0.104176 -0.0592656 0.672563 23 -0.0987234 -0.063225 0.665645 22
 -0.0944354 -0.0569812 0.67333 94 -0.0560484 -0.053115 0.644101 32 -0.0475902 -0.0472922 0.678309 21
 -0.0977428 -0.0505407 0.704119 132 -0.0679344 -0.0436479 0.658099 18 -0.0698254 -0.0442926 0.708039 16
 0.0134488 -0.0329906 0.746607 52 -0.0146013 -0.0808949 0.63963 52 -0.0500124 -0.0651863 0.6252 25
 0.00668778 -0.0374461 0.753742 58 -0.0578638 -0.0617821 0.639013 47 -0.124477 -0.0690432 0.685152 38
 -0.0576645 -0.0627221 0.63411 48 -0.0623118 -0.0427093 0.661943 44 -0.00385266 -0.0416352 0.759429 23
 -0.0621114 -0.0563901 0.651968 94 -0.11836 -0.0626128 0.704976 36 -0.0489463 -0.0414977 0.700367 20
 -0.0563127 -0.0507093 0.656703 57 -0.0691649 -0.0463423 0.697761 52 -0.0294708 -0.0359311 0.69073 29
 -0.0685769 -0.0415763 0.717152 152 -0.0691551 -0.0426072 0.682953 14 -0.0821361 -0.0460499 0.650572 12
 -0.0182406 -0.0772086 0.644626 122 0.0283825 -0.024494 0.741142 40 -0.132379 -0.129354 0.844587 30
 -0.0239668 -0.0693447 0.653176 148 0.0178588 -0.031012 0.746148 44 -0.0620191 -0.0745602 0.620342 4
 -0.0289997 -0.0578771 0.670213 139 0.00642632 -0.0388789 0.754025 43 -0.0420891 -0.036421 0.715324 6
 -0.0343592 -0.0518427 0.678344 129 -0.0112762 -0.0431385 0.763894 37 -0.0813299 -0.0496306 0.661169 18
 -0.0427815 -0.0429109 0.705585 150 -0.011013 -0.0502467 0.771267 12 -0.0634678 -0.055426 0.653898 8
 -0.0551494 -0.0385088 0.725465 165 -0.0962078 -0.0408751 0.725772 9 -0.0927617 -0.0439875 0.722608 7
 0.0253808 -0.0299089 0.744772 195 -4.22956e-05 -0.0434141 0.763613 5
 0.00353618 -0.0387738 0.756207 200
 -0.0231466 -0.0398082 0.768767 186 -0.126921 -0.0810538 0.678354 6 -0.0321459 -0.05911 0.670353 3
 -0.0303837 -0.0422609 0.77463 100 -0.0627216 -0.0418216 0.709658 42 -0.127632 -0.113409 0.851034 37
 -0.136901 -0.108797 0.834946 15 -0.0581125 -0.0719129 0.617505 2 -0.0246455 -0.0588224 0.76948 1
 -0.10031 -0.0699582 0.646397 12 -0.0126643 -0.0276604 0.75365 10 -0.025793 -0.0512578 0.770037 9
 -0.11932 -0.062748 0.712454 68 -0.163315 -0.105603 0.840156 36 -0.158212 -0.105911 0.833776 35
 -0.0578969 -0.0338279 0.724737 8 -0.0954298 -0.0460015 0.723385 1
 -0.0775046 -0.0443288 0.715315 140 -0.0895556 -0.0337422 0.663204 20 -0.0113104 -0.0451935 0.757478 11
 -0.110477 -0.0590721 0.678902 56 -0.131255 -0.0548128 0.689573 29 -0.0806298 -0.0517104 0.657471 22
 -0.0755783 -0.0509341 0.706192 67 -0.0605716 -0.0423804 0.720774 36 -0.0978329 -0.0458047 0.722025 26
 -0.0966897 -0.0492511 0.718302 23 -0.0109064 -0.0403925 0.765228 6 -0.0980318 -0.0543162 0.629352 4
