 -0.0832942 0.0316073 0.683363 67 -0.0164054 0.0710161 0.73286 59 -0.0615744 0.0828438 0.704179 58
 -0.0242658 0.0601613 0.735508 65 -0.0676636 0.0730174 0.706272 42 -0.0638189 0.0686699 0.671587 38
 -0.0754058 -0.0161583 0.657068 69 -0.0847626 0.022318 0.688258 52 -0.0710031 0.0544929 0.678133 38
 -0.0766351 -0.0244422 0.664157 115 -0.0701327 0.0426411 0.683785 46 -0.0719592 0.0489443 0.716503 18
 -0.0744165 -0.0298121 0.672293 181 -0.0662268 0.0199812 0.727291 12 -0.089423 -0.000252175 0.70318 3
 -0.0706935 -0.0458442 0.68219 191 -0.0902674 0.011975 0.693127 6 -0.0391452 -0.0411746 0.754653 2
 -0.0824565 0.060674 0.671173 165 -0.0606949 0.0463879 0.715838 19 -0.0605062 0.0756745 0.708771 13
 -0.0845417 0.0466037 0.678156 177 -0.0703394 0.0486213 0.717216 9 -0.0668565 0.0552898 0.715733 8
 -0.0829611 0.0289244 0.684797 112 -0.0628059 -0.00108092 0.749408 41 -0.0740658 0.0179064 0.635396 19
 -0.0807542 0.0147411 0.691433 104 -0.0746885 0.000855024 0.642823 55 -0.0834963 0.0510696 0.677109 16
 -0.065939 -0.00772289 0.717844 47 -0.0745817 -0.0127406 0.659907 37 -0.0341626 0.048366 0.744853 25
 -0.0737931 0.00747478 0.727508 105 -0.0685917 -0.0164022 0.723838 33 -0.0723023 0.00195452 0.727319 19
 -0.0597253 0.0824702 0.704491 195 -0.0816911 0.0618029 0.672383 5
 -0.06494 0.0699206 0.708915 185 -0.0481716 0.0433723 0.732409 10 -0.0275808 0.0564908 0.743173 2
 -0.0698738 0.0476974 0.716479 173 -0.0720811 0.0492168 0.678627 18 -0.0399642 0.0409932 0.742557 7
 -0.0701003 0.03577 0.718539 138 -0.0605963 0.022979 0.745366 21 -0.043156 0.0393931 0.743027 14
 -0.0713358 0.0174565 0.745753 113 -0.0686213 0.0341442 0.723931 43 -0.0681244 0.00550578 0.732116 33
 -0.0690964 0.00530504 0.738726 58 -0.0679207 -0.0212874 0.730434 44 -0.0573178 0.0180662 0.753414 30
 -0.0222516 0.0702281 0.733284 200
 -0.0280394 0.0597149 0.73833 199 -0.024447 -0.00473891 0.823434 1
 -0.034525 0.0482125 0.739432 177 -0.0375007 -0.0266685 0.815357 15 -0.0256661 0.0261305 0.821192 5
 -0.0366237 0.0451622 0.741973 155 -0.0367612 -0.069675 0.789083 18 -0.0462266 -0.0177761 0.743622 13
 -0.0424567 0.0274604 0.750038 119 -0.0399838 -0.0523053 0.747289 39 -0.0428428 -0.0518522 0.798818 23
 -0.0622133 0.00984617 0.747039 58 -0.0403281 -0.0125867 0.819326 34 -0.0596805 -0.0436736 0.759184 32
 -0.0215026 0.0664136 0.737441 183 -0.0245171 -0.00387795 0.820389 13 -0.0661929 0.0817368 0.707878 4
 -0.0350473 -0.0216894 0.813353 100 -0.0349866 0.0460391 0.74148 98 -0.0714962 0.0576474 0.717646 1
 -0.0440692 -0.0391783 0.804841 116 -0.0419286 -0.0629814 0.771244 40 -0.0332999 0.0318075 0.746701 31
 -0.0460409 -0.0904253 0.757069 59 -0.0457666 -0.0598287 0.796013 56 -0.0386708 -0.0227607 0.816014 32
 -0.0447771 -0.0349392 0.809359 64 -0.0368039 -0.061191 0.76022 58 -0.0529305 0.0254963 0.747963 33
 -0.05523 -0.0967898 0.748001 81 -0.0455735 -0.026727 0.804972 40 -0.055532 -0.0677766 0.760983 27
 -0.0984644 -0.130033 0.745608 200
 -0.102531 -0.134405 0.751994 9 -0.0523949 -0.0332378 0.808246 7 -0.0605377 -0.0465774 0.761722 5
 -0.0689354 0.0168467 0.753575 48 -0.0652701 -0.0670725 0.743601 38 -0.08277 -0.0713328 0.70724 23
 -0.0726329 -0.094145 0.710888 46 -0.0616651 -0.00106423 0.740062 25 -0.0687364 -0.027289 0.670648 22
 -0.0779097 -0.0721924 0.700669 7 -0.0744428 -0.0952463 0.713727 4 -0.0610061 0.0119339 0.723173 2
 -0.0950657 -0.124048 0.73845 105 -0.108611 -0.13219 0.763431 8 -0.106353 -0.131928 0.758966 6
