 -0.214214 0.0430057 0.737183 89 -0.186605 0.0429634 0.680008 73 -0.0390202 -0.0402096 0.745944 18
 -0.186912 0.0313947 0.684738 84 -0.213846 0.0315435 0.742153 82 -0.189572 0.0194028 0.706336 20
 -0.208296 0.0136845 0.749401 140 -0.187715 0.0117192 0.712844 56 -0.153173 -0.0272966 0.754801 3
 -0.198383 0.00723986 0.753431 125 -0.184484 0.00497885 0.719104 62 -0.182746 0.0179159 0.705439 12
 -0.191239 -0.00814039 0.756238 89 -0.194277 -0.00395892 0.756504 71 -0.182975 -0.000210874 0.728506 13
 -0.189953 -0.0156606 0.757421 200
 -0.128978 0.0495047 0.683325 93 -0.217944 0.0342444 0.73732 55 -0.131249 0.0368562 0.707626 45
 -0.217772 0.0236905 0.744533 47 -0.141454 0.0379995 0.697452 45 -0.138035 0.0303898 0.714156 38
 -0.173518 -0.000162973 0.732461 111 -0.163161 0.0167329 0.707463 29 -0.141936 0.0223371 0.719035 24
 -0.173404 0.0112711 0.718833 172 -0.150848 -0.0112474 0.75221 20 -0.149869 0.0098571 0.731634 6
 -0.170176 -0.00999118 0.748963 200
 -0.168087 -0.0243518 0.761133 200
 -0.133933 0.044597 0.689711 191 -0.191341 0.0340406 0.682872 9
 -0.139064 0.0304943 0.71534 76 -0.138996 0.0347596 0.703694 73 -0.201742 0.0327447 0.739302 16
 -0.14364 0.0153203 0.731833 168 -0.105362 -0.00369602 0.734407 18 -0.180355 0.000930241 0.733687 7
 -0.145203 0.00812315 0.737095 149 -0.11099 -0.00662547 0.737945 24 -0.16777 -0.0079693 0.741477 23
 -0.143256 -3.33335e-05 0.752411 179 -0.198324 -0.00185496 0.755286 21
 -0.141252 -0.0193065 0.762648 200
 -0.0973727 0.0227853 0.682077 178 -0.210003 0.0411183 0.737282 17 -0.144782 -0.00891109 0.745838 3
 -0.0998001 0.0127244 0.688343 154 -0.137646 0.0417618 0.689521 24 -0.210703 0.0328487 0.743371 20
 -0.106561 0.00185627 0.722825 137 -0.134562 0.0290389 0.715514 45 -0.133916 -0.00934384 0.752574 8
 -0.110751 -0.00308444 0.736262 176 -0.132832 0.0106753 0.731799 17 -0.185969 0.0100122 0.714351 3
 -0.114903 -0.00812765 0.753774 200
 -0.120259 -0.0227317 0.765209 131 -0.149205 0.0132621 0.743292 26 -0.166486 -0.0217559 0.726793 16
 -0.0458218 -0.0459094 0.745832 200
 -0.0649225 -0.0571407 0.752989 200
 -0.081322 -0.069388 0.763185 200
 -0.0973789 -0.0765294 0.770319 200
 -0.12061 -0.0909257 0.780845 200
 -0.150914 -0.100346 0.796067 200
 -0.188121 -0.107095 0.817374 196 -0.180295 -0.101455 0.791167 4
 -0.152088 -0.108085 0.82433 89 -0.150825 -0.102357 0.793489 9 -0.192268 -0.0268518 0.768065 3
 -0.156131 -0.0448511 0.777309 178 -0.189385 -0.00438234 0.704966 15 -0.164893 0.00335177 0.738906 3
 -0.178528 -0.04919 0.77117 198 -0.198056 -0.00914 0.761164 2
 -0.171352 -0.0150804 0.756377 45 -0.136961 -0.0640954 0.783363 3 -0.158119 -0.113923 0.81067 1
 -0.165432 -0.120636 0.817793 90 -0.160374 -0.118892 0.817941 2 -0.144279 0.0367137 0.687195 1
