 -0.156263 0.0687309 0.791794 177 -0.078486 0.0526529 0.7482 22 -0.0916736 -0.0560248 0.811558 1
 -0.155612 0.058168 0.794964 200
 -0.153874 0.0423875 0.802349 199 -0.148862 0.00520091 0.803977 1
 -0.150643 0.0312302 0.805808 199 -0.0498241 -0.0185604 0.83023 1
 -0.149801 0.0173337 0.811961 198 -0.0526044 -0.0239039 0.822594 1 -0.143192 0.053898 0.813506 1
 -0.147312 -0.0038963 0.813639 200
 -0.101301 -0.0291054 0.784853 96 -0.107039 0.0185987 0.726057 38 -0.0771231 0.0611155 0.749313 20
 -0.108022 -0.0159708 0.780472 103 -0.111018 0.00403539 0.732726 38 -0.147608 0.0490793 0.802517 18
 -0.134358 -0.005917 0.812192 95 -0.113316 0.00795504 0.787568 62 -0.106568 0.0152913 0.727121 10
 -0.118063 0.00794244 0.793713 118 -0.0740188 -0.0174097 0.82639 44 -0.149525 0.0187673 0.798855 13
 -0.115813 -0.0168381 0.821635 49 -0.118952 0.00986126 0.80279 44 -0.116057 -0.0100823 0.818088 32
 -0.122444 -0.00371193 0.812002 82 -0.118172 -0.0317359 0.829983 42 -0.121294 -0.00842665 0.814322 40
 -0.151546 0.0700404 0.795639 104 -0.0884742 -0.0479861 0.815322 42 -0.0724627 0.0532132 0.754449 17
 -0.0939954 -0.0253451 0.786489 87 -0.113412 -0.0208243 0.814653 34 -0.114759 -0.0167498 0.813027 24
 -0.0955215 -0.00909284 0.781473 67 -0.0967897 -0.00467091 0.779614 55 -0.0907255 -0.00112867 0.814647 49
 -0.0902253 0.0025208 0.815693 94 -0.0948053 0.00348483 0.778211 36 -0.145135 0.023129 0.81409 28
 -0.0994639 0.00875019 0.787825 200
 -0.13442 0.0147154 0.814662 43 -0.103586 0.00735974 0.790237 34 -0.0928222 -0.00948268 0.824383 30
 -0.0788608 0.0602765 0.745719 127 -0.00431195 0.00115643 0.802899 50 -0.155507 0.0718624 0.791944 19
 -0.0789315 0.0502415 0.756095 149 -0.01189 -0.00749085 0.808522 35 -0.15326 0.0623785 0.798019 15
 -0.0773591 0.0387027 0.773756 178 -0.152543 0.0452076 0.799886 16 -0.0241226 -0.0216242 0.81289 5
 -0.0818513 0.0330884 0.791633 181 -0.0315549 -0.0314578 0.820522 13 -0.150777 0.0342137 0.805248 6
 -0.0799451 0.0229857 0.810308 192 -0.152009 0.019222 0.803323 7 -0.0904335 -0.00858138 0.78467 1
 -0.0828382 -0.00193339 0.830113 144 -0.151187 0.00180354 0.821988 52 -0.0751575 -0.0365925 0.826664 4
 -0.00790521 -0.00321155 0.807548 199 -0.0792915 0.052916 0.772024 1
 -0.0225859 -0.0183431 0.816739 200
 -0.037669 -0.0361328 0.825468 200
 -0.0495361 -0.0499952 0.830303 200
 -0.0761676 -0.0700449 0.83372 200
 -0.105643 -0.0813315 0.834939 200
 -0.146611 -0.0901959 0.850504 200
 -0.0954953 -0.0843007 0.833485 40 -0.11898 -0.10657 0.861591 10 -0.147473 -0.0598924 0.8298 1
 -0.119745 -0.0449495 0.830878 102 -0.103254 -0.0347688 0.796631 44 -0.112662 -0.0238926 0.826381 7
 -0.13419 -0.0346949 0.822534 200
 -0.106393 -0.0522574 0.807178 5 -0.111712 -0.0537143 0.833616 1 -0.104046 -0.0322835 0.820848 1
 -0.136163 -0.106671 0.856507 71 -0.138747 -0.103339 0.856481 21 -0.110788 -0.00532024 0.796464 8
