 -0.165287 0.050785 0.773672 200
 -0.163154 0.03979 0.777152 200
 -0.161345 0.0265069 0.786466 199 -0.112135 0.0717958 0.755016 1
 -0.157116 0.0166141 0.793048 199 -0.11013 0.0824498 0.758894 1
 -0.150766 0.00868721 0.798315 200
 -0.146466 -0.0131533 0.804366 200
 -0.113514 0.0708211 0.757688 171 -0.101641 0.0667013 0.713187 16 -0.0845181 0.0537161 0.733253 13
 -0.119897 0.0573982 0.76752 197 -0.156744 0.032331 0.785947 3
 -0.118917 0.0466742 0.779641 197 -0.109018 0.0462528 0.730648 3
 -0.12235 0.0357057 0.787385 174 -0.131371 0.0129642 0.801609 21 -0.117251 0.0381138 0.759559 5
 -0.121978 0.0203432 0.799142 195 -0.113922 0.0213322 0.766522 5
 -0.122435 -0.000282298 0.808794 200
 -0.109691 0.0765538 0.756781 90 -0.0941917 0.0661837 0.72317 65 -0.163004 0.052573 0.774427 45
 -0.0880812 0.0442663 0.735862 123 -0.11186 0.0583545 0.766447 76 -0.167301 0.0461598 0.782668 1
 -0.0895906 0.033191 0.765664 96 -0.111445 0.0295161 0.782824 50 -0.113889 0.0349233 0.78039 21
 -0.0928389 0.0228716 0.77613 105 -0.111256 0.00255509 0.796301 53 -0.12063 0.0389614 0.780406 26
 -0.0952795 0.00788343 0.800719 198 -0.0872888 0.0186634 0.766805 2
 -0.0995863 -0.00924657 0.814385 200
 0.00521083 -0.0125317 0.790221 91 -0.113328 0.0741994 0.755126 59 -0.1047 0.0658698 0.716131 22
 -0.0739846 -0.0394056 0.776111 108 -0.00132035 -0.0216264 0.794938 58 -0.0973581 0.07325 0.721204 9
 -0.0694284 -0.0212715 0.776018 145 -0.0108684 -0.0337314 0.801742 32 -0.104638 0.0540601 0.72917 13
 -0.0662502 -0.00204597 0.779263 187 -0.0285893 -0.0430241 0.811123 11 -0.113479 0.0404424 0.783725 2
 -0.0891836 0.0121494 0.800498 108 -0.0754026 -0.00669957 0.777776 79 -0.0682262 -0.0108506 0.827947 11
 -0.0734406 -0.0178084 0.781176 62 -0.0737828 -0.0204419 0.820197 59 -0.095061 8.24801e-05 0.808503 43
 0.00354047 -0.0171829 0.79462 200
 -0.0138598 -0.0325072 0.803044 200
 -0.0316994 -0.0481676 0.812464 200
 -0.0451297 -0.0610883 0.819965 200
 -0.0716717 -0.0785943 0.825253 198 -0.0962123 -0.0928052 0.848073 2
 -0.102373 -0.0903431 0.829982 200
 -0.144275 -0.0970723 0.847553 200
 -0.123996 -0.120937 0.861368 21 -0.107293 -0.0987612 0.849476 13 -0.140445 -0.10222 0.846564 3
 -0.110799 -0.0378226 0.8274 100 -0.119087 -0.0140743 0.817712 19 -0.126918 -0.0924296 0.841497 1
 -0.128665 -0.0409373 0.818356 200
 -0.101065 -0.0595008 0.82953 28
 -0.133109 -0.112073 0.853525 78 -0.0870839 0.0791375 0.756791 12
