 -0.0710454 0.0151698 0.636967 149 -0.084588 0.0292879 0.686464 27 0.0331693 -0.0317688 0.747301 14
 -0.0723872 0.00634566 0.642085 174 -0.0857224 0.0131405 0.694277 16 -0.0779874 -0.016827 0.660947 8
 -0.0747698 -0.00932332 0.656424 198 -0.0668325 0.0515183 0.70055 2
 -0.0755949 -0.0287616 0.674333 102 -0.0750168 -0.0216799 0.667948 48 -0.083972 0.0250154 0.694174 19
 -0.0725234 -0.0357051 0.682484 155 -0.0506409 0.0451705 0.75485 18 -0.0915118 -0.0923394 0.71608 14
 -0.0725162 -0.0477982 0.687099 171 -0.0799751 0.0320077 0.689221 22 -0.0888226 -0.0876183 0.717069 5
 -0.0732309 0.0616814 0.677352 197 -0.0722241 0.0760564 0.711892 3
 -0.0770732 0.0459256 0.68265 198 -0.0769722 0.0661282 0.711339 2
 -0.0775285 0.0313825 0.689413 121 -0.0716623 -0.0129253 0.661522 29 -0.080209 -0.0483294 0.684835 16
 -0.077378 0.0242803 0.692675 63 -0.0698502 -0.0188865 0.663644 55 -0.0404563 -0.0464206 0.744622 24
 -0.0780967 0.00339731 0.701158 72 -0.0497563 -0.0581505 0.750796 31 -0.0578263 0.0538469 0.755916 22
 -0.0715259 -0.0178849 0.708501 171 -0.057152 -0.0634243 0.753104 9 -0.0720865 0.0221467 0.724375 9
 -0.0576406 0.0868578 0.707891 181 -0.0758853 0.0741451 0.674135 12 -0.0404963 0.037681 0.753281 4
 -0.0631609 0.0700947 0.711838 175 -0.0636994 0.0631368 0.676897 22 -0.0563633 0.0794625 0.741492 3
 -0.0661897 0.0504065 0.717861 110 -0.075665 0.0477685 0.686386 56 -0.0521305 0.0763559 0.749895 12
 -0.0669542 0.0336537 0.719017 85 -0.0806163 -0.0728771 0.697413 25 -0.0606481 0.0405269 0.750302 24
 -0.0669032 0.00651965 0.724829 62 -0.0624298 -0.0162472 0.717 54 -0.0537213 -0.055891 0.747436 46
 -0.0644088 -0.0231255 0.73181 102 -0.0599185 0.0283313 0.744092 36 -0.0576126 -0.0397637 0.755878 29
 -0.0358127 0.0810849 0.747757 116 0.0324997 -0.040328 0.744356 59 -0.0546327 0.0844369 0.709209 10
 -0.0390724 0.0708484 0.749897 165 -0.0496757 0.0731239 0.714298 21 0.0269092 -0.0445712 0.751787 5
 -0.0449553 0.0555718 0.752483 150 -0.0588347 0.0644629 0.712848 19 -0.0557024 0.0568631 0.716472 10
 -0.0550525 0.0400959 0.755191 107 -0.0739211 -0.0160457 0.699194 15 -0.046173 0.0753375 0.753119 15
 -0.0476538 -0.0094723 0.755317 113 -0.0452115 -0.00126274 0.755345 77 -0.080287 -0.0527761 0.697178 5
 -0.0524681 -0.0333648 0.758564 196 -0.0686141 0.0205072 0.74995 4
 0.0253601 -0.0382716 0.747247 200
 0.00852602 -0.0500961 0.755698 200
 -0.0115022 -0.0621817 0.766152 200
 -0.0259131 -0.0724528 0.766679 189 -0.0515569 0.0360647 0.757567 9 -0.0332588 -0.0409813 0.767051 2
 -0.0456436 -0.0878641 0.75964 100 -0.056162 0.0408854 0.755366 49 -0.0550947 -0.0964092 0.734055 1
 -0.0563867 -0.0904526 0.75022 169 -0.0685363 -0.111365 0.733874 15 -0.0528886 0.0161398 0.754673 7
 -0.106581 -0.115508 0.744345 200
 -0.0570239 0.0181299 0.754908 12 -0.0440182 -0.0546143 0.760456 11 -0.105104 -0.119553 0.749557 8
 -0.0656189 -0.0595927 0.748241 50 -0.0777839 -0.0590485 0.690698 47 -0.0590152 0.0256622 0.75344 36
 -0.0719471 -0.0591289 0.690162 118 -0.0854831 -0.0932272 0.707991 39 -0.0653993 -0.0528574 0.739962 11
 -0.0748248 -0.0503755 0.691223 6 -0.0332224 -0.0522846 0.752302 3 -0.0761574 -0.0530585 0.694069 2
 -0.109835 -0.120469 0.750082 47 -0.10019 -0.10641 0.729576 29 -0.0551379 0.0585355 0.70629 7
