 -0.145881 -0.173692 0.712256 163 -0.0844637 -0.199666 0.723557 17 -0.0762827 -0.202437 0.721368 16
 -0.146385 -0.162762 0.715418 200
 -0.144283 -0.145081 0.717318 200
 -0.142961 -0.133171 0.719904 200
 -0.142027 -0.1217 0.718682 198 -0.136869 -0.0637972 0.727129 2
 -0.152824 -0.0436681 0.736372 135 -0.138913 -0.100375 0.723985 61 -0.17168 -0.0109824 0.756287 4
 -0.0762579 -0.195029 0.725887 98 -0.0882893 -0.1931 0.726078 98 -0.0346693 -0.150656 0.740912 2
 -0.0894063 -0.186826 0.727145 102 -0.0930361 -0.182891 0.72687 75 -0.0354719 -0.149562 0.739479 11
 -0.102787 -0.162663 0.72582 161 -0.117751 -0.0973592 0.723474 25 -0.131765 -0.114277 0.729517 9
 -0.110635 -0.146719 0.728496 161 -0.121297 -0.0839442 0.7239 24 -0.165003 -0.000220066 0.760693 14
 -0.10829 -0.124102 0.724318 195 -0.143549 -0.017569 0.741759 5
 -0.109987 -0.101325 0.724645 148 -0.0944719 -0.126974 0.726072 48 -0.162392 -0.0066779 0.762894 3
 -0.0757105 -0.206796 0.7255 125 -0.0247595 -0.166315 0.740768 35 -0.00807577 -0.0530854 0.806025 29
 -0.0858374 -0.185549 0.726261 66 -0.0817439 -0.18625 0.72605 51 -0.0450354 -0.149752 0.728794 29
 -0.139269 -0.00569129 0.748846 67 -0.0959061 -0.140086 0.728144 40 -0.0721195 -0.161966 0.729058 39
 -0.0837806 -0.157173 0.731317 109 -0.142413 0.00327282 0.757661 57 -0.101267 -0.121708 0.729 18
 -0.0812463 -0.123798 0.731358 167 -0.128852 -0.0227672 0.734416 14 -0.0993616 -0.0840584 0.732661 10
 -0.0866765 -0.10084 0.738713 149 -0.132816 -0.00859993 0.753083 45 -0.09999 -0.0636002 0.737313 4
 -0.0222831 -0.174509 0.736367 137 -0.0877662 -0.16485 0.715464 26 -0.0628663 -0.203709 0.725132 25
 -0.0283385 -0.166713 0.743961 100 -0.150835 -0.165543 0.717245 62 -0.095313 -0.155146 0.723873 27
 -0.149204 -0.146937 0.722851 97 -0.0408142 -0.142236 0.738782 89 -0.0344293 -0.110058 0.735877 8
 -0.049343 -0.120481 0.742479 164 -0.0601371 -0.0673283 0.743643 14 -0.0262067 -0.161024 0.744949 13
 -0.0582611 -0.106971 0.743155 183 -0.0715342 -0.0614601 0.741639 9 -0.087414 -0.0382204 0.758465 3
 -0.0752109 -0.0795742 0.750333 113 -0.0622761 -0.111346 0.747887 87
 -0.00909072 -0.0602437 0.808389 192 -0.0151635 -0.135836 0.737242 8
 -0.0279395 -0.0531759 0.801332 200
 -0.0488185 -0.0415502 0.795866 200
 -0.0662981 -0.0375719 0.787875 200
 -0.159759 -0.0795041 0.743346 19 -0.0602772 -0.120079 0.749023 14 -0.110068 -0.14312 0.73082 11
 -0.0803495 -0.142596 0.730762 25 -0.141085 -0.0374275 0.729739 25 -0.165862 -0.0296205 0.750333 24
 -0.155701 -0.0100532 0.752239 197 -0.182471 0.0121753 0.812927 2 -0.0835634 -0.135611 0.732393 1
 -0.125602 -0.00143666 0.766794 200
 -0.108031 -0.060927 0.738853 194 -0.0894056 -0.0997603 0.734752 6
 -0.134552 -0.0637468 0.722457 199 -0.133053 -0.142373 0.722662 1
 -0.118667 -0.0419055 0.74432 200
 -0.141257 0.000706822 0.75888 194 -0.16886 0.0117417 0.799989 5 -0.167158 0.0213541 0.817592 1
