 -0.113492 -0.0401551 0.791277 63 -0.112185 -0.0201728 0.750486 46 -0.127411 0.0543781 0.792204 38
 -0.128834 0.0570054 0.788235 70 -0.123619 -0.0671676 0.806438 36 -0.114893 -0.00739366 0.753142 29
 -0.136655 -0.0313669 0.793893 84 -0.128395 0.0498182 0.795419 51 -0.123684 -0.00705719 0.755025 41
 -0.140876 -0.0170068 0.793063 97 -0.128132 0.0305388 0.808465 44 -0.130676 -0.0042809 0.753774 23
 -0.136259 -0.0157737 0.794848 87 -0.12932 0.0225873 0.811425 63 -0.128976 -0.00424054 0.764195 34
 -0.138344 -0.0282932 0.800539 200
 -0.121484 0.0696259 0.782494 197 -0.0938693 0.0994394 0.8126 3
 -0.124248 0.057331 0.790667 185 -0.120955 -0.036869 0.793783 13 -0.112059 0.0432254 0.833547 2
 -0.126055 0.0419576 0.801022 152 -0.111614 0.0134285 0.752376 23 -0.126502 -0.0149076 0.79087 21
 -0.123206 0.027785 0.808503 80 -0.122887 0.0341418 0.806336 59 -0.129675 -0.00764163 0.782706 29
 -0.12104 0.0175021 0.819578 177 -0.102755 -0.0242364 0.820185 17 -0.109911 0.0136577 0.753585 3
 -0.117585 -0.0222515 0.818101 186 -0.11051 -0.00185602 0.761182 11 -0.118445 0.0183818 0.815958 2
 -0.0956072 0.0896124 0.811368 200
 -0.099406 0.0737155 0.81883 200
 -0.102025 0.0529122 0.826911 200
 -0.103927 0.0387845 0.830406 200
 -0.100901 0.0172536 0.830996 198 -0.0953516 0.0580778 0.819213 2
 -0.098197 -0.00600296 0.829114 179 -0.116501 0.00490668 0.80615 19 -0.082619 -0.00295251 0.750067 2
 -0.0531993 0.069169 0.78058 200
 -0.0565006 0.0559099 0.788009 200
 -0.0613341 0.0406108 0.799714 200
 -0.0672494 0.0289909 0.809823 200
 -0.0737712 0.00310285 0.822425 200
 -0.0761966 -0.0217716 0.829843 193 -0.0799582 -0.01787 0.76646 4 -0.0675678 -0.0423319 0.783279 3
 -0.0520878 0.062378 0.78701 123 -0.0750654 -0.0255447 0.753982 47 -0.0998913 0.0926734 0.811742 24
 -0.0768534 -0.0326835 0.763894 138 -0.0680696 0.0425113 0.802494 53 -0.111478 0.0730746 0.822539 9
 -0.0666096 -0.0491425 0.783846 199 -0.0764414 -0.008139 0.827882 1
 -0.0625657 -0.0602078 0.794568 200
 -0.0720715 -0.0832805 0.811348 200
 -0.0916596 -0.104808 0.828326 200
 -0.128801 -0.116147 0.839871 200
 -0.0872843 -0.11438 0.835473 16 -0.0938805 -0.120476 0.85643 8 -0.130247 -0.0216134 0.785855 6
 -0.106917 -0.037693 0.826881 149 -0.0715175 -0.0500034 0.783716 5 -0.108272 0.0146268 0.827103 5
 -0.125722 -0.051055 0.813238 187 -0.120193 -0.00512113 0.822085 13
 -0.100989 -0.066451 0.820331 5
 -0.118432 -0.130368 0.845306 113 -0.0974436 0.0466219 0.823025 4 -0.11045 -0.0501344 0.824937 2
