 -0.0657185 0.0375769 0.632227 194 -0.086045 -0.0238267 0.70059 5 -0.0643596 0.0109611 0.665944 1
 -0.0663471 0.0268311 0.640951 158 -0.0835804 0.00119384 0.669552 42
 -0.0720495 0.0159885 0.654598 133 -0.0855586 -0.0118762 0.681358 42 -0.0830844 0.0537651 0.669666 12
 -0.0724249 0.00361869 0.666197 167 -0.0837859 0.0490621 0.67585 29 -0.0703604 0.0541811 0.622285 3
 -0.0762438 0.000513184 0.675259 192 -0.0802732 -0.0619312 0.715111 3 -0.0774947 0.0631511 0.674419 2
 -0.0740727 -0.0143035 0.686359 199 -0.0757494 0.0470056 0.686174 1
 -0.0765368 0.0923945 0.654248 165 -0.0621943 0.0244354 0.656371 16 -0.0942776 0.0445195 0.680094 8
 -0.0801304 0.0789512 0.658884 190 -0.0895708 -0.0392512 0.706556 5 -0.0650222 0.0317249 0.637119 3
 -0.083162 0.0644491 0.667825 185 -0.0886046 0.034631 0.683316 4 -0.0842317 -0.0858925 0.731496 4
 -0.083548 0.0479736 0.674593 192 -0.0900152 0.00600742 0.697648 6 -0.0808487 0.00510818 0.664493 2
 -0.0864613 0.0332817 0.688336 133 -0.0893543 0.00990614 0.704788 60 -0.0836745 -0.0273145 0.687395 5
 -0.0921367 0.0160756 0.698304 177 -0.0803026 0.0598402 0.675384 19 -0.081437 -0.0257515 0.697791 3
 -0.0750899 0.123821 0.692258 185 -0.0713019 0.112364 0.657072 11 -0.0840873 0.0797981 0.657164 4
 -0.0792068 0.107192 0.696323 170 -0.075093 0.0940511 0.653539 28 -0.0857259 0.0414447 0.679245 2
 -0.0900104 0.0303876 0.686538 84 -0.0892761 0.0352659 0.683714 69 -0.0837768 0.08298 0.657791 47
 -0.0840627 0.0678803 0.660833 63 -0.0675418 0.0345143 0.681401 40 -0.0880878 0.0233423 0.688114 31
 -0.0843191 0.0368482 0.69068 61 -0.0929985 0.0166826 0.695727 49 -0.087119 0.0299584 0.691584 31
 -0.0890575 0.00637896 0.701224 41 -0.094918 0.0502951 0.67663 40 -0.0678666 0.0266721 0.678615 39
 -0.0711312 0.123139 0.68931 152 -0.0830877 0.0934598 0.652693 24 -0.0715501 0.115092 0.646151 19
 -0.0752145 0.111145 0.69416 147 -0.0736836 0.102608 0.652195 29 -0.0847983 0.0818282 0.659938 21
 -0.0767797 0.0846165 0.655929 155 -0.079775 0.0925459 0.698041 21 -0.0723281 0.00900435 0.65937 17
 -0.0818274 0.077197 0.660689 108 -0.0716909 -0.0826705 0.732382 26 -0.0705734 -0.0775461 0.731186 25
 -0.0678802 -0.0355152 0.702778 43 -0.111825 0.0278032 0.689389 42 -0.0910471 0.0617996 0.668509 38
 -0.0659307 -0.104311 0.737523 16 -0.0750192 0.0590531 0.670879 12 -0.0938362 -0.0318799 0.684479 9
 -0.0753144 0.119339 0.691244 184 -0.0775726 0.106682 0.649544 16
 -0.0791935 0.0858609 0.659964 128 -0.080499 0.100788 0.70031 43 -0.0721768 0.0137391 0.655675 16
 -0.0812574 -0.0122112 0.683795 37 -0.0731247 -0.0754452 0.711723 29 -0.0767502 0.07721 0.664542 22
 -0.0633824 -0.0559313 0.72017 89 -0.0959005 0.0309749 0.679354 5 -0.0724294 -0.0853751 0.761626 3
 -0.0705259 -0.0645078 0.727454 81 -0.0675293 -0.0147827 0.706972 4
 -0.0724076 -0.0288666 0.69988 7 -0.0737913 -0.0221828 0.696397 5
 -0.0922105 -0.0865937 0.739213 200
 -0.10102 -0.0817297 0.746177 11 -0.0744532 -0.0941814 0.765063 6
 -0.0846463 -0.0203842 0.705799 16 -0.0899016 -0.0543592 0.726954 11 -0.091556 0.0363375 0.686104 11
 -0.0794846 -0.0334556 0.709022 66 -0.0620577 -0.01706 0.68789 49 -0.0680321 -0.0597864 0.718719 18
 -0.092837 -0.0521731 0.730204 18 -0.085709 -0.0297 0.709057 14 -0.0959277 -0.0728685 0.737878 11
 -0.0897283 -0.0998293 0.743165 94 -0.0780036 -0.0577916 0.709055 36 -0.0746081 -0.031813 0.702266 5
