 -0.0148203 0.0245072 0.738798 177 -0.046574 -0.127346 0.623723 9 -0.00680891 -0.0843529 0.593815 5
 -0.0252091 0.0198012 0.741068 195 -0.00852457 -0.0443202 0.629868 2 -0.00579529 -0.0249305 0.643533 2
 -0.038975 0.00973755 0.744921 164 -0.0336177 -0.0868835 0.617261 14 0.00607366 -0.0581095 0.60441 5
 -0.0457967 0.00139712 0.749088 125 -0.0993316 -0.0897866 0.694214 19 -0.0703317 -0.114355 0.652823 17
 -0.076943 -0.110198 0.667528 130 -0.0554954 -0.00887705 0.748162 25 -0.098969 -0.07914 0.699325 16
 -0.0842619 -0.10146 0.674508 141 -0.187343 -0.0707316 0.776777 26 -0.102083 -0.105129 0.705093 14
 0.0152821 -0.0261073 0.633189 73 -0.0464781 -0.125501 0.620725 39 -0.0125534 -0.0860871 0.594383 25
 0.00315645 -0.0283731 0.642203 72 0.0022805 -0.0564112 0.603747 57 -0.05353 -0.117873 0.615378 46
 -0.0140509 -0.0296897 0.655882 89 -0.0334415 -0.042325 0.631968 37 -0.0249754 -0.0600381 0.622456 24
 -0.0231343 -0.0283589 0.660784 82 -0.0297084 -0.0607052 0.63039 24 -0.0358912 -0.0556021 0.644817 23
 -0.0655674 -0.0801663 0.657295 51 -0.0212399 -0.0619921 0.62574 47 -0.0500059 -0.0548181 0.643457 30
 -0.0712154 -0.0658344 0.673316 69 -0.0289291 -0.0688037 0.625657 37 -0.0754783 -0.0864909 0.685956 37
 0.0182291 -0.0258408 0.632853 107 0.00745264 -0.0547359 0.603816 42 -0.0167956 0.0248777 0.739225 27
 0.00713309 -0.0270903 0.640008 65 -0.000766644 -0.0522177 0.61159 64 -0.02919 0.0161447 0.741921 35
 -0.0150241 -0.0463472 0.625427 78 -0.062759 -0.111571 0.646892 31 -0.0185753 -0.0328385 0.655374 21
 -0.035348 -0.0367951 0.675135 74 -0.0476414 -0.0702524 0.627065 35 -0.0163008 -0.0577398 0.631995 35
 -0.0298606 -0.0257497 0.65247 87 -0.0322873 -0.0632384 0.639981 69 -0.0493835 -0.0359802 0.688012 21
 -0.0614554 -0.0462567 0.689007 71 -0.036169 -0.0300959 0.659809 70 -0.0170843 -0.0699657 0.619694 24
 0.0150866 -0.0277895 0.636483 81 -0.0165861 0.0291989 0.742465 56 -0.043104 -0.134958 0.618444 35
 0.00496428 -0.0280938 0.638127 112 -0.0248568 0.0191631 0.747942 32 0.00549714 -0.0538892 0.609847 25
 -0.03729 0.00839341 0.742424 99 -0.0405446 -0.0897304 0.620647 39 0.00211046 -0.0385384 0.628251 22
 -0.00803507 -0.0277595 0.653428 54 -0.025147 -0.0326633 0.673066 50 -0.0527031 0.00472985 0.742708 42
 -0.0130913 -0.0246044 0.659272 114 -0.0576117 -0.0345537 0.687767 33 -0.0635602 -0.0106144 0.755357 23
 -0.0608306 -0.0487863 0.692586 111 -0.0824334 -0.0386285 0.720876 41 -0.0296511 -0.0657507 0.617286 33
 -0.0210619 0.0238005 0.746065 127 0.0155402 -0.0546165 0.602165 46 0.0143109 -0.0239099 0.638833 17
 -0.0597119 -0.12292 0.641493 93 -0.0312879 0.0149932 0.744145 88 0.00907512 -0.0547719 0.610322 7
 -0.0574929 -0.00636521 0.748618 185 -0.078694 -0.104581 0.685834 14 -0.0119725 -0.047348 0.622358 1
 -0.056481 -0.0123616 0.752972 107 0.000860359 -0.0514119 0.606567 46 -0.0989139 -0.11074 0.705208 19
 -0.101063 -0.106632 0.710142 144 -0.064502 -0.0834278 0.677782 19 -0.0841674 -0.104181 0.69138 17
 -0.120608 -0.084721 0.714946 75 -0.110242 -0.0920086 0.704991 65 -0.113308 -0.10777 0.731968 32
 -0.145379 -0.0750247 0.744324 198 -0.0315878 -0.0424622 0.640245 2
 -0.104244 -0.0978363 0.710539 70 -0.141251 -0.0565937 0.756764 39 -0.142158 -0.112246 0.763533 35
 -0.078743 -0.0397506 0.729789 130 -0.092436 -0.0646861 0.704705 69 -0.0575144 -0.0534739 0.692149 1
 -0.0993878 -0.08842 0.701752 76 -0.0873358 -0.033455 0.711221 37 -0.138285 -0.0657406 0.727012 28
 -0.109124 -0.0685432 0.721327 194 -0.0803833 -0.0466594 0.711764 6
 -0.14655 -0.0669552 0.750122 200
