 -0.149345 -0.17935 0.720774 191 -0.114348 -0.125976 0.707305 7 -0.113257 -0.192327 0.718373 2
 -0.150057 -0.170633 0.724778 197 -0.115252 -0.182981 0.725397 2 -0.122625 -0.113411 0.72741 1
 -0.147388 -0.151881 0.726063 182 -0.0496505 -0.0527535 0.78378 17 -0.120129 -0.127001 0.717657 1
 -0.144278 -0.143656 0.729509 182 -0.0499375 -0.0592594 0.772933 17 -0.10913 -0.130423 0.721154 1
 -0.142114 -0.129095 0.72695 183 -0.0530216 -0.0668887 0.765644 17
 -0.141206 -0.10678 0.7292 105 -0.152116 -0.0446807 0.738835 91 -0.113094 -0.139988 0.726991 1
 -0.102942 -0.2037 0.725511 182 -0.145162 -0.15629 0.72738 17 -0.0996239 -0.113278 0.726137 1
 -0.107138 -0.189308 0.726494 164 -0.135721 -0.156309 0.736625 35 -0.109975 -0.101566 0.728983 1
 -0.111905 -0.164199 0.725452 199 -0.183324 -0.00562056 0.776878 1
 -0.114583 -0.154516 0.728624 161 -0.0629361 -0.0863776 0.746667 20 -0.069664 -0.0502971 0.773376 17
 -0.109467 -0.133802 0.725927 199 -0.155852 -0.0026157 0.745176 1
 -0.111895 -0.10734 0.728988 196 -0.162963 -0.00838697 0.763559 2 -0.169562 0.0058904 0.796829 2
 -0.068169 -0.208929 0.735898 181 -0.098313 -0.209339 0.716163 13 -0.0433258 -0.18766 0.767211 4
 -0.0736556 -0.192169 0.739978 187 -0.106074 -0.198428 0.726665 13
 -0.0768332 -0.172162 0.737973 160 -0.149439 -0.00208859 0.757756 38 -0.105871 -0.177541 0.729566 2
 -0.0800123 -0.157312 0.737416 155 -0.129122 -0.00573031 0.751895 15 -0.0677736 -0.0870027 0.755854 11
 -0.081065 -0.131004 0.738565 100 -0.129892 -0.0233173 0.73536 26 -0.0860697 -0.0982846 0.73956 24
 -0.0840345 -0.104026 0.745106 94 -0.133647 -0.0103902 0.75248 67 -0.101204 -0.0860861 0.740084 23
 -0.0365145 -0.186197 0.763359 167 -0.0707683 -0.207237 0.734973 33
 -0.0431111 -0.176911 0.76728 160 -0.0742101 -0.201296 0.743383 22 -0.0455548 -0.150329 0.759599 13
 -0.0496567 -0.152148 0.761209 130 -0.0494011 -0.118759 0.756415 33 -0.0578682 -0.0890142 0.757917 28
 -0.122887 -0.0128884 0.747213 135 -0.0496623 -0.100906 0.759366 35 -0.0581731 -0.0722667 0.760678 28
 -0.108693 -0.0275164 0.765096 100 -0.081635 -0.0469249 0.753376 34 -0.0688315 -0.118153 0.756909 29
 -0.0672571 -0.0874848 0.757679 93 -0.0673669 -0.096529 0.758726 92 -0.1258 -0.00148214 0.770762 12
 -0.0654041 -0.2128 0.735603 107 -0.0341894 -0.180743 0.764496 65 -0.128757 -0.00298024 0.740445 12
 -0.0447094 -0.169136 0.764536 63 -0.0712344 -0.207643 0.745873 46 -0.0653848 -0.120746 0.745772 34
 -0.0793569 -0.0377765 0.775543 51 -0.0631961 -0.121757 0.757812 39 -0.0675339 -0.145331 0.744203 28
 -0.0727272 -0.0442946 0.780486 93 -0.0867933 -0.0330289 0.78085 48 -0.0818146 -0.0370489 0.780489 25
 -0.0645381 -0.0751166 0.773236 113 -0.0581111 -0.100415 0.772599 57 -0.0392928 -0.168508 0.770261 12
 -0.0707102 -0.0893432 0.751053 133 -0.0744807 -0.149289 0.737517 41 -0.0535636 -0.150475 0.765007 8
 -0.156179 -0.0127348 0.751788 200
 -0.122688 -0.00992984 0.761732 200
 -0.109228 -0.0693831 0.741031 200
 -0.133274 -0.0699563 0.731971 171 -0.122027 -0.102162 0.725441 23 -0.124149 -0.0969062 0.726727 5
 -0.117368 -0.0513649 0.744481 200
 -0.141556 -0.00249544 0.757453 200
