 -0.154399 0.00286499 0.708734 160 -0.114489 -0.0309865 0.761021 22 -0.13034 -0.0228283 0.731779 8
 -0.151123 -0.00761971 0.712982 182 -0.109931 -0.0251431 0.766779 9 -0.143827 -0.0177168 0.742809 5
 -0.147553 -0.0155902 0.736053 61 -0.130809 -0.0203332 0.764068 57 -0.134124 -0.0201768 0.7591 47
 -0.14176 -0.0196861 0.747052 188 -0.116073 0.00696823 0.710636 6 -0.106474 -0.00935438 0.750497 3
 -0.136188 -0.0206922 0.760271 198 -0.104641 -0.00768745 0.74954 2
 -0.136108 -0.0336834 0.774288 199 -0.0430032 -0.00103516 0.769827 1
 -0.108671 0.0266509 0.688216 172 -0.146267 -0.000122713 0.711126 12 -0.0971643 -0.0207664 0.762285 7
 -0.101055 -0.0298016 0.775931 65 -0.111709 0.00502093 0.738928 56 -0.112501 0.0155075 0.705827 53
 -0.086369 -0.00113236 0.760161 63 -0.110729 0.0111034 0.728289 62 -0.108317 -0.0117634 0.760338 40
 -0.112624 0.00237615 0.748904 98 -0.113506 0.00340015 0.744 70 -0.0596797 -0.011827 0.766973 15
 -0.110721 -0.00294636 0.759699 189 -0.0592351 -0.0234559 0.789045 11
 -0.111255 -0.014612 0.771007 200
 -0.036298 0.025464 0.698647 96 -0.0735233 0.0291318 0.699926 41 -0.108778 0.0226274 0.694528 25
 -0.0428182 0.013873 0.710488 115 -0.0822757 0.018609 0.728359 47 -0.116373 0.0135178 0.712842 18
 -0.0733632 -0.00624048 0.760917 49 -0.0626627 -0.00744077 0.763233 35 -0.0802904 0.00561338 0.74507 33
 -0.0548254 -0.0018244 0.76477 131 -0.0788578 0.0114565 0.748605 57 -0.105519 0.0125217 0.733842 6
 -0.08474 0.000319105 0.760684 196 -0.117752 0.00805909 0.73451 2 -0.0792758 -0.0330118 0.795304 1
 -0.0840227 -0.0132179 0.777731 200
 -0.0373842 0.0312085 0.693914 151 -0.0842337 0.0185004 0.72929 28 -0.118953 0.027451 0.68298 10
 -0.0404363 0.0225105 0.699733 104 0.0061025 -0.029731 0.776335 43 -0.0570618 -0.0208214 0.77079 38
 -0.0565532 -0.00488029 0.77001 70 -0.0464168 0.0125042 0.729134 67 -0.0454108 0.0148322 0.723669 38
 -0.0503841 0.013217 0.734742 104 -0.0517335 0.0112254 0.738937 93 -0.0251016 -0.0351991 0.809484 3
 -0.0561967 -0.000989186 0.766896 200
 -0.0610127 -0.0185429 0.790287 147 -0.0899437 0.00130794 0.764028 15 -0.0959401 -0.0289115 0.77957 12
 0.0124319 -0.0263092 0.775094 200
 -0.00557817 -0.036252 0.795385 200
 -0.0232147 -0.0464091 0.811736 200
 -0.0393429 -0.0557585 0.818618 200
 -0.0612886 -0.0691116 0.826902 200
 -0.0911187 -0.0784642 0.829267 200
 -0.129923 -0.0818418 0.849022 200
 -0.116605 -0.089515 0.846767 11 -0.123077 -0.014951 0.757218 1
 -0.0980796 -0.0349444 0.800478 47 -0.0967711 -0.0145466 0.772507 11 -0.117761 -0.015953 0.75499 10
 -0.119265 -0.0456001 0.796228 200
 -0.0814884 0.013618 0.74858 19 -0.117274 -0.0448021 0.793128 17 -0.107963 -0.0536836 0.809707 4
 -0.117418 -0.0878123 0.848756 34 -0.102965 0.00272621 0.689428 1
