 -0.179881 0.0341501 0.787036 193 -0.143573 0.0731695 0.805917 7
 -0.174265 0.0211281 0.790139 193 -0.141701 0.0605162 0.807518 7
 -0.168635 0.00598108 0.796032 197 -0.136124 0.057868 0.814608 3
 -0.161777 -0.00318377 0.795631 193 -0.145667 -0.0248274 0.790726 6 -0.131015 0.0445177 0.814092 1
 -0.153751 -0.0107068 0.794483 200
 -0.147355 -0.0267758 0.797734 200
 -0.136963 0.0777435 0.80483 198 -0.10012 0.0948793 0.808992 2
 -0.138141 0.0629966 0.807876 192 -0.100485 0.0825195 0.807914 8
 -0.136304 0.0431393 0.811599 200
 -0.136561 0.0297045 0.813401 200
 -0.127792 0.0111033 0.814358 200
 -0.124588 -0.0083094 0.808891 200
 -0.100101 0.0945531 0.805914 200
 -0.102646 0.0785564 0.811364 200
 -0.104381 0.0558627 0.814824 200
 -0.104879 0.0422411 0.815717 200
 -0.102315 0.013275 0.817743 200
 -0.0983318 -0.0118419 0.814422 200
 -0.0531288 0.0785467 0.787076 200
 -0.0565056 0.0639999 0.790567 200
 -0.0613944 0.0460418 0.800347 200
 -0.0675504 0.0307141 0.807457 200
 -0.0727544 0.00511658 0.815297 200
 -0.0848147 -0.0293762 0.814756 200
 -0.0502687 -0.0404125 0.726754 135 -0.0982779 0.0918436 0.811281 22 -0.0518329 0.0709953 0.794898 22
 -0.0528695 -0.0494942 0.750888 200
 -0.0530886 -0.0566729 0.776679 198 -0.0758125 -0.077236 0.794724 1 -0.0791073 -0.0535538 0.793931 1
 -0.0570129 -0.069018 0.792907 200
 -0.0714334 -0.0851471 0.804546 195 -0.058197 0.0120975 0.827649 5
 -0.0914647 -0.101947 0.823269 200
 -0.129496 -0.114768 0.837463 200
 -0.0886097 -0.114618 0.83367 19 -0.110301 -0.134808 0.847432 2
 -0.107077 -0.0457182 0.816477 179 -0.116943 -0.0104064 0.81091 18 -0.110838 0.0235838 0.821642 2
 -0.126595 -0.0527288 0.80418 198 -0.13875 -0.00579516 0.804034 2
 -0.140108 -0.038784 0.78338 0.620944
 -0.118999 -0.130645 0.843062 86 -0.109623 0.0144302 0.821172 6 -0.13278 -0.150278 0.85254 1
