 -0.0362667 -0.0196942 0.678838 80 -0.0638424 -0.0476991 0.69563 54 -0.0813169 -0.0929339 0.713204 21
 -0.0596247 -0.0421759 0.675689 40 -0.0692429 0.0133574 0.690922 38 -0.0538139 -0.0374841 0.680266 26
 -0.0860635 0.0251438 0.724474 77 -0.0622705 -0.0346282 0.670703 53 -0.065643 0.0194354 0.693952 36
 -0.0640786 -0.0383743 0.687023 96 -0.0887983 0.0348475 0.7268 82 -0.0755756 0.0289665 0.693572 19
 -0.0910657 0.0313486 0.733625 66 -0.0682214 -0.037795 0.692308 63 -0.0717579 -0.0406154 0.692712 43
 -0.0810164 -0.060561 0.699168 143 -0.0780288 0.0112417 0.697071 18 -0.0631085 -0.0386241 0.68745 10
 -0.0319395 0.0444302 0.726608 56 -0.0559729 0.0178506 0.683591 44 -0.0352298 0.039258 0.758666 34
 -0.0452067 0.0444837 0.73208 95 -0.0384744 0.0318775 0.701009 47 -0.0678469 0.015914 0.691464 24
 -0.0579016 0.0371355 0.724905 120 -0.0528361 -0.0254828 0.683434 47 -0.0268556 -0.0456501 0.772967 13
 -0.0534675 -0.0312543 0.690268 98 -0.0725002 0.0386754 0.728017 32 -0.0586926 0.0487061 0.731062 26
 -0.0791254 -0.00835236 0.703313 68 -0.0819852 -0.0383743 0.706345 64 -0.0806783 -0.0597348 0.697832 28
 -0.0884028 -0.0283112 0.710104 123 -0.0954726 -0.0523544 0.708882 28 -0.047775 -0.00660315 0.692372 22
 -0.0187802 0.0257118 0.706163 117 -0.0439799 0.0537645 0.727121 29 -0.0219726 0.032484 0.761306 24
 -0.0359479 0.025055 0.708882 110 -0.0260039 0.0436415 0.727751 68 -0.0372925 0.0412651 0.760908 21
 -0.0523674 0.0489563 0.728884 172 -0.0530602 0.0249479 0.699919 25 -0.0375014 0.018067 0.711112 3
 -0.0610267 0.0487509 0.729774 117 -0.0476246 -0.036505 0.773391 44 -0.0571334 -0.0226556 0.684914 25
 -0.0926888 -0.0210743 0.723716 68 -0.0539161 0.0209064 0.702334 64 -0.0640782 0.041909 0.726195 31
 -0.0595149 0.0043745 0.702952 101 -0.0647477 0.0450545 0.726255 39 -0.0867957 -0.0395984 0.70548 27
 -0.0272698 0.0565205 0.72838 110 -0.0194004 0.0411107 0.759588 79 -0.0605066 -0.0709954 0.762286 3
 -0.0325237 0.0400675 0.761886 107 -0.0354343 0.0331831 0.702764 45 -0.0357885 0.0459248 0.729737 36
 -0.0374575 0.0401092 0.726667 98 -0.0427717 -0.0553752 0.778469 44 -0.0350615 0.0305707 0.760558 29
 -0.0405423 0.0477928 0.730794 86 -0.0281697 -0.0411544 0.778703 43 -0.0280443 -0.0376697 0.776435 22
 -0.0380597 0.0118815 0.70551 47 -0.0223687 -0.0334943 0.776771 30 -0.0760367 0.0213468 0.695903 24
 -0.0743449 0.0445475 0.733337 48 -0.0256437 -0.0429864 0.788119 46 -0.0828957 -0.0149502 0.709535 25
 -0.0183444 0.0377145 0.760975 103 -0.00938519 -0.0317516 0.767954 62 -0.00571744 -0.0148026 0.712544 29
 -0.0396823 -0.0424277 0.784137 65 -0.0180242 -0.0300917 0.769872 50 -0.0294939 0.0397388 0.765792 45
 -0.0249049 -0.0392345 0.778389 113 -0.0534271 -0.0612212 0.778897 81 -0.0408002 -0.0502257 0.781864 3
 -0.0487014 -0.0518087 0.784365 130 -0.0332857 -0.0198195 0.699425 27 -0.0286087 -0.0375405 0.777202 20
 -0.0535612 -0.0537683 0.78337 106 -0.0350436 -0.0125379 0.697584 42 -0.0333531 -0.0341944 0.778821 38
 -0.0641507 -0.0828985 0.717268 85 -0.0630296 -0.0750073 0.711649 43 -0.0690601 -0.0729745 0.763952 36
 -0.123578 -0.120814 0.744293 200
 -0.0985961 -0.0533581 0.732135 38 -0.111401 -0.0814173 0.744015 23 -0.128953 -0.115849 0.75792 9
 -0.0951693 -0.0433562 0.727335 191 -0.109228 -0.0769586 0.707485 5 -0.0583322 -0.00999689 0.692002 2
 -0.0868756 -0.0776865 0.717797 177 -0.0799658 0.0147854 0.697121 8 -0.0982901 -0.0508848 0.723978 7
 -0.103088 -0.0657817 0.734997 148 -0.0832936 -0.0268971 0.702484 2
 -0.125398 -0.114719 0.749099 198 -0.0960167 -0.0693462 0.719055 2
