 -0.211515 0.0370073 0.733462 200
 -0.209429 0.0260133 0.73648 200
 -0.205688 0.0124946 0.745005 200
 -0.202128 0.00144673 0.749823 200
 -0.196865 -0.0106545 0.754191 200
 -0.191841 -0.030405 0.757699 200
 -0.160144 0.0550907 0.704242 200
 -0.162948 0.0400236 0.714882 200
 -0.165737 0.0309026 0.723807 195 -0.127954 0.0265272 0.725233 3 -0.0963081 -0.0234293 0.733843 2
 -0.169246 0.0211764 0.73309 92 -0.167212 0.0122173 0.740539 76 -0.168066 0.0156843 0.737923 30
 -0.162797 0.000456773 0.749429 200
 -0.163062 -0.0168301 0.757803 200
 -0.118273 0.0578657 0.693949 183 -0.164374 0.0556264 0.703274 13 -0.203762 0.0415084 0.734609 3
 -0.123907 0.0409915 0.705566 180 -0.133782 -0.0492379 0.76796 10 -0.166079 0.0381328 0.712076 9
 -0.131441 0.0293966 0.725566 195 -0.168621 0.0239011 0.723948 5
 -0.135618 0.0153791 0.73552 197 -0.168126 0.0222764 0.73426 3
 -0.138807 -0.00562354 0.752945 200
 -0.138151 -0.0217586 0.763387 198 -0.150846 0.0221277 0.740767 2
 -0.0878628 0.00848789 0.681896 104 -0.117129 0.0599376 0.689781 96
 -0.122559 0.0484937 0.696347 111 -0.0906864 0.00179341 0.687388 86 -0.124027 -0.0607873 0.767699 3
 -0.125871 0.0359131 0.713541 81 -0.0961501 -0.00537695 0.705791 68 -0.0588011 -0.0566542 0.744179 26
 -0.103705 -0.00642521 0.732312 62 -0.10125 -0.000130909 0.711132 57 -0.126102 0.0541911 0.69802 34
 -0.110728 -0.0126165 0.748298 197 -0.0749737 -0.0599787 0.76394 3
 -0.120161 -0.0295562 0.767537 141 -0.130172 0.00576819 0.721135 26 -0.138754 -0.00663811 0.760285 21
 -0.0394082 -0.0503095 0.742015 200
 -0.0626346 -0.060164 0.751545 200
 -0.0786374 -0.0709895 0.762056 200
 -0.0966434 -0.0791509 0.769222 200
 -0.119508 -0.093145 0.782109 200
 -0.149166 -0.10204 0.795674 200
 -0.186826 -0.109171 0.81692 200
 -0.151962 -0.11116 0.826091 43 -0.145854 -0.104407 0.790016 23 -0.166596 0.0241232 0.733899 2
 -0.156653 -0.0499376 0.778091 116 -0.154483 -0.0276211 0.766301 4 -0.156586 -0.00471572 0.757275 4
 -0.174826 -0.0554386 0.770078 200
 -0.0854292 -0.0168607 0.692061 10
 -0.162002 -0.120327 0.816252 46 -0.177249 -0.130021 0.82264 37 -0.169539 -0.121983 0.817653 7
