 -0.088556 0.0888898 0.663404 200
 -0.0923046 0.0775832 0.6665 200
 -0.0957124 0.0631326 0.677942 185 0.0135184 0.0357069 0.684443 12 -0.019686 0.0658993 0.692732 1
 -0.0979772 0.0502456 0.691381 168 -0.18774 -0.0391693 0.813537 14 0.00327783 0.0285979 0.698575 10
 -0.0976859 0.046911 0.699179 175 -0.00867168 0.0164956 0.709508 11 -0.00687728 0.0202451 0.707532 7
 -0.103089 0.0312656 0.70992 192 -0.124295 0.0193446 0.719421 8
 -0.0337446 0.0953692 0.659273 106 0.00905947 0.0741253 0.657928 84 -0.0970331 0.0768586 0.663965 4
 -0.0418326 0.0809553 0.669553 97 -0.00230417 0.0702055 0.662668 87 -0.093234 0.0602824 0.687691 12
 -0.0539783 0.0666168 0.687539 99 -0.0169891 0.0562221 0.690191 84 -0.0947969 0.0479196 0.69679 15
 -0.0632099 0.0539056 0.700762 152 -0.0240409 0.0287567 0.711228 24 -0.0435512 0.0184803 0.716374 9
 -0.0690264 0.0405244 0.708603 153 -0.0364516 0.0214401 0.721693 34 -0.0256692 0.0483804 0.702746 13
 -0.0738996 0.0354638 0.713079 126 -0.0716259 0.0404323 0.711656 57 -0.0419196 0.0313463 0.718284 17
 -0.035589 0.0965936 0.659171 125 0.00161812 0.0807261 0.656556 42 -0.0909661 0.0898846 0.665819 25
 -0.0096507 0.0707591 0.676669 93 -0.0437276 0.0847049 0.665307 45 -0.0532958 0.0721314 0.683464 30
 -0.0221704 0.0584311 0.692436 151 -0.061074 0.0582441 0.697431 48 -0.0919034 0.0607589 0.687641 1
 -0.0308519 0.0494258 0.703382 137 -0.0638413 0.0495341 0.705784 45 -0.099662 0.0528313 0.69253 13
 -0.0641438 0.0371074 0.713649 148 -0.0389072 0.036777 0.713981 35 -0.042072 0.00474492 0.728263 15
 -0.0573776 0.0184942 0.726564 200
 0.0321424 0.0413832 0.672224 182 -0.0337869 0.095523 0.659623 13 -0.0893072 0.0927295 0.66438 2
 0.0224566 0.034446 0.678489 197 -0.00677458 0.0757112 0.661687 2 -0.00799502 0.0630925 0.678624 1
 0.00982403 0.0291911 0.692788 146 -0.092763 0.0569741 0.677765 50 -0.0496729 0.0673082 0.678597 3
 -0.00705344 0.0205166 0.710055 194 -0.0584381 0.0571418 0.688821 3 -0.0341735 -0.0312155 0.758962 2
 -0.0186337 0.0130421 0.723423 200
 -0.0345589 0.00638489 0.733232 194 -0.04897 0.0342336 0.720734 6
 0.0270312 -0.0504814 0.753759 200
 0.00464107 -0.0487148 0.758715 200
 -0.0242253 -0.0448339 0.768273 200
 -0.0409513 -0.0448858 0.769953 199 -0.00674038 0.0267964 0.713424 1
 -0.0657622 -0.0407288 0.768207 200
 -0.0983742 -0.0385279 0.768169 200
 -0.138608 -0.0250358 0.783297 200
 -0.115315 -0.0384028 0.773439 14 -0.128302 -0.0642412 0.799132 8 -0.124355 -0.0454695 0.78791 4
 -0.0788449 0.00512375 0.734674 47 -0.0840301 0.0107144 0.727468 36 -0.038543 0.035244 0.712415 23
 -0.102741 0.00656753 0.731505 195 -0.0945449 0.0385546 0.717663 5
 -0.103696 0.00272979 0.724811 12 -0.127026 -0.0156636 0.749273 4 -0.128642 -0.0101567 0.779973 1
 -0.1406 -0.0400986 0.786901 18 -0.131713 -0.0139315 0.74555 3
