 0.0203335 -0.0153496 0.759155 80 -0.0930195 0.0257318 0.643512 52 -0.0254696 0.0128354 0.680577 29
 -0.09349 0.018447 0.651134 75 -0.095628 0.0119766 0.656129 55 0.00936576 -0.0245933 0.760673 30
 -0.0995832 -0.00650158 0.671524 128 -0.0836824 0.069829 0.712084 25 -0.0953697 0.0295481 0.653489 19
 -0.0982166 -0.015214 0.681745 186 -0.0654284 -0.000923432 0.694894 7 -0.0916114 0.0501688 0.718231 4
 -0.0970966 -0.0245668 0.68703 152 -0.0966116 -0.00246814 0.672736 31 -0.0966384 -0.00610366 0.675211 13
 -0.0941396 -0.0282448 0.689766 198 -0.0947758 0.0248363 0.708774 2
 -0.0802732 0.0747171 0.709898 129 -0.00817026 0.0132926 0.682258 70 -0.0534222 0.0708689 0.75971 1
 -0.085228 0.0584747 0.716215 82 -0.0914284 0.00961467 0.660393 51 -0.0204392 0.00729481 0.685159 48
 -0.0927245 -0.00818728 0.670619 52 -0.0841732 0.0691179 0.712246 50 -0.076295 0.0193699 0.694957 33
 -0.0704913 0.0121809 0.694328 124 -0.0783397 0.0259553 0.725779 22 -0.0849241 0.0515282 0.715114 17
 -0.0814633 0.0076839 0.692931 47 -0.0806518 0.0403346 0.723824 41 -0.0911188 -0.0103755 0.683531 38
 -0.0853716 -0.0108759 0.699533 123 -0.0864917 0.0276118 0.729611 34 -0.0789017 -0.0385638 0.746903 28
 -0.0735331 0.0923143 0.701478 199 -0.0511714 0.0916091 0.754506 1
 -0.0785703 0.075946 0.708898 106 -0.0528552 0.0724517 0.755864 82 -0.0494598 0.0204074 0.680066 12
 -0.0851063 0.0538361 0.717598 102 -0.0631086 0.0613901 0.758568 60 -0.055789 0.00512227 0.693367 29
 -0.0648738 0.0526197 0.754669 96 -0.0851846 0.040147 0.722434 67 -0.0802734 -0.00853019 0.700988 26
 -0.0712296 0.0319337 0.76213 74 -0.0617435 0.0157166 0.692923 57 -0.0747629 0.0293386 0.723515 29
 -0.076388 -0.0152365 0.756389 86 -0.0748737 0.0412372 0.761142 41 -0.0720049 -0.00934472 0.76141 33
 -0.050633 0.0891903 0.753982 188 -0.0721425 0.0983503 0.693498 6 -0.0242191 0.0213123 0.682481 4
 -0.0551299 0.0766272 0.759017 188 -0.073975 0.0882358 0.702349 6 -0.0286082 0.00883562 0.688392 4
 -0.0321897 0.0121282 0.685075 68 -0.0638772 0.0619038 0.758975 58 -0.0810247 0.0661768 0.712444 34
 -0.0610943 0.0749315 0.758076 100 -0.085961 0.0525542 0.717322 30 -0.0241778 0.0245959 0.68846 25
 -0.0553077 0.0689909 0.763491 113 -0.0860879 0.0361973 0.727237 42 -0.0501447 0.0127406 0.689864 13
 -0.0624328 -0.0139842 0.769528 139 -0.066167 0.0412914 0.766287 61
 0.015617 -0.0201138 0.761873 200
 -0.0024666 -0.0332541 0.768981 200
 -0.0218657 -0.0484533 0.777751 200
 -0.0355116 -0.0592191 0.777254 200
 -0.0560446 -0.0763872 0.766577 200
 -0.0743472 -0.0886708 0.753969 196 -0.052684 -0.00894817 0.706996 4
 -0.116747 -0.113298 0.75072 200
 -0.100311 -0.102491 0.731804 4 -0.0840737 -0.110829 0.76593 3
 -0.0866083 -0.0404758 0.748054 142 -0.0914441 -0.0357569 0.702097 49 -0.0657458 -0.068463 0.715325 5
 -0.0849147 -0.0625717 0.709686 83 -0.0834844 -0.0671298 0.710629 55 -0.0944599 -0.0128437 0.691138 16
 -0.114619 -0.0932369 0.741592 4 -0.0848515 -0.0259683 0.691892 4 -0.0825515 0.0482482 0.726737 4
 -0.114 -0.112524 0.743664 170 -0.0778386 0.0256305 0.638678 2 -0.0738839 0.0826785 0.76204 1
