 -0.1175 -0.176461 0.722832 192 -0.109831 -0.150368 0.722544 8
 -0.118865 -0.165054 0.724368 199 0.00915124 -0.154299 0.753266 1
 -0.118299 -0.14967 0.725678 198 -0.0389095 -0.0368088 0.78678 2
 -0.117295 -0.139317 0.728411 192 -0.0882285 -0.160455 0.722162 6 -0.0392929 -0.04377 0.775869 2
 -0.115885 -0.123807 0.725453 192 -0.0885292 -0.162418 0.730278 6 -0.0425404 -0.0505631 0.768373 2
 -0.139195 -0.0349678 0.737762 77 -0.123232 -0.0889051 0.729051 47 -0.12802 -0.0638639 0.732473 25
 -0.0717774 -0.189794 0.730273 109 -0.115982 -0.143002 0.724883 33 -0.0197761 -0.0156863 0.79506 22
 -0.0797656 -0.173139 0.728617 121 -0.108143 -0.14953 0.737072 33 -0.0917847 -0.0741807 0.725595 30
 -0.0823095 -0.154828 0.726672 170 -0.148022 -0.00198692 0.753099 24 -0.130523 -0.0528765 0.72663 6
 -0.0851305 -0.142976 0.725462 144 -0.153417 0.00550211 0.761943 24 -0.0719986 -0.121569 0.740745 21
 -0.0843585 -0.115232 0.726608 135 -0.0851405 -0.110873 0.726575 63 -0.147772 0.00417949 0.757598 2
 -0.0883478 -0.102571 0.727686 136 -0.148132 -0.00172503 0.757125 50 -0.0625083 -0.094258 0.742655 14
 -0.0378825 -0.191774 0.738942 89 -0.0679805 -0.192173 0.730784 66 0.00608069 -0.154402 0.759955 23
 -0.0446173 -0.175512 0.738776 120 -0.0758468 -0.177 0.72845 80
 -0.0494918 -0.15891 0.740524 78 -0.0799205 -0.154879 0.727723 77 -0.126923 0.00245466 0.749763 35
 -0.128938 0.00822819 0.755129 86 -0.0538778 -0.141599 0.739057 58 -0.0580776 -0.118498 0.739745 29
 -0.0580452 -0.112668 0.735778 186 -0.118079 -0.0115477 0.73614 8 -0.0972805 -0.00858873 0.743598 4
 -0.0694711 -0.0823841 0.741989 136 -0.0798708 -0.0481687 0.743549 21 -0.0840168 -0.100094 0.735319 15
 -0.0392962 -0.193636 0.74144 128 0.00325289 -0.161489 0.755071 57 0.0154268 -0.0288861 0.78733 7
 -0.0442189 -0.183341 0.74724 121 -0.00386721 -0.15177 0.761285 47 -0.0198937 -0.115304 0.752193 22
 -0.0227851 -0.113088 0.750701 98 -0.017861 -0.139386 0.758834 39 -0.124364 -0.155478 0.729096 26
 -0.0240143 -0.120999 0.751909 90 -0.00069019 -0.149357 0.762034 38 -0.0394076 -0.0430607 0.772007 22
 -0.0395715 -0.0853058 0.747218 186 -0.102877 -0.00706148 0.768755 10 -0.0473304 -0.0574403 0.744615 3
 -0.0575095 -0.0608563 0.754669 198 -0.0626301 -0.128075 0.739162 2
 0.0088548 -0.0326317 0.797259 149 0.011885 -0.12941 0.754402 51
 -0.0125642 -0.0301849 0.794432 200
 -0.0333044 -0.0246897 0.788305 200
 -0.0521738 -0.0222438 0.783322 200
 -0.135316 -0.0882471 0.742738 14 -0.0591437 -0.0595908 0.755751 9 -0.0358455 -0.0912789 0.755943 2
 -0.145556 -0.0423907 0.746994 50 -0.0676529 -0.132832 0.729866 24 -0.0652177 -0.0998847 0.736637 22
 -0.143434 -0.00867255 0.745437 200
 -0.114605 0.00256052 0.766075 200
 -0.0916051 -0.0524003 0.73881 200
 -0.119279 -0.0576674 0.722887 136 -0.116083 -0.0640749 0.720444 64
 -0.10268 -0.0351842 0.743447 200
 -0.129159 0.00280225 0.752107 198 -0.153774 0.0112003 0.784579 2
