 -0.174397 0.0498751 0.77097 184 -0.126727 0.0689571 0.730293 11 -0.112488 -0.0478766 0.778409 5
 -0.172628 0.0388544 0.775229 186 -0.123295 -0.0360656 0.771277 5 -0.137464 -0.0259736 0.768599 3
 -0.168483 0.0221112 0.78722 179 -0.126613 -0.0221412 0.766868 15 -0.144944 -0.0391356 0.806633 6
 -0.164886 0.012025 0.794344 197 -0.138737 -0.0305184 0.763257 2 -0.126039 -0.0151321 0.769413 1
 -0.16146 0.00111347 0.801286 189 -0.156329 0.00489854 0.768606 9 -0.12887 -0.0186388 0.774387 2
 -0.155501 -0.0180727 0.807221 193 -0.161307 0.00570611 0.778578 7
 -0.116977 0.0703704 0.730421 95 -0.111986 -0.0394081 0.774558 79 -0.107338 0.0473074 0.770315 14
 -0.120962 -0.0275275 0.771301 134 -0.122968 0.0574038 0.743396 59 -0.112443 0.0386779 0.774523 6
 -0.128491 -0.0076472 0.770108 107 -0.12856 0.0385691 0.769797 68 -0.128115 -0.00821078 0.803371 24
 -0.134622 0.0016795 0.774011 108 -0.125534 0.0236756 0.783194 85 -0.0878582 -0.0234095 0.811905 4
 -0.127875 0.00026228 0.794794 125 -0.127199 0.00702834 0.793057 70 -0.102492 -0.0267084 0.816522 4
 -0.126548 0.00484431 0.776738 81 -0.127028 -0.0184198 0.811109 65 -0.122547 -0.00243189 0.802946 45
 -0.122236 0.0715491 0.729683 154 -0.0693535 0.072491 0.749925 23 -0.107371 0.0517657 0.768391 9
 -0.121203 0.0602648 0.741754 123 -0.0754937 0.0580285 0.760586 34 -0.10911 -0.0278568 0.774883 24
 -0.120122 0.0493176 0.766458 146 -0.108463 -0.0106534 0.773007 22 -0.10612 0.0043734 0.802946 21
 -0.118102 0.0368227 0.782385 175 -0.0900672 0.0211474 0.793699 10 -0.0940714 0.0184103 0.795618 7
 -0.113739 0.0234957 0.796781 200
 -0.108045 0.00241887 0.810679 200
 -0.0726055 0.0718443 0.750902 196 -0.129026 0.0713836 0.725566 4
 -0.0743445 0.0617024 0.758973 200
 -0.0770378 0.0457614 0.774086 200
 -0.0812482 0.0327233 0.785686 198 -0.0780111 0.0561154 0.764427 2
 -0.0828019 0.0199975 0.803676 200
 -0.088588 -0.00996962 0.818273 200
 -0.0129349 -0.0138509 0.79136 200
 -0.0270256 -0.0297202 0.802516 200
 -0.0426627 -0.044403 0.816197 200
 -0.0523917 -0.0552879 0.823833 200
 -0.0775037 -0.0724565 0.829185 200
 -0.108963 -0.0837379 0.837255 200
 -0.14985 -0.0897707 0.856764 200
 -0.115188 -0.0892067 0.851254 25 -0.130857 -0.112782 0.863045 16 -0.0993156 -0.0846967 0.827725 15
 -0.111153 -0.0340687 0.822499 76 -0.11321 -0.0371479 0.78295 44 -0.10985 -4.26438e-05 0.808279 23
 -0.142258 -0.0373696 0.816309 187 -0.12985 -0.0358162 0.777547 11 -0.143065 -0.0120873 0.774723 2
 -0.125596 -0.0585713 0.831292 49 -0.146348 -0.0348982 0.816677 6 -0.110883 -0.0482701 0.786953 3
 -0.139313 -0.105688 0.861722 57 -0.120913 -0.0407226 0.81336 2
