 -0.131937 -0.0265156 0.678213 166 -0.148594 -0.0471459 0.69523 31 -0.137098 -0.0735542 0.750636 2
 -0.133612 -0.0187251 0.67959 198 -0.145298 -0.0637388 0.750193 2
 -0.145004 -0.0217117 0.689338 113 -0.121191 -0.0188801 0.674964 61 -0.126013 -0.0182759 0.677148 26
 -0.1454 -0.0233211 0.687729 135 -0.121794 -0.0106702 0.669485 26 -0.129519 0.00474658 0.681913 20
 -0.145759 -0.0209168 0.69302 125 -0.126954 -0.0143621 0.675347 66 -0.132736 -0.0183232 0.681235 4
 -0.148609 -0.0464004 0.70043 187 -0.143044 -0.0160456 0.690386 13
 -0.105994 -0.0184886 0.677088 157 -0.133654 -0.0450211 0.725808 22 -0.0821702 -0.0321827 0.720102 11
 -0.120356 -0.0136889 0.682316 198 -0.133929 -0.0481233 0.744929 2
 -0.127957 -0.00356797 0.686039 200
 -0.139597 -0.000297075 0.69614 113 -0.112317 0.00303819 0.683091 87
 -0.131961 -0.00130837 0.694357 200
 -0.12254 -0.0241308 0.688503 50 -0.147726 -0.0221166 0.701152 44 -0.0825958 0.00473317 0.700318 23
 -0.0931966 -0.0100303 0.678854 148 -0.119959 -0.0375498 0.740569 41 -0.0619933 -0.00269003 0.704336 6
 -0.0995165 -0.00398709 0.679528 173 -0.11207 -0.0225511 0.735221 26 -0.113167 0.0231885 0.680011 1
 -0.106525 0.00893218 0.693685 199 -0.133768 -0.0295578 0.739166 1
 -0.114502 0.0122441 0.697477 115 -0.131696 0.0119989 0.7022 67 -0.127612 0.0122333 0.701395 18
 -0.112597 0.00536721 0.691588 185 -0.116339 -0.0425271 0.751479 15
 -0.117371 0.0110382 0.690758 118 -0.111296 -0.0331281 0.75607 31 -0.116407 -0.0292263 0.75467 28
 -0.0682887 0.00510432 0.695166 128 -0.079563 -0.0283884 0.705823 37 -0.0887149 -0.0157504 0.677037 28
 -0.0775421 -0.0140014 0.702321 130 -0.0861978 -0.00182404 0.686927 68 -0.0791749 -0.0109876 0.699494 2
 -0.0959958 0.012376 0.690911 65 -0.0882675 -0.0224244 0.716948 52 -0.080523 0.00739069 0.691581 45
 -0.10921 0.0191885 0.697184 95 -0.0880312 0.00833599 0.690705 79 -0.0701941 -0.0128616 0.710044 18
 -0.0959754 0.0089355 0.693833 152 -0.127901 0.0306513 0.699267 31 -0.0720395 -0.00152482 0.709391 7
 -0.0947322 -0.0335748 0.731111 50 -0.13058 0.00826753 0.682272 12 -0.0930519 0.00439658 0.69214 4
 -0.067378 -0.0124868 0.705042 191 -0.105401 0.0191058 0.698726 5 -0.079945 -0.013601 0.681911 3
 -0.0744617 -0.00486451 0.705274 118 -0.0818842 -0.0258356 0.718322 66 -0.0904014 0.00337576 0.68664 15
 -0.0777399 -0.00126814 0.703025 98 -0.083466 -0.0251529 0.720641 83 -0.0914025 -0.0479952 0.751975 19
 -0.0883759 -0.0405704 0.737002 175 -0.0993341 -0.0572248 0.75598 25
 -0.108205 -0.0719201 0.764899 164 -0.0954609 -0.0308636 0.742575 10 -0.0866426 -0.0247538 0.727571 9
 -0.129943 -0.0886337 0.757875 182 -0.115906 -0.0388882 0.750315 18
 -0.166175 -0.120667 0.774446 200
 -0.157911 -0.161559 0.813242 13 -0.151096 -0.12544 0.786347 7 -0.106898 -0.0424356 0.749514 6
 -0.139831 -0.0341464 0.754952 63 -0.150839 -0.0418159 0.744553 35 -0.137966 -0.0331915 0.688829 30
 -0.149969 -0.0668707 0.722747 152 -0.140762 -0.0377178 0.698941 19 -0.142612 -0.0438781 0.703693 15
 -0.125177 -0.0519919 0.758787 4 -0.123869 -0.0341137 0.689866 4 -0.134653 -0.0635744 0.72571 1
 -0.16113 -0.119993 0.764156 21 -0.168042 -0.133641 0.783807 18 -0.126749 -0.0483716 0.75038 6
