 -0.16666 0.015355 0.745322 159 -0.128597 0.0340205 0.713223 31 -0.117265 -0.0507971 0.799861 7
 -0.163897 0.00563723 0.751565 155 -0.127415 0.0245503 0.7197 29 -0.122194 -0.0422014 0.794934 8
 -0.163414 -0.0071623 0.787152 168 -0.131231 -0.0316446 0.788277 25 -0.136255 0.0123752 0.780538 5
 -0.160467 -0.0129988 0.796132 165 -0.130465 -0.0108336 0.775399 13 -0.134607 -0.0112834 0.776787 13
 -0.159388 -0.0144271 0.805184 165 -0.140046 -0.0135603 0.782631 33 -0.145604 -0.0136955 0.786104 2
 -0.155114 -0.0273273 0.812417 190 -0.141705 -0.0262833 0.785994 10
 -0.116425 0.0388832 0.714126 90 -0.115516 -0.0512578 0.806873 35 -0.111255 0.0284863 0.768912 27
 -0.121837 -0.0314649 0.787581 135 -0.119664 0.0262094 0.779192 28 -0.11719 0.0288341 0.722969 27
 -0.119097 0.00467183 0.786886 189 -0.126112 -0.0236647 0.817492 10 -0.117296 0.0229375 0.728212 1
 -0.123531 0.007717 0.789663 190 -0.124269 -0.026519 0.81987 4 -0.147483 -0.0200583 0.814814 2
 -0.126414 0.00280333 0.79649 136 -0.122728 -0.0131525 0.786568 50 -0.120324 -0.037553 0.82848 6
 -0.124846 -0.00866851 0.794393 188 -0.0988233 -0.00125543 0.811701 8 -0.0967155 -0.0208944 0.826008 4
 -0.161513 0.0169552 0.742767 96 -0.0944344 -0.0484576 0.819722 37 -0.0842381 0.0692169 0.756177 25
 -0.0843285 0.054748 0.7648 119 -0.16321 0.00650494 0.755801 21 -0.101752 -0.000197107 0.802864 17
 -0.0908853 0.0397775 0.783741 71 -0.105817 -0.00404195 0.807588 58 -0.1317 0.0193499 0.781031 32
 -0.107406 0.00764992 0.807681 148 -0.130411 0.00712047 0.789328 30 -0.16977 0.00610321 0.77638 11
 -0.10848 0.00517301 0.805026 181 -0.101963 0.0534196 0.777544 17 -0.0884583 -0.0420493 0.826089 2
 -0.107332 -0.00874111 0.821493 200
 -0.0846809 0.0707196 0.750618 195 -0.010629 -0.00921843 0.790195 5
 -0.0852796 0.0610415 0.761885 164 -0.161126 0.00949043 0.748605 30 -0.020249 -0.0166797 0.798082 5
 -0.086561 0.045676 0.777697 183 -0.102138 0.00897997 0.802596 14 -0.0291192 -0.032389 0.808644 3
 -0.0901216 0.0367141 0.791377 174 -0.0897643 0.0124226 0.806459 23 -0.0353789 -0.032596 0.816175 3
 -0.0889657 0.019952 0.807697 200
 -0.0911818 -0.0112673 0.825037 200
 -0.0145749 -0.00962785 0.795112 199 -0.115061 0.0139736 0.802656 1
 -0.0305129 -0.0251494 0.807237 200
 -0.0449075 -0.0408456 0.820068 200
 -0.054272 -0.0514867 0.826838 200
 -0.0794422 -0.0708391 0.833207 200
 -0.112083 -0.0821544 0.840852 200
 -0.152634 -0.0886634 0.861214 200
 -0.134075 -0.110189 0.863712 30 -0.114662 -0.0888125 0.861242 17 -0.15259 -0.0292625 0.81399 6
 -0.115659 -0.0354482 0.835733 64 -0.116286 -0.0402096 0.813053 61 -0.131705 -0.0523412 0.828133 13
 -0.143181 -0.0448316 0.823768 179 -0.138124 -0.0425525 0.799769 20 -0.151012 -0.00278313 0.802787 1
 -0.122808 -0.053217 0.835908 23 -0.128037 -0.0584266 0.835481 14 -0.116981 -0.0251832 0.821781 3
 -0.142644 -0.103555 0.865281 75 -0.126757 0.00474063 0.785633 2 -0.115458 -0.0575425 0.83036 1
