 -0.171531 0.0524494 0.78113 200
 -0.168548 0.0410328 0.784678 200
 -0.164071 0.02542 0.793153 200
 -0.159845 0.0136121 0.798695 200
 -0.154354 0.00549024 0.802134 200
 -0.14942 -0.0135136 0.805947 200
 -0.122413 0.0867284 0.771967 198 -0.102988 0.0810879 0.756314 2
 -0.126951 0.0714405 0.780521 200
 -0.126505 0.0523768 0.791408 200
 -0.12738 0.0398334 0.796011 200
 -0.123634 0.0246197 0.805752 200
 -0.1236 0.00591727 0.809083 200
 -0.0906903 0.090636 0.754887 179 -0.120327 0.0964935 0.774134 17 -0.166452 0.0568417 0.78418 2
 -0.0919604 0.075033 0.763396 187 -0.122872 0.0830122 0.781916 13
 -0.0942839 0.0574632 0.776377 197 -0.123772 0.0819044 0.774644 3
 -0.0970912 0.0446255 0.78514 197 -0.125675 0.0956675 0.774848 3
 -0.0988952 0.0200027 0.80198 200
 -0.0963044 -0.0032871 0.810502 200
 -0.0539675 0.0423129 0.730402 109 0.010307 -0.0191869 0.795492 43 -0.0896056 0.0950571 0.751934 40
 -0.0584047 0.0308073 0.740965 87 0.00183175 -0.0282104 0.798252 62 -0.0912745 0.0851167 0.758143 30
 -0.061482 0.0176711 0.765665 88 -0.00477153 -0.0263459 0.79546 38 -0.095615 0.0725472 0.7681 36
 -0.0654958 0.0207457 0.78142 136 -0.0956908 0.0875616 0.760055 61 -0.0235064 -0.040957 0.811175 3
 -0.0721628 0.00752159 0.800166 200
 -0.0759858 -0.0133391 0.816431 200
 0.00550152 -0.0226305 0.796696 200
 -0.0148065 -0.0349114 0.80428 200
 -0.0334791 -0.0504301 0.814134 200
 -0.04722 -0.0629308 0.820889 200
 -0.0724136 -0.0792153 0.823161 200
 -0.104555 -0.0884643 0.8276 200
 -0.145108 -0.095728 0.847294 200
 -0.124082 -0.114381 0.85253 21 -0.103255 -0.100446 0.839854 12
 -0.109302 -0.0323535 0.823914 182 -0.104182 0.00328492 0.813019 7 -0.130862 -0.0690058 0.814497 2
 -0.131994 -0.0418655 0.816186 200
 -0.101045 -0.060004 0.828044 43
 -0.137156 -0.113447 0.853144 103 -0.00268393 -0.00816645 0.801367 6 -0.12033 0.0558638 0.798097 4
