 -0.104956 0.0176756 0.661459 174 -0.0967759 0.0127779 0.70509 15 -0.0447461 0.0857365 0.717124 7
 -0.106411 0.0104178 0.66649 165 -0.105147 0.022519 0.710321 15 -0.0922952 0.0269852 0.688182 12
 -0.105583 -0.00363327 0.677738 195 -0.0332048 0.0368953 0.759497 4 -0.0942228 0.0289087 0.659814 1
 -0.105455 -0.0132761 0.685115 187 -0.04134 0.0252608 0.761584 13
 -0.102709 -0.0207015 0.689841 182 -0.0891369 0.032494 0.701067 16 -0.0856734 0.0395477 0.729815 2
 -0.100709 -0.0394945 0.700482 108 -0.102441 -0.0341249 0.697724 90 -0.101481 0.0139825 0.706253 2
 -0.0782976 0.0604089 0.6886 167 -0.0747046 0.0679693 0.716733 22 -0.0610992 0.037062 0.727352 4
 -0.0797427 0.0507838 0.69334 148 -0.0955254 0.00416289 0.670021 31 -0.0908437 -0.0184364 0.713386 9
 -0.0838164 0.0407726 0.698514 124 -0.0977713 -0.0139458 0.680592 32 -0.0900958 0.00236569 0.712498 21
 -0.0855624 0.017289 0.707919 105 -0.0999679 -0.0260338 0.685211 43 -0.0887651 0.0310963 0.659852 18
 -0.088647 -0.00400337 0.719831 193 -0.0907309 0.00692167 0.67019 3 -0.092566 0.0440575 0.688589 2
 -0.0881173 -0.0205981 0.72414 185 -0.0928084 0.0338013 0.709494 13 -0.0842187 0.0327083 0.734447 2
 -0.0511447 0.0787233 0.717163 200
 -0.0576424 0.0629017 0.724236 176 -0.0524015 0.044423 0.75457 21 -0.0828989 0.0515893 0.692768 3
 -0.062867 0.0460051 0.728512 145 -0.0806731 0.0182318 0.728207 39 -0.0572583 0.0721975 0.72029 8
 -0.0679852 0.0536443 0.732483 135 -0.0831459 0.00594012 0.733047 42 -0.0720813 0.05459 0.698527 18
 -0.0777053 0.0042673 0.741402 189 -0.0715294 0.0435825 0.728992 10 -0.054611 0.0406235 0.767407 1
 -0.0819981 -0.0259302 0.744271 127 -0.0744831 0.0270532 0.741436 46 -0.079061 -0.0856134 0.765993 15
 -0.0223106 0.0692765 0.752089 187 0.0158637 -0.0371127 0.808546 12 -0.0384978 0.0489494 0.7229 1
 -0.0291062 0.0555418 0.755179 192 0.00359684 -0.0478119 0.805486 7 -0.0486005 0.0507275 0.728951 1
 -0.0378163 0.0421525 0.757002 182 -0.0511781 0.0670821 0.709626 13 -0.0105841 -0.0535113 0.811589 5
 -0.0425513 0.0311687 0.763312 182 -0.0457454 0.0666662 0.725488 15 -0.0276811 0.0705111 0.761011 2
 -0.0624879 -0.00212056 0.760679 200
 -0.0714713 -0.031681 0.77555 198 -0.0507881 -0.0891512 0.798729 1 -0.0618805 -0.00341758 0.770455 1
 0.00785811 -0.0374241 0.810535 200
 -0.00920262 -0.0512379 0.811113 200
 -0.0294877 -0.0648618 0.811312 200
 -0.0478891 -0.0753941 0.797815 178 -0.0418927 0.0487444 0.759967 22
 -0.0731996 -0.0987434 0.784265 108 -0.0524781 0.0163729 0.769661 41 -0.0664388 -0.0080589 0.756207 15
 -0.0797355 -0.0960786 0.769651 160 -0.0665487 -0.0495755 0.781603 18 -0.0747197 -0.0154947 0.738594 13
 -0.127686 -0.122684 0.764931 200
 -0.121595 -0.16171 0.803039 2 -0.12023 -0.126638 0.76649 1
 -0.0894663 -0.0194012 0.727528 41 -0.0605214 0.030042 0.738316 30 -0.059966 0.0287822 0.744271 27
 -0.0990475 -0.0885654 0.728659 61 -0.0945821 -0.0571038 0.708518 50 -0.0842993 -0.0221813 0.730471 24
 -0.0924136 -0.0322084 0.697663 14 -0.027923 -0.0703659 0.79947 4 -0.0736294 0.00552149 0.745916 3
 -0.123604 -0.117865 0.752598 51 -0.125358 -0.128839 0.762431 33 -0.12485 -0.123708 0.757584 15
