 -0.152534 0.0668798 0.665137 198 -0.10902 0.120705 0.667117 2
 -0.150295 0.0562835 0.668034 198 -0.111077 0.108877 0.670305 2
 -0.14512 0.0413316 0.677465 200
 -0.141352 0.0334812 0.683359 200
 -0.135753 0.0246675 0.689249 200
 -0.127245 0.00789063 0.69402 200
 -0.105984 0.108776 0.67064 128 -0.0605264 0.123818 0.716536 71 -0.0432815 0.0710586 0.679417 1
 -0.111613 0.0984982 0.680148 168 -0.0727298 0.0979761 0.727064 29 -0.119058 0.0331988 0.702229 3
 -0.114189 0.0768332 0.689384 194 -0.133326 0.0451412 0.706859 3 -0.07049 0.0994013 0.724415 2
 -0.11799 0.0619992 0.695179 194 -0.0779351 0.0894647 0.73416 3 -0.133334 0.029801 0.691266 2
 -0.112211 0.0441397 0.706618 177 -0.109393 0.0162149 0.716716 18 -0.0718266 0.00936239 0.736111 3
 -0.110586 0.0303822 0.712277 192 -0.0941616 0.0696407 0.717416 8
 -0.108301 0.114835 0.669391 126 -0.0658975 0.124597 0.713127 44 -0.0375672 0.0751104 0.675337 30
 -0.110345 0.10055 0.676297 108 -0.0704604 0.110444 0.721735 62 -0.0529134 0.0683606 0.688144 29
 -0.111862 0.0901298 0.686215 120 -0.0721023 0.096011 0.728151 37 -0.0690859 0.0686907 0.699504 34
 -0.116025 0.07769 0.690806 70 -0.0864755 0.0610147 0.709621 65 -0.0872789 0.0677745 0.707563 32
 -0.0890392 0.0546058 0.717632 148 -0.0891226 0.0206185 0.724216 21 -0.0524563 0.021831 0.707083 9
 -0.0945449 0.0518403 0.72228 104 -0.0931269 0.019217 0.732791 58 -0.0900174 0.0320484 0.737377 17
 -0.0604223 0.129458 0.714006 108 -0.0242492 0.0421293 0.690984 59 -0.0354968 0.0691848 0.672556 25
 -0.0677027 0.114925 0.71753 122 -0.0461208 0.0716827 0.682693 59 -0.0315862 0.033894 0.696961 11
 -0.0740758 0.0981446 0.726397 99 -0.0349102 0.0228039 0.708487 25 -0.0676455 0.0724486 0.69159 24
 -0.0793363 0.0715787 0.69992 134 -0.0778723 0.0888816 0.732561 38 -0.0405039 0.0219131 0.715375 22
 -0.0809049 0.0688737 0.709931 145 -0.0829893 0.0579199 0.744868 43 -0.0474867 0.0895986 0.722533 6
 -0.0901316 0.0291843 0.745196 200
 -0.0223529 0.0366845 0.693743 200
 -0.0326476 0.0233431 0.713708 200
 -0.0431983 0.0073917 0.729534 200
 -0.0477601 -0.0046173 0.741363 198 -0.0202373 0.0211935 0.718962 2
 -0.0549124 -0.0208116 0.745071 200
 -0.0793761 -0.0438264 0.74039 200
 -0.112273 -0.0748521 0.748801 200
 -0.0740865 -0.0613145 0.761134 9 -0.0538695 -0.0183517 0.74729 1 -0.0447598 0.0345365 0.693265 1
 -0.104207 0.00628109 0.733519 200
 -0.108509 -0.00769393 0.705526 200
 -0.0962751 -0.0369175 0.720538 9 -0.105274 -0.0574464 0.73665 2 -0.0496003 0.0583763 0.66499 2
 -0.111044 -0.0813776 0.755581 55 -0.11013 -0.0791121 0.752335 13 -0.08795 -0.0445516 0.725908 2
