 -0.187731 0.0255786 0.662143 200
 -0.185105 0.0149889 0.670129 200
 -0.181483 0.00115036 0.684886 200
 -0.17743 -0.0075505 0.692055 200
 -0.170043 -0.0119225 0.698994 200
 -0.167863 -0.029296 0.706567 200
 -0.144281 0.0571252 0.650147 200
 -0.147833 0.0421022 0.664201 200
 -0.148962 0.0285196 0.683501 197 -0.10452 0.0295923 0.674872 3
 -0.147947 0.0193534 0.690159 197 -0.117862 0.0298756 0.676979 3
 -0.143382 0.00883526 0.699051 200
 -0.141686 -0.0113804 0.705812 200
 -0.110462 0.0641093 0.65052 200
 -0.114512 0.0502563 0.660748 194 -0.151382 0.0421421 0.654385 6
 -0.118084 0.0382929 0.67806 199 -0.12068 0.00853629 0.689903 1
 -0.12092 0.0280571 0.686683 200
 -0.117621 0.00850449 0.700238 200
 -0.114342 -0.0162989 0.705679 200
 -0.0730033 0.0487802 0.641843 200
 -0.076763 0.0372201 0.651646 200
 -0.0799033 0.0211577 0.671892 200
 -0.0846584 0.0119292 0.683056 199 -0.0762376 -0.0528327 0.718547 1
 -0.0892157 -0.000943613 0.698512 200
 -0.0904609 -0.0266853 0.7142 136 -0.0937025 -0.000196825 0.69877 20 -0.153742 -0.0255367 0.712755 14
 -0.0224564 -0.056975 0.675052 200
 -0.0401144 -0.065266 0.692836 200
 -0.0521332 -0.0730474 0.711761 200
 -0.0695839 -0.0789033 0.724341 200
 -0.0903268 -0.0915423 0.734879 199 -0.099837 -0.103256 0.798725 1
 -0.121378 -0.0956959 0.744974 200
 -0.160024 -0.0988254 0.770484 200
 -0.122907 -0.104901 0.771112 15 -0.123287 -0.112344 0.799396 6 -0.120356 -0.100476 0.743266 1
 -0.133653 -0.0567759 0.726753 164 -0.116728 -0.00791185 0.705027 23 -0.134096 -0.0128323 0.711012 11
 -0.149867 -0.0500581 0.721582 200

 -0.146238 -0.116576 0.770778 37
