 -0.153074 0.038911 0.775316 200
 -0.150593 0.0274497 0.778084 200
 -0.145475 0.0108987 0.786527 200
 -0.14141 0.000433702 0.791267 200
 -0.136356 -0.00881979 0.795165 200
 -0.132399 -0.0277291 0.798676 200
 -0.105775 0.075341 0.777716 200
 -0.108426 0.061548 0.783736 200
 -0.109016 0.0418171 0.790357 200
 -0.110202 0.0277469 0.792676 200
 -0.105875 0.00986516 0.799752 200
 -0.105878 -0.00914141 0.802061 200
 -0.0662184 0.086168 0.773179 200
 -0.0702384 0.0694649 0.779813 200
 -0.0739496 0.0493079 0.787794 200
 -0.077752 0.0336411 0.792048 200
 -0.0782055 0.00838992 0.802116 200
 -0.0765883 -0.0201145 0.805479 200
 -0.027347 0.064972 0.767035 200
 -0.0316773 0.0513048 0.771179 200
 -0.0372593 0.0330424 0.781098 200
 -0.0426558 0.0196566 0.790856 200
 -0.0489102 -0.00300382 0.802477 200
 -0.0564769 -0.0307301 0.810586 200
 0.0190428 -0.0331529 0.793903 200
 0.00290876 -0.0509756 0.802975 200
 -0.016937 -0.0670089 0.810922 200
 -0.0303637 -0.0780771 0.81547 200
 -0.0581175 -0.0970545 0.815917 200
 -0.0886607 -0.104813 0.819139 200
 -0.128695 -0.112027 0.838348 200
 -0.096431 -0.118256 0.837564 19 -0.0222476 -0.0499788 0.806828 3
 -0.0920162 -0.0496196 0.816829 189 -0.0807093 -0.00458873 0.79934 6 -0.0723433 -0.0279857 0.803846 4
 -0.11504 -0.0538717 0.807819 200
 -0.088628 -0.0717282 0.818198 84 -0.136607 -0.118171 0.851155 6
 -0.121754 -0.125958 0.842571 66
