 -0.0579684 0.0461539 0.603444 151 0.0268213 -0.0404806 0.747721 27 -0.0121589 0.0368451 0.608349 12
 -0.0643635 0.037807 0.607295 158 -0.022764 0.0320581 0.613727 12 -0.107852 -0.0064986 0.684917 10
 -0.0955525 -0.00443869 0.686519 38 -0.0861806 0.0186397 0.66109 35 -0.035036 0.0287272 0.644826 32
 -0.124709 0.000338528 0.674781 39 -0.0440733 0.00682733 0.674543 32 -0.0889938 0.0242094 0.686619 24
 -0.125275 -0.00316854 0.683751 71 -0.0502487 0.00985992 0.677984 33 -0.101301 0.00445144 0.695155 33
 -0.0932104 0.012193 0.686419 135 -0.12165 -0.0113291 0.704241 43 -0.131679 0.00235484 0.762103 10
 -0.0162063 0.0267283 0.60881 106 -0.0231073 -0.0044893 0.675543 31 -0.0579938 0.0397245 0.606532 30
 -0.0567778 0.0101004 0.676409 60 -0.036052 0.019129 0.61617 27 -0.0288186 0.0187004 0.6584 26
 -0.0450208 0.013678 0.666784 44 -0.0979912 0.00543126 0.670644 35 -0.0246979 -0.0159445 0.686608 33
 -0.0503326 0.0130126 0.671848 47 -0.0304069 -0.00305262 0.686815 34 -0.118418 0.00165764 0.70071 30
 -0.0587375 0.0147492 0.680657 54 -0.0792495 -0.017374 0.700334 36 -0.139 -0.0303219 0.762529 30
 -0.0841846 0.0029427 0.69756 193 -0.0187485 -0.00360352 0.664846 6 -0.122867 -0.00673317 0.703167 1
 0.012102 0.00259469 0.635254 70 -0.0161782 0.0375299 0.606983 57 -0.0611525 0.0374865 0.603617 41
 0.00305333 0.00405004 0.639714 63 -0.0175883 0.0109672 0.668715 40 -0.0213522 0.0215462 0.612963 34
 -0.0284387 -0.00182425 0.684881 59 -0.0330766 -0.000109561 0.689029 53 -0.0241768 0.00962507 0.621251 20
 -0.0173631 0.00536163 0.674061 54 -0.0357785 0.00246566 0.691711 32 -0.0501945 0.016048 0.687353 27
 -0.0275358 -0.000799306 0.689191 58 -0.0413146 0.00512179 0.696393 38 -0.0577995 0.00874082 0.686588 14
 -0.0575642 0.00392388 0.698238 132 -0.0772711 -0.0208307 0.689426 23 -0.0209371 0.00508228 0.689169 17
 0.0311766 -0.048564 0.747557 154 -0.0558511 0.0475154 0.604273 42 -0.013552 0.0384275 0.607409 2
 0.0195806 -0.0461962 0.752697 122 0.00697058 0.000321673 0.640264 75 -0.05706 0.0342346 0.608004 2
 0.000265957 -0.0421869 0.756113 167 -0.0105856 0.000260769 0.657022 12 -0.00392393 -0.0105823 0.778756 5
 -0.0177106 -0.0364108 0.765245 178 -0.0443056 0.0241519 0.660261 16 0.0088103 0.0108147 0.636534 4
 -0.0236103 -0.0260153 0.764664 105 -0.0140916 0.00125294 0.678859 20 -0.0609941 -0.0339416 0.732698 10
 -0.0253105 0.00665909 0.671218 55 -0.072713 -0.0331469 0.756304 27 -0.054128 -0.010613 0.717134 14
 0.0293246 -0.0466051 0.752431 182 -0.0165568 0.0311452 0.612016 15 0.0118833 0.00073658 0.64316 2
 0.00637164 -0.044809 0.755642 195 -5.33303e-05 0.000845078 0.652861 2 -0.0193528 0.0102498 0.623977 1
 -0.0202602 -0.0403345 0.764023 198 -0.107924 0.0215977 0.655711 2
 -0.0362779 -0.0421802 0.769107 198 -0.121482 0.00630258 0.654063 2
 -0.0640101 -0.0358871 0.766441 200
 -0.102806 -0.033909 0.765542 164 -0.0811693 -0.0225877 0.74615 24 -0.0690216 -0.0166942 0.713047 12
 -0.137247 -0.016015 0.774628 195 -0.121836 -0.0140156 0.704573 3 -0.131341 -0.0178794 0.73739 2
 -0.0595073 -0.0162036 0.74114 5 -0.129596 -0.044082 0.79714 2 -0.0894985 -0.0270291 0.76325 2
 -0.0803684 -0.00685193 0.699888 24 -0.127556 -0.00276244 0.763971 20 -0.0649099 0.015595 0.690773 12
 -0.11492 -0.0118969 0.713786 183 -0.0750321 -0.0283466 0.757026 12 -0.0675813 0.0244622 0.677318 2
 -0.134369 -0.0145424 0.777188 10 -0.0733452 0.00722372 0.689022 7 -0.0990471 -0.00590583 0.72556 1
 -0.13892 -0.0121421 0.776241 6 -0.157928 -0.0187817 0.793778 5 -0.0387733 -0.000714008 0.681072 3
