 -0.0856315 0.0250253 0.631219 50 -0.0660796 0.0939023 0.702228 39 -0.0871828 0.0180349 0.634669 29
 -0.0885239 0.00916115 0.639424 116 -0.0363468 -0.0675958 0.779388 26 -0.0373195 0.0674175 0.74042 24
 -0.0880754 -0.0105765 0.657175 90 -0.0894174 -0.00749738 0.654386 83 -0.0926537 0.0242818 0.690503 24
 -0.0866989 -0.0222233 0.666914 124 -0.087172 0.00418486 0.646956 46 -0.075335 0.0475176 0.68185 12
 -0.0850958 -0.027761 0.671952 154 -0.0864658 -0.00578674 0.655377 38 -0.0441293 0.0639421 0.743085 5
 -0.0820795 -0.0407151 0.682329 200
 -0.0885403 0.066947 0.670845 181 -0.0820075 0.0707556 0.709918 19
 -0.0909982 0.0539776 0.677904 169 -0.0860577 0.0557289 0.715162 25 -0.079609 0.0272314 0.714326 6
 -0.0882976 0.0357661 0.68406 110 -0.0788615 0.0484182 0.714464 39 -0.0912764 0.0576408 0.674627 17
 -0.0856061 0.0241192 0.691984 131 -0.088016 0.0488874 0.677004 20 -0.0799187 0.0444481 0.716648 19
 -0.0878122 -0.000489468 0.698274 117 -0.0850354 0.0226202 0.712101 23 -0.0859358 0.0248951 0.705717 19
 -0.0819976 -0.0122482 0.710968 188 -0.062406 -0.0590317 0.696171 8 -0.0907079 0.0423396 0.680465 3
 -0.0697402 0.0882985 0.703261 198 -0.0889273 0.0637954 0.671724 2
 -0.0749371 0.0693342 0.709978 196 -0.0605538 0.0460566 0.735405 3 -0.100944 0.0628687 0.672537 1
 -0.0782632 0.0515525 0.714587 163 -0.0752371 0.0665221 0.669971 20 -0.0619661 0.015516 0.719763 5
 -0.0774814 0.0415953 0.716531 134 -0.0631864 0.00390614 0.734881 21 -0.0654738 0.0295847 0.746231 11
 -0.0768669 0.00756481 0.726225 147 -0.0732322 0.0441849 0.719373 24 -0.072439 -0.0389148 0.750856 11
 -0.0739522 -0.0158401 0.731909 123 -0.0846118 0.00915199 0.710006 21 -0.0702191 0.0259892 0.7435 18
 -0.0357218 0.0768326 0.737167 187 -0.0279537 0.00976196 0.817291 11 -0.0368731 0.0403801 0.737078 2
 -0.0415934 0.0661191 0.74155 188 -0.0339519 -0.00121234 0.823875 12
 -0.047361 0.0522367 0.742609 174 -0.0630045 0.072643 0.712632 14 -0.0375015 -0.0156037 0.811254 11
 -0.0598727 0.0380019 0.7462 61 -0.0570945 0.0419459 0.746658 54 -0.0442902 0.0660957 0.742271 36
 -0.0663662 0.00811036 0.748442 98 -0.0606421 0.0374736 0.749433 52 -0.0493477 -0.0396687 0.799424 24
 -0.0679041 -0.0160712 0.754656 97 -0.0614389 0.00886996 0.756231 37 -0.0601734 -0.013281 0.808137 33
 -0.0209996 0.00448085 0.820846 115 -0.0376978 0.0707352 0.742124 78 -0.0727045 0.0923682 0.706195 7
 -0.0331707 -0.0124317 0.814714 146 -0.0463117 0.0507018 0.742024 54
 -0.0406044 -0.0286747 0.811343 157 -0.0545096 0.0367862 0.749017 27 -0.0554475 -0.0669886 0.757525 12
 -0.0507776 -0.0499654 0.787746 81 -0.0522474 -0.0501734 0.782774 69 -0.0549343 -0.0875815 0.761541 25
 -0.0481168 -0.0702293 0.758619 126 -0.0611328 0.0326355 0.749893 36 -0.040881 -0.0322327 0.811064 24
 -0.0662773 -0.0885464 0.749333 157 -0.0501048 -0.0355145 0.800679 24 -0.0697082 0.00638711 0.742762 6
 -0.107221 -0.123261 0.747375 200
 -0.0480403 0.0144164 0.820847 21 -0.0591896 -0.0315173 0.802412 12 -0.0678943 0.0281513 0.745371 10
 -0.0797416 -0.0676511 0.741165 30 -0.0741144 -0.034794 0.750698 20 -0.0759901 -0.0199161 0.734873 16
 -0.0788897 -0.068429 0.703363 64 -0.08184 -0.0171532 0.723402 38 -0.082052 0.00715953 0.650159 14
 -0.0943809 -0.082401 0.731351 13 -0.0676354 -0.0429093 0.759914 6 -0.0822907 -0.0782163 0.703582 5
 -0.100941 -0.114769 0.740201 114 -0.11035 -0.144057 0.757341 3 -0.124041 -0.124105 0.762078 1
