 -0.0801886 0.11535 0.684546 107 0.00656354 0.100395 0.647317 88 -0.0490773 -0.0378993 0.668851 3
 -0.0832421 0.10518 0.68829 113 -0.00289815 0.0934654 0.650958 85 -0.00848986 0.0348046 0.663513 2
 -0.0867912 0.0860987 0.689486 157 -0.0111027 0.086176 0.662742 21 -0.00645642 0.0324972 0.675457 7
 -0.0884618 0.0775844 0.693938 184 -0.0181222 0.0785088 0.667795 7 -0.0171505 0.0202522 0.679969 6
 -0.0901988 0.0654558 0.695693 116 -0.100347 0.0304998 0.681514 50 -0.0414186 -0.00115877 0.688534 19
 -0.0985199 0.0392153 0.689144 134 -0.0411057 -0.00474899 0.690637 29 -0.112821 0.00796615 0.689029 25
 -0.00167099 0.100981 0.648666 103 0.00342745 0.0497576 0.63387 77 -0.0577777 0.0133128 0.619363 11
 -0.0124053 0.0869607 0.659808 44 -0.0927347 0.0149528 0.692754 39 -0.0639578 0.0482246 0.650233 27
 -0.0855633 0.0363241 0.685274 66 -0.0308826 0.0693357 0.682378 52 -0.057932 0.0487043 0.64853 49
 -0.043539 0.0659981 0.682328 52 -0.0960162 0.0227573 0.682145 29 -0.041737 -0.000420264 0.690415 28
 -0.0534443 0.0500287 0.656451 37 -0.0382281 0.0483281 0.693367 33 -0.0641813 0.0394694 0.68785 31
 -0.0761523 0.0273412 0.690821 76 -0.0519483 0.0164904 0.694724 34 -0.106089 -0.0138322 0.685344 18
 9.72848e-05 0.0992048 0.650749 89 -0.0750194 0.115458 0.685272 58 0.0110454 0.0567343 0.628775 26
 -0.00634958 0.0896085 0.658138 122 -0.0794548 0.100092 0.691832 71 -0.0630241 0.0496715 0.643913 4
 -0.0212889 0.0777583 0.671231 77 -0.0246547 0.0530563 0.681309 47 -0.0892735 0.082518 0.688386 21
 -0.0271817 0.0672979 0.681124 97 -0.0712086 0.0279879 0.689356 44 -0.0910201 0.0706015 0.692879 21
 -0.0369767 0.0544014 0.694983 89 -0.0705988 0.0185636 0.691886 52 -0.0798235 -0.00656697 0.697893 32
 -0.0486744 0.0377346 0.695883 58 -0.091151 -0.00877957 0.703929 52 -0.106218 0.00217134 0.682764 41
 0.000755379 0.105767 0.645552 97 -0.0731085 0.115602 0.684485 56 0.00215834 0.0494319 0.647791 40
 -0.0784713 0.104456 0.68941 109 -0.00473125 0.0946139 0.652121 57 -0.00582401 0.0399143 0.655098 32
 -0.0847504 0.0884308 0.689522 120 -0.00598867 0.0669982 0.62505 37 -0.0353563 0.0621143 0.685095 28
 -0.0105469 0.0538367 0.637071 73 -0.0895407 0.0771122 0.692623 62 -0.0269611 0.0362551 0.683892 38
 -0.0907567 0.059618 0.691983 106 -0.0317091 0.0160502 0.694195 42 -0.0697054 0.0465897 0.681789 28
 -0.032164 0.0194642 0.696957 82 -0.0636695 0.0522283 0.679775 35 -0.0831062 0.0403329 0.694451 25
 -0.0797535 0.114706 0.688752 136 0.00107695 0.0988494 0.652012 61 0.00432078 0.0530644 0.638105 2
 -0.0809721 0.0953951 0.691989 126 -0.00506713 0.0391265 0.657762 49 -0.00730285 0.0780238 0.656659 19
 -0.0568092 -0.0142611 0.656281 116 -0.0145949 0.0348037 0.672401 43 -0.090209 0.0642478 0.694131 28
 -0.0539786 -0.0241099 0.669579 189 -0.0483977 -0.00932122 0.693392 6 -0.101415 0.045326 0.69765 5
 -0.0729782 -0.0410154 0.681809 200
 -0.101974 -0.047276 0.707483 195 -0.0455172 0.0231372 0.68599 3 -0.0173539 0.0386439 0.678421 2
 -0.130927 -0.0491418 0.724258 200
 -0.102831 -0.0670879 0.732369 68 -0.127314 -0.030018 0.706498 19 -0.127417 -0.0253018 0.70379 19
 -0.0777214 0.00853539 0.702061 157 -0.0569132 0.0399865 0.689019 20 -0.0866987 -0.0242025 0.682252 11
 -0.100435 0.0117601 0.694049 198 -0.0664089 0.00247503 0.703173 2
 -0.111544 -0.0375152 0.709814 73 -0.108032 -0.0225972 0.690264 37 -0.0898466 -0.00512128 0.703876 23
 -0.132216 -0.0587485 0.730502 151 -0.0819599 0.00126908 0.691633 30 -0.0869033 0.0429947 0.690254 13
