 -0.190531 -0.0378148 0.63709 121 -0.166708 -0.0642075 0.654563 28 -0.0636355 -0.174142 0.746117 16
 -0.185301 -0.045082 0.644984 154 -0.0743355 -0.168417 0.748464 16 -0.128632 -0.170131 0.75802 15
 -0.17395 -0.0546477 0.653717 92 -0.0484089 -0.104305 0.625099 33 -0.0853983 -0.162144 0.751963 28
 -0.0691484 -0.103397 0.649291 57 -0.101008 -0.178004 0.750232 29 -0.112688 -0.155373 0.741212 22
 -0.054446 -0.109599 0.632216 65 -0.110693 -0.0937881 0.625513 22 -0.125779 -0.157756 0.743991 14
 -0.102865 -0.0844696 0.694963 29 -0.125644 -0.0856768 0.627573 22 -0.0745974 -0.10935 0.639409 17
 -0.119422 -0.174196 0.747698 38 -0.050376 -0.110045 0.62953 23 -0.127472 -0.063919 0.680899 18
 -0.0957305 -0.0920396 0.625243 38 -0.129616 -0.165283 0.750819 31 -0.123759 -0.0817654 0.624633 28
 -0.106776 -0.0980988 0.700964 43 -0.111805 -0.0945634 0.625043 41 -0.0864218 -0.0958102 0.530004 23
 -0.0976819 -0.0942054 0.700181 79 -0.118796 -0.074329 0.662259 30 -0.106441 -0.0830694 0.622749 27
 -0.0854212 -0.103064 0.6299 39 -0.0960745 -0.0946516 0.707421 38 -0.0923355 -0.158169 0.76105 33
 -0.109022 -0.0851998 0.70112 103 -0.0840457 -0.117629 0.627046 29 -0.106597 -0.150555 0.744238 18
 -0.0358904 -0.104906 0.611433 71 -0.0531301 -0.106638 0.632499 37 -0.181733 -0.0372762 0.641569 35
 -0.0480404 -0.10931 0.620737 42 -0.0660189 -0.108218 0.636936 32 -0.0953687 -0.0964307 0.707735 31
 -0.0514698 -0.105123 0.636489 97 -0.118197 -0.152165 0.742046 39 -0.129709 -0.0687626 0.692572 12
 -0.165759 -0.0755204 0.673137 48 -0.117511 -0.160818 0.753145 33 -0.112104 -0.0951432 0.626049 26
 -0.146488 -0.0883688 0.661685 23 -0.11226 -0.147581 0.73004 19 -0.0982518 -0.0984712 0.635142 17
 -0.11201 -0.101917 0.628112 76 -0.0985655 -0.104494 0.70194 43 -0.0969081 -0.155077 0.768001 31
 -0.186173 -0.0379677 0.637536 150 -0.00907936 -0.104075 0.587296 31 -0.112698 -0.0796533 0.540747 7
 -0.177854 -0.0454001 0.647409 122 -0.135742 -0.0725168 0.671093 57 -0.0182553 -0.10787 0.602316 14
 -0.141325 -0.0625044 0.684542 63 -0.167589 -0.0552161 0.660198 62 -0.0475055 -0.112378 0.628315 32
 -0.15531 -0.0640997 0.670602 109 -0.100399 -0.0910036 0.695063 39 -0.101243 -0.0918974 0.63352 25
 -0.151942 -0.0688634 0.675683 129 -0.0926748 -0.0861855 0.702515 12 -0.111857 -0.153715 0.723978 12
 -0.116658 -0.079927 0.697964 143 -0.153001 -0.0803657 0.670264 11 -0.0888055 -0.0938979 0.665718 9
 -0.0153306 -0.104943 0.599144 161 -0.140873 -0.0627057 0.681084 11 -0.0765038 -0.171708 0.746917 9
 -0.0356654 -0.111867 0.616882 125 -0.169769 -0.0450593 0.655997 27 -0.155957 -0.0597605 0.678301 26
 -0.164295 -0.0615364 0.672361 66 -0.0752299 -0.175245 0.760197 62 -0.0551347 -0.122049 0.641503 52
 -0.0816626 -0.184212 0.762449 74 -0.115564 -0.0839466 0.703123 52 -0.147502 -0.0667409 0.693417 27
 -0.0576833 -0.105103 0.63901 7 -0.0980891 -0.0986561 0.631374 7 -0.0783271 -0.157783 0.760037 5
 -0.0540454 -0.100403 0.635544 14 -0.109517 -0.0916029 0.634562 6 -0.163784 -0.0755171 0.659567 5
 -0.11162 -0.140846 0.734322 36 -0.120675 -0.14952 0.749308 30 -0.0834697 -0.0989047 0.63721 28
 -0.112401 -0.145555 0.745232 8 -0.0847138 -0.149483 0.744281 5 -0.0928072 -0.148465 0.74499 2
 -0.0885533 -0.107663 0.692395 12 -0.112005 -0.0937395 0.629973 5 -0.114818 -0.0932177 0.695308 5
 -0.0672375 -0.116932 0.647766 24 -0.0977767 -0.105423 0.635168 21 -0.12399 -0.0936179 0.627035 17
 -0.10085 -0.148308 0.754035 5 -0.0927695 -0.0856151 0.53807 2 -0.105368 -0.0730503 0.69373 1
 -0.089599 -0.172751 0.758985 2 -0.112891 -0.162559 0.753815 2 -0.108318 -0.0975593 0.6298 1
