 -0.143644 -0.129594 0.544422 91 -0.194134 0.00424903 0.660045 53 -0.0987981 -0.157257 0.587165 31
 -0.144989 -0.12716 0.551924 58 -0.19089 -0.00507284 0.666492 55 -0.198803 -0.188843 0.800497 25
 -0.189444 -0.1905 0.800165 58 -0.116633 -0.144245 0.618669 27 -0.180388 -0.0175736 0.676048 24
 -0.186303 -0.188449 0.803148 48 -0.153551 -0.0782744 0.646348 30 -0.139567 -0.115222 0.642719 25
 -0.177257 -0.194009 0.811519 36 -0.14985 -0.0912801 0.631596 30 -0.172798 -0.0386727 0.693439 20
 -0.145694 -0.106765 0.635155 60 -0.176566 -0.0272189 0.688918 32 -0.150794 -0.112662 0.618618 32
 -0.145666 -0.216144 0.802272 105 -0.149823 -0.0619239 0.634212 22 -0.17274 -0.0269404 0.686879 18
 -0.151941 -0.0725888 0.64063 37 -0.160182 -0.166453 0.769532 32 -0.182308 -0.0280855 0.688366 22
 -0.155507 -0.0644079 0.625437 67 -0.158331 -0.101294 0.627579 34 -0.170457 -0.0646889 0.563751 20
 -0.156322 -0.0756266 0.636151 40 -0.143041 -0.188649 0.782741 35 -0.157584 -0.0764888 0.631537 29
 -0.142416 -0.0903286 0.644242 42 -0.12517 -0.119935 0.646393 33 -0.165854 -0.108041 0.624082 26
 -0.148715 -0.113065 0.613492 84 -0.128065 -0.0905228 0.709948 42 -0.166317 -0.170326 0.768907 17
 -0.0936579 -0.159092 0.584828 71 -0.169944 -0.0569086 0.560735 28 -0.190526 0.0057 0.660744 26
 -0.102379 -0.147949 0.595398 72 -0.186633 -0.00232726 0.672375 16 -0.143539 -0.0849308 0.636825 15
 -0.144044 -0.0997299 0.642347 44 -0.127885 -0.119093 0.648737 33 -0.13672 -0.10505 0.6969 31
 -0.132469 -0.101699 0.654881 103 -0.128253 -0.0971648 0.696257 42 -0.167559 -0.0550173 0.644795 20
 -0.138904 -0.0904648 0.645743 43 -0.135758 -0.091615 0.650904 38 -0.150951 -0.0764527 0.644628 32
 -0.160133 -0.0428857 0.701312 54 -0.131421 -0.126356 0.653388 35 -0.126137 -0.110483 0.710675 30
 -0.19098 0.00603117 0.657382 196 -0.0990957 -0.158983 0.599734 3 -0.171281 -0.00868168 0.676065 1
 -0.186153 -0.00294588 0.666502 192 -0.103297 -0.14815 0.602088 7 -0.169619 -0.0206839 0.68352 1
 -0.179883 -0.0150245 0.679694 168 -0.147781 -0.181995 0.779906 8 -0.109368 -0.130006 0.599681 8
 -0.171865 -0.0290135 0.692506 139 -0.114331 -0.0992749 0.705677 24 -0.115669 -0.107717 0.676092 15
 -0.158987 -0.0433253 0.703343 184 -0.131283 -0.11014 0.683868 12 -0.141397 -0.0951108 0.7084 4
 -0.148697 -0.0536371 0.7161 65 -0.133626 -0.0907413 0.720787 39 -0.104304 -0.129984 0.678196 18
 -0.188536 0.00557819 0.665161 140 -0.144686 -0.22361 0.808544 43 -0.105663 -0.149975 0.602955 7
 -0.183645 -0.0129219 0.677553 133 -0.131641 -0.0779217 0.719658 39 -0.149253 -0.194685 0.792936 9
 -0.175353 -0.0284787 0.694634 133 -0.147228 -0.0558835 0.716182 32 -0.126452 -0.0789545 0.729972 13
 -0.142955 -0.0695219 0.714991 94 -0.116572 -0.114537 0.694391 35 -0.122746 -0.12439 0.617804 26
 -0.134145 -0.0647763 0.725952 51 -0.178788 -0.0473559 0.554575 11 -0.180948 -0.182789 0.810624 8
 -0.13023 -0.0995597 0.712331 111 -0.148599 -0.0781797 0.697073 47 -0.131342 -0.104049 0.655068 13
 -0.116599 -0.128997 0.645361 107 -0.156525 -0.169508 0.783397 27 -0.173003 -0.1894 0.812033 17
 -0.174031 -0.176995 0.803125 11 -0.150438 -0.178125 0.780861 4 -0.141357 -0.102209 0.601168 3
 -0.129651 -0.11613 0.664197 45 -0.133146 -0.0965744 0.719373 31 -0.162024 -0.0604537 0.684975 28
 -0.150412 -0.0869785 0.652585 82 -0.127056 -0.114243 0.677883 45 -0.140633 -0.106637 0.644088 16
 -0.131303 -0.119832 0.640806 2 -0.163939 -0.152745 0.76867 2 -0.163586 -0.0806122 0.62569 2
 -0.12774 -0.111026 0.637103 18 -0.166156 -0.185623 0.807495 2 -0.160897 -0.0523583 0.56149 2
