 -0.0544297 0.0694498 0.678313 160 -0.0958565 0.0313914 0.642815 27 -0.0110836 0.0544201 0.697954 13
 -0.0607685 0.0601912 0.680044 105 -0.0922199 0.0144129 0.649959 77 -0.017964 0.0449668 0.701337 15
 -0.0916318 -0.00135689 0.664491 174 -0.0275757 0.0326915 0.702352 22 -0.0882511 0.0178975 0.696739 3
 -0.0908547 -0.0123386 0.672856 168 -0.0703439 -0.0396256 0.685867 16 -0.0930026 0.0185894 0.652137 14
 -0.0893071 -0.0218194 0.679221 183 -0.0903212 0.0131908 0.656074 14 -0.0795124 0.0251402 0.69444 2
 -0.0867808 -0.0335396 0.685364 199 -0.105638 -0.0606501 0.691993 1
 -0.0615918 0.0658949 0.677058 102 -0.0863769 0.0291755 0.646368 77 -0.103914 0.00905677 0.646119 10
 -0.0865907 0.0127407 0.655716 115 -0.0648632 0.0549648 0.683009 79 -0.0762124 -0.0299606 0.673765 3
 -0.0878237 -0.00536035 0.666188 122 -0.0813974 0.00702935 0.693537 59 -0.0602933 0.0550857 0.681861 12
 -0.0695668 0.0264359 0.695065 92 -0.0842362 -0.0174258 0.678456 63 -0.0820468 -0.0118819 0.701388 24
 -0.078543 0.00247496 0.703755 164 -0.0854519 0.0100674 0.664836 13 -0.0664745 0.0179377 0.712364 9
 -0.0785666 -0.0123213 0.711405 151 -0.0730688 0.0334401 0.695803 17 -0.0814014 -0.0282183 0.696752 12
 -0.0605291 0.0663292 0.678154 200
 -0.065538 0.0527949 0.687302 122 -0.0196502 0.0407051 0.700403 34 -0.0745121 0.0302728 0.654235 14
 -0.0704686 0.019066 0.698428 137 -0.0374546 0.0334362 0.709433 44 0.00234552 0.0334761 0.697535 8
 -0.0673567 0.00708115 0.707092 143 -0.0729032 0.0418058 0.690518 35 -0.0221806 -0.0187163 0.769723 9
 -0.0638752 0.0230936 0.717635 115 -0.0695503 0.0239166 0.699361 25 -0.0642698 0.000438247 0.723289 23
 -0.0757302 -0.0080151 0.721989 109 -0.0750755 -0.0304336 0.747726 59 -0.0775598 -0.0580158 0.743911 16
 -0.000315599 0.049816 0.692368 165 0.0245329 -0.0164387 0.767225 14 -0.03424 0.0371149 0.701497 9
 -0.0115338 0.0436249 0.697558 165 -0.0384544 0.0331096 0.708016 15 0.0162515 -0.0255991 0.765901 11
 -0.0273512 0.0339429 0.705071 191 0.00692959 -0.0336617 0.772693 6 -0.0589007 0.0117984 0.721376 2
 -0.0374809 0.031276 0.710493 165 -0.0127459 -0.0411044 0.773059 28 -0.051537 0.00655476 0.761207 4
 -0.0480481 0.016565 0.721481 141 -0.0501233 -0.0120828 0.769607 24 -0.0215048 0.0288623 0.714753 13
 -0.0635915 -0.0170457 0.764904 193 -0.0373303 -0.0321004 0.759052 5 -0.0630192 0.0175604 0.72439 2
 0.0179551 -0.0204735 0.766411 200
 0.000161714 -0.0345863 0.772533 200
 -0.0183493 -0.0487175 0.778002 200
 -0.0322531 -0.0630496 0.777893 200
 -0.0534724 -0.0823971 0.76287 186 -0.0377194 -0.0442237 0.770732 14
 -0.0675525 -0.0845826 0.750059 175 -0.0685475 -0.105482 0.729534 14 -0.0274976 -0.0678354 0.778313 9
 -0.110776 -0.11871 0.746951 200
 -0.0753191 -0.0215699 0.758923 3
 -0.0799758 -0.0152863 0.715896 58 -0.0834813 -0.0377998 0.6983 41 -0.0668454 -0.0319187 0.765231 37
 -0.0840294 -0.049945 0.694442 89 -0.0892667 -0.0906215 0.718808 41 -0.0769996 -0.00726969 0.709027 32
 -0.109168 -0.0842243 0.741251 2 -0.0801191 -0.0475447 0.690851 2 -0.0668495 -0.00562315 0.69633 2
 -0.10753 -0.112771 0.735359 100 -0.120012 -0.121175 0.757072 21 -0.110972 -0.115555 0.743381 2
