 -0.0432057 0.00866125 0.629949 135 0.0241901 -0.0219065 0.795166 35 -0.0552006 0.0919397 0.699334 13
 -0.0447973 0.00327405 0.633409 130 -0.0649855 0.0842961 0.70281 24 -0.0613313 0.0756615 0.659602 20
 -0.0614301 -0.0316426 0.667309 90 -0.0425406 0.000523492 0.636962 31 -0.064563 0.0621876 0.672676 16
 -0.0598352 -0.0284657 0.666221 141 -0.0769241 -0.0206491 0.701781 34 -0.0381235 0.0301108 0.748694 12
 -0.0635691 -0.034082 0.674353 125 -0.0762712 -0.0211411 0.705815 44 -0.0474481 0.0524842 0.745633 12
 -0.0663839 -0.0446672 0.680457 136 -0.0658817 -0.0767561 0.698543 30 -0.074843 -0.0309844 0.707446 17
 -0.063638 0.0653754 0.670436 142 -0.0571069 0.0886312 0.698592 42 -0.0316629 0.0174578 0.624273 6
 -0.0678244 0.0455195 0.677721 98 -0.0438102 0.00678841 0.634265 71 -0.0422564 -0.0322539 0.762171 14
 -0.0542198 -0.00524759 0.645799 85 -0.0714196 0.014672 0.684454 36 -0.07398 -0.0358054 0.672651 31
 -0.0675987 0.0157504 0.68658 145 -0.0613003 -0.0163422 0.653922 24 -0.062687 -0.0195249 0.656645 21
 -0.0673971 0.00953962 0.692368 105 -0.0693656 0.00486026 0.693594 53 -0.0627529 0.0318838 0.755584 24
 -0.0677911 0.00637627 0.696419 53 -0.0469059 -0.0287061 0.65544 34 -0.0622049 0.0390632 0.754226 33
 -0.0581523 0.0915552 0.701559 186 -0.0662858 0.0575741 0.671725 5 -0.0361534 0.0155354 0.627453 5
 -0.0600677 0.0650099 0.671876 102 -0.0619556 0.0783276 0.707709 96 0.00210185 -0.0316224 0.795905 1
 -0.0709625 0.0263491 0.682748 98 -0.0612315 -0.0698578 0.701648 60 -0.0576526 0.00315101 0.69074 20
 -0.0718212 0.0112595 0.687753 142 -0.0407196 0.0470705 0.750759 26 -0.0519517 -0.0224883 0.756571 14
 -0.0725437 -0.0100288 0.698912 89 -0.0709051 -0.00132239 0.695185 75 -0.0494296 -0.0408699 0.764888 12
 -0.0749215 -0.0658838 0.685116 53 -0.0631524 -0.0355373 0.75446 48 -0.0616816 -0.0257215 0.666116 28
 -0.0344301 0.0833864 0.746696 197 0.0263873 -0.0288065 0.789617 3
 -0.0391554 0.071151 0.750575 196 0.0136638 -0.0335693 0.794161 4
 -0.0459286 0.0555549 0.752958 186 -0.0552242 -0.0473064 0.748983 7 -0.0405783 -0.0660088 0.758372 6
 -0.0562297 0.0377697 0.750992 70 -0.0649757 0.0496588 0.677635 59 -0.0510965 -0.0670714 0.760989 36
 -0.0558507 0.0291441 0.753285 104 -0.0420038 -0.0607856 0.763513 43 -0.0532917 -0.0232693 0.761505 21
 -0.0591325 -0.0353604 0.76411 165 -0.0569303 -0.0283393 0.674608 10 -0.0565614 -0.0146611 0.655827 7
 0.0160709 -0.0261686 0.789379 200
 -0.00149809 -0.0394753 0.789973 200
 -0.0195631 -0.0518285 0.792644 194 -0.0424608 -0.0448265 0.764098 6
 -0.029558 -0.0610187 0.795096 78 -0.0361357 -0.0697861 0.775526 64 -0.0337908 -0.0659617 0.782761 23
 -0.0448195 -0.0637916 0.780352 29 -0.0518584 -0.0763079 0.76404 14 -0.041544 -0.0739719 0.722104 4
 -0.0497616 -0.0728524 0.746477 64 -0.0631493 -0.0919806 0.710741 46 -0.0639812 -0.0958284 0.713869 20
 -0.108638 -0.117228 0.737175 200

 -0.0663671 -0.0329178 0.653816 14 -0.0578724 -0.075747 0.753236 9 -0.0786911 -0.110308 0.729608 4
 -0.0880437 -0.0534405 0.704994 40 -0.080838 -0.0844867 0.70376 35 -0.0926993 -0.0560252 0.708299 34
 -0.0851955 -0.0670377 0.720482 53 -0.09355 -0.0958118 0.729556 17 -0.0688543 -0.0144077 0.706948 10
 -0.10968 -0.119588 0.741213 96 -0.0715158 0.00349734 0.652137 6 -0.0755985 0.00984716 0.695661 3
