 -0.0557524 0.0702949 0.672345 114 -0.100581 0.0294241 0.646737 76 -0.013744 0.0550091 0.702354 10
 -0.0998601 0.0174197 0.651053 106 -0.0636374 0.0613256 0.673859 71 -0.0866041 0.0081107 0.688271 15
 -0.0989572 -0.0018558 0.667472 166 -0.029409 0.0356826 0.709566 18 -0.0951564 0.019832 0.694327 16
 -0.0984157 -0.0108653 0.676325 166 -0.0832647 -0.0307319 0.685576 17 -0.0952197 0.0189318 0.656655 11
 -0.0953608 -0.0195112 0.681851 196 -0.0589525 0.0164486 0.718026 4
 -0.0938873 -0.0305741 0.687013 200
 -0.0617687 0.0631297 0.673491 98 -0.089819 0.0117471 0.658241 77 -0.0817769 0.0193258 0.692941 11
 -0.0684718 0.0563729 0.680567 135 -0.0894467 0.00958394 0.661673 57 -0.0947424 0.0239994 0.689409 7
 -0.09093 -0.0124331 0.674955 102 -0.0844082 0.0136299 0.693853 33 -0.0682094 0.0391986 0.686795 24
 -0.0761018 0.0239455 0.691646 68 -0.0908948 -0.00829739 0.688803 49 -0.0895467 -0.00392326 0.693762 38
 -0.081237 0.0115128 0.700677 199 -0.0675002 -0.0135653 0.71722 1
 -0.0819754 -0.0172176 0.709889 194 -0.08276 -0.0653858 0.693279 3 -0.0830509 0.0158795 0.659791 3
 -0.0608684 0.0640466 0.673668 196 -0.0362343 0.0245849 0.713194 2 -0.00555168 0.051245 0.695434 1
 -0.0674286 0.0503974 0.683362 115 -0.0262293 0.0398733 0.706958 66 -0.0800273 0.0314016 0.656147 8
 -0.0744097 0.0202611 0.694751 90 -0.0440727 0.0330329 0.716067 58 -0.0690621 0.0471529 0.682603 39
 -0.0781285 0.0251827 0.692178 87 -0.0769267 0.0297746 0.690402 51 -0.0637167 0.0240383 0.720336 48
 -0.0737777 0.00784066 0.719038 79 -0.0780706 0.01099 0.707656 65 -0.0756088 -0.0280196 0.750064 15
 -0.0786388 -0.0237095 0.747978 126 -0.080624 -0.0108564 0.723673 37 -0.0924201 0.0222344 0.696594 21
 -0.00193266 0.0517657 0.697333 152 0.0189602 -0.0142841 0.762881 21 -0.0328265 0.0462159 0.708475 19
 -0.0134112 0.0459679 0.70382 138 -0.0371865 0.036416 0.7128 24 0.0131846 -0.0286152 0.770713 18
 -0.0297875 0.0379555 0.709935 190 -0.00165906 -0.0388661 0.771776 8 -0.0707417 0.0557376 0.679822 2
 -0.0405482 0.0350773 0.715959 184 -0.0106434 -0.033 0.773296 14 -0.08016 0.0455903 0.687036 2
 -0.0550324 0.0199549 0.72559 182 -0.0280312 0.030531 0.719838 8 0.00105671 -0.00662366 0.770322 7
 -0.0681671 -0.0189292 0.764934 185 -0.0683368 0.007323 0.730689 12 -0.0874934 0.014331 0.693748 2
 0.0141262 -0.0188406 0.765319 200
 -0.00478645 -0.0326961 0.772018 200
 -0.0228514 -0.0476666 0.777256 200
 -0.0365089 -0.0607775 0.774097 200
 -0.0541752 -0.0754178 0.763009 200
 -0.0670927 -0.0878517 0.754558 173 -0.0789135 -0.0281359 0.751893 8 -0.0711354 -0.0937472 0.728043 8
 -0.113557 -0.116308 0.74719 200
 -0.115757 -0.116452 0.750892 1 -0.0808744 -0.0238096 0.749612 1
 -0.0876631 -0.0375256 0.69946 39 -0.0857877 -0.0185674 0.715098 35 -0.0456298 0.0195426 0.701462 29
 -0.0862917 -0.0724574 0.704219 89 -0.0901542 -0.0374821 0.693578 20 -0.0834883 0.000235827 0.694278 18
 -0.0854972 -0.0491142 0.693017 3
 -0.112709 -0.112862 0.742321 122
