 -0.0972233 0.00639892 0.681197 62 -0.12371 -0.0739814 0.714819 15 -0.129769 -0.056211 0.852365 13
 -0.120213 -0.07029 0.725851 39 -0.0809747 0.00201626 0.677557 30 -0.0720962 -0.0751915 0.763316 27
 -0.0824763 -0.065211 0.755301 60 -0.118578 -0.0702156 0.724503 20 -0.066424 0.00905744 0.699466 18
 -0.0842135 -0.0745879 0.757738 47 -0.113392 -0.0679068 0.729927 30 -0.113364 0.0231626 0.699474 16
 -0.159551 -0.0848131 0.873483 44 -0.0895546 -0.0706546 0.757533 35 -0.0998274 -0.0705677 0.738534 17
 -0.117239 -0.0746934 0.850876 34 -0.116224 0.0275401 0.735692 25 -0.183088 -0.0706912 0.904871 19
 -0.124297 -0.108612 0.876875 65 -0.083882 -0.0833932 0.761348 55 -0.0909469 0.0175945 0.701848 34
 -0.0888275 0.0051663 0.681962 109 -0.130271 -0.0944737 0.874742 55 -0.0969356 0.0146173 0.703745 20
 -0.0887853 0.0183997 0.697926 67 -0.0705537 0.003565 0.68621 23 -0.112662 0.0261292 0.734008 22
 -0.0733814 -0.0648136 0.764839 38 -0.0619319 0.0100588 0.690583 29 -0.118445 0.0280281 0.743272 23
 -0.0749625 -0.0350366 0.677339 67 -0.0728171 -0.0043811 0.683529 35 -0.0805102 -0.0494152 0.756547 31
 -0.107497 -0.0192606 0.793629 71 -0.0648351 0.00376851 0.702437 43 -0.0936756 -0.0349779 0.679818 27
 -0.108777 0.0286992 0.693683 73 -0.0791453 0.0333054 0.708117 52 -0.0997358 -0.0613258 0.750947 36
 -0.0957177 0.0189775 0.70636 92 -0.0735165 0.0195544 0.681057 66 -0.0835914 0.0254741 0.714619 42
 -0.0814925 0.0263371 0.715018 128 -0.0867979 0.00670471 0.684155 42 -0.10332 0.0361198 0.754602 15
 -0.060643 0.00836375 0.714247 58 -0.090334 0.0271422 0.716729 47 -0.104188 0.0354727 0.764246 24
 -0.073618 -0.0239382 0.691671 50 -0.087049 0.00637036 0.672001 43 -0.0899037 -0.0128481 0.742877 37
 -0.0785246 0.00825045 0.680873 40 -0.0892839 -0.0216117 0.755872 35 -0.0841972 -0.0244565 0.679319 23
 -0.0616637 0.00787683 0.678835 41 -0.0695834 -0.0755068 0.767586 40 -0.044061 0.026927 0.708587 21
 -0.0662543 0.0114966 0.700746 140 -0.0723423 0.0089143 0.732203 24 -0.0993398 0.0290717 0.703945 15
 -0.0615972 0.0179457 0.707082 105 -0.064 -0.00109462 0.696752 35 -0.0732676 0.0232982 0.731206 16
 -0.058253 -0.00576076 0.678277 46 -0.0593524 -0.00125193 0.701701 24 -0.0729392 0.0221355 0.71955 22
 -0.0663404 0.00971354 0.694305 108 -0.0663622 -0.0240163 0.689766 31 -0.0692717 0.000546834 0.727934 22
 -0.0628402 -0.0529919 0.765728 109 -0.0669275 0.018896 0.741929 27 -0.0605701 -0.0599164 0.801822 22
 -0.106775 -0.0667484 0.757249 42 -0.12181 0.0360832 0.73884 38 -0.11247 0.0509871 0.742382 37
 -0.113563 0.0383247 0.753407 54 -0.0883973 -0.0485159 0.675471 50 -0.0674034 -0.0658871 0.758361 42
 -0.0970138 -0.0758127 0.745935 44 -0.0600869 -0.0386258 0.746112 30 -0.121527 0.0310384 0.736964 24
 -0.0888238 -0.0784935 0.760329 67 -0.058685 -0.0417702 0.756071 31 -0.0576311 -0.0312123 0.704084 30
 -0.0660909 -0.0106853 0.750437 102 -0.0669532 -0.0186975 0.7021 59 -0.0736389 -0.0699965 0.760574 21
 -0.0829787 -0.0187977 0.670561 37 -0.0963669 -0.021678 0.781258 27 -0.0738906 -0.00141211 0.728105 19
 -0.131977 -0.0650846 0.86766 120 -0.0642623 -0.0405941 0.692473 22 -0.0884609 -0.032699 0.681723 13
 -0.0797719 -0.0650677 0.770173 20 -0.0678268 -0.023087 0.701493 15 -0.134327 -0.0608561 0.872294 5
 -0.111564 -0.0219334 0.797125 85 -0.127006 -0.0532233 0.860568 73 -0.0864693 -0.0123981 0.779749 28
 -0.125589 -0.0242969 0.799789 104 -0.128498 -0.0478425 0.872831 46 -0.105131 -0.0227207 0.799275 34
 -0.133341 -0.0638351 0.871982 75 -0.107319 -0.0199648 0.799768 20 -0.0872175 -0.0336605 0.672755 18
 -0.141171 -0.0636859 0.876114 86 -0.0800299 0.0166227 0.706926 43 -0.100013 0.0369474 0.758821 22
