 -0.142179 0.0134735 0.746435 197 -0.0684993 0.0481694 0.680208 3
 -0.140183 0.0021278 0.750281 200
 -0.135157 -0.0102665 0.761527 193 -0.101724 0.0346526 0.733622 4 -0.111751 -0.0145265 0.752106 2
 -0.133272 -0.0180253 0.757264 194 -0.0944435 0.0436749 0.734406 4 -0.0990691 0.000112547 0.747506 2
 -0.132536 -0.00297236 0.759373 111 -0.128189 -0.0301374 0.757909 79 -0.0968035 0.043257 0.741848 4
 -0.131161 -0.0228219 0.764427 193 -0.134738 0.0121576 0.752672 5 -0.0407701 -0.0320818 0.749527 2
 -0.101268 0.0426159 0.696956 162 -0.10093 0.0408416 0.729409 36 -0.10204 0.0158452 0.746653 1
 -0.105155 0.0283538 0.737702 104 -0.105411 0.0345796 0.702678 72 -0.0979794 -0.0021936 0.745479 23
 -0.104687 0.0156174 0.749667 193 -0.0981992 -0.0170537 0.755224 5 -0.0984143 -0.026997 0.756233 1
 -0.1057 0.00713953 0.754099 97 -0.105179 0.00202341 0.756289 95 -0.0745846 0.0223712 0.735827 5
 -0.102945 -0.00900721 0.761364 200
 -0.103034 -0.0187298 0.762519 197 -0.064232 -0.0197804 0.742586 3
 -0.0703153 0.0483972 0.68247 146 -0.0726462 0.0412473 0.713968 25 -0.0397698 0.0188416 0.67813 10
 -0.075722 0.0303425 0.725189 110 -0.0742883 0.0358637 0.688322 76 -0.0749469 -0.0192631 0.753374 10
 -0.0803186 0.0208181 0.741936 199 -0.0779851 -0.0323082 0.75185 1
 -0.0813197 0.00968647 0.746275 190 -0.0548691 -0.0214938 0.746707 9 -0.0587996 -0.0227441 0.748922 1
 -0.0832379 -0.00142168 0.753797 199 -0.0820617 -0.0395173 0.769829 1
 -0.0807384 -0.0183589 0.76306 193 -0.0832102 0.0228399 0.747885 7
 -0.0418893 0.0231572 0.674143 142 -0.0712847 0.0532652 0.680686 33 -0.114167 0.0383016 0.725933 9
 -0.0459595 0.0163584 0.682133 143 -0.0753406 0.0401759 0.688774 36 -0.113838 0.0302319 0.729794 8
 -0.0503589 -0.00894184 0.740672 113 -0.0503435 -0.0060479 0.737878 68 -0.0452164 0.000124482 0.689941 8
 -0.0525656 -0.0120815 0.745816 187 -0.0669669 0.0129235 0.723157 6 -0.0569598 0.0209412 0.673713 2
 -0.0591383 -0.0124205 0.748636 190 -0.093562 0.0207756 0.760393 9 -0.109223 0.00748956 0.761276 1
 -0.0630838 -0.0231786 0.75932 75 -0.0654179 -0.0313083 0.761721 54 -0.0796177 -0.0428099 0.76944 35
 -0.0412382 -0.0646373 0.67721 125 -0.0514891 0.00237289 0.727781 34 -0.0426981 0.0194066 0.677488 30
 -0.0486342 -0.0677043 0.689557 118 -0.0502598 0.000636988 0.734572 33 -0.0631215 -0.0815833 0.754983 31
 -0.0576427 -0.0364904 0.754758 113 -0.0567005 -0.0682727 0.738464 60 -0.0775586 -0.00928508 0.751847 9
 -0.0640773 -0.0694479 0.756325 85 -0.0534055 -0.102974 0.760172 34 -0.0556177 -0.0523692 0.762067 24
 -0.0687186 -0.0896027 0.765863 190 -0.0570702 -0.0659375 0.689625 7 -0.0822673 -0.100719 0.817176 3
 -0.0916666 -0.0952725 0.790048 186 -0.0854186 -0.0484442 0.772111 14
 -0.125491 -0.103146 0.817103 200
 -0.114919 0.00274093 0.767682 86 -0.0955762 -0.106841 0.81512 34 -0.0787792 -0.0988349 0.753047 2
 -0.0967611 -0.0388034 0.774723 185 -0.102864 -0.00460123 0.761633 14 -0.0711095 0.00679679 0.750613 1
 -0.115474 -0.0440975 0.774276 198 -0.120824 -0.0842727 0.786101 2
 -0.0844592 -0.0786768 0.781186 15 -0.0877539 -0.0520364 0.782923 5 -0.108655 -0.0810563 0.782137 4
 -0.106353 -0.0120212 0.759733 89 -0.121874 -0.102046 0.813672 32 -0.116579 -0.125835 0.820362 29
