 -0.152435 -0.0389757 0.716907 96 -0.162547 -0.0084489 0.660171 95 -0.161343 -0.0251113 0.702977 9
 -0.159432 -0.0269602 0.711159 108 -0.161198 -0.0161963 0.662962 92
 -0.164282 -0.0202918 0.712253 162 -0.16704 -0.00818147 0.673156 38
 -0.167103 -0.0194678 0.715606 200
 -0.16761 -0.0237001 0.718516 200
 -0.167964 -0.0387386 0.726312 200
 -0.131521 0.00111061 0.647008 99 -0.132982 -0.0348497 0.725122 48 -0.139765 -0.000308954 0.703653 47
 -0.134257 -0.0134329 0.708185 77 -0.13518 -0.0295095 0.719039 52 -0.132784 0.00790824 0.655199 43
 -0.137522 -0.016812 0.713724 196 -0.130841 -0.00744984 0.640281 4
 -0.143669 -0.00961457 0.714162 174 -0.137087 -0.000857698 0.64598 24 -0.101711 -0.0476198 0.730382 2
 -0.139803 -0.00890525 0.715891 190 -0.127397 -0.0396955 0.732214 10
 -0.140525 -0.0266771 0.727991 200
 -0.10891 0.00628652 0.633918 163 -0.142621 0.005704 0.639083 17 -0.0807537 -0.0114112 0.703294 14
 -0.118921 -0.0231373 0.708005 93 -0.106931 0.0065148 0.63955 82 -0.13553 0.00279214 0.655556 21
 -0.117431 -0.0149471 0.71489 192 -0.112015 -0.00687321 0.640583 8
 -0.118576 -0.00520624 0.712412 186 -0.0923945 -0.0315881 0.726337 10 -0.10319 0.000683655 0.633067 3
 -0.121088 -0.00594574 0.715155 193 -0.124369 -0.0289974 0.728069 5 -0.101245 -0.029585 0.716495 2
 -0.119073 -0.0261436 0.731823 200
 -0.0800649 0.00362709 0.642632 119 -0.0818496 -0.00457661 0.697087 41 -0.089523 -0.0366601 0.712599 31
 -0.0861355 -0.00212179 0.646905 120 -0.088859 -0.0195349 0.714394 74 -0.0250011 -0.05715 0.708197 6
 -0.0907796 -0.00973615 0.702345 163 -0.0813078 -0.00112702 0.650239 21 -0.0865758 -0.0247425 0.724216 9
 -0.0879467 -0.00676778 0.70485 182 -0.120658 -0.00186209 0.713177 11 -0.0453924 -0.073338 0.738026 4
 -0.0941169 -0.0152357 0.718332 200
 -0.0960181 -0.0397859 0.739026 177 -0.128107 -0.0228267 0.723179 15 -0.113765 -0.00495127 0.722603 5
 -0.022637 -0.0558569 0.705106 200
 -0.0381573 -0.0654372 0.72328 200
 -0.052904 -0.0754513 0.740745 200
 -0.0667198 -0.0848332 0.750531 200
 -0.0895284 -0.0986841 0.755189 200
 -0.124082 -0.107035 0.761932 200
 -0.162633 -0.112185 0.787046 197 -0.152923 -0.0983401 0.756713 3
 -0.125304 -0.113338 0.78814 19 -0.134074 -0.00782527 0.715059 3 -0.167514 -0.120774 0.800264 1
 -0.129442 -0.0563337 0.750135 131 -0.123586 -0.0301688 0.729316 4 -0.127366 -0.00427234 0.62904 2
 -0.151536 -0.0578056 0.742994 200
 -0.150873 -0.070073 0.748511 0.5329
 -0.15191 -0.128053 0.787605 65
