 -0.0867065 0.0438535 0.707727 70 -0.0292793 0.0734107 0.675563 47 -0.0319855 0.0735443 0.679726 45
 -0.0245237 0.0285892 0.68034 58 -0.0398178 0.0706989 0.683243 47 -0.0473965 0.07056 0.692499 36
 -0.0453146 0.0675025 0.694223 66 -0.0366128 0.0531154 0.671256 55 -0.0149617 0.0306213 0.684257 45
 -0.00385424 0.0328443 0.685831 77 -0.035287 0.0738168 0.685391 73 -0.0378823 0.0740169 0.68941 30
 -0.0294448 0.0589187 0.678584 80 -0.00918829 0.0326563 0.690399 78 -0.0582434 0.0558021 0.679863 12
 -0.0659953 0.0556004 0.709751 157 -0.046699 0.0548553 0.675558 37 -0.0975427 0.0573972 0.72347 4
 -0.0572177 0.0111484 0.721666 48 -0.0436519 0.0115061 0.664067 44 -0.037059 0.0204456 0.695171 38
 -0.0797453 0.0311709 0.716294 103 -0.0352169 0.0433609 0.673871 57 -0.0452157 0.0128704 0.718806 17
 -0.0278177 0.036279 0.666578 74 -0.0799163 0.0451193 0.707794 52 -0.0258342 0.0395735 0.705288 44
 -0.0188241 0.0451236 0.698836 124 -0.020801 0.0319578 0.664888 27 -0.0110723 0.00670757 0.67527 23
 -0.0456507 0.040415 0.707287 55 -0.0347054 0.0364316 0.707091 46 -0.0493907 -0.0126892 0.717802 25
 -0.052204 0.0313523 0.717568 87 -0.0719396 0.0502571 0.713368 26 -0.0945028 0.0114558 0.736583 17
 -0.0044349 -0.0379648 0.692921 122 0.00160595 -0.00557767 0.667682 25 -0.0323985 0.0697652 0.681653 18
 -0.0610459 0.0266464 0.719954 90 -0.0100077 -0.0156245 0.671441 44 -0.0107902 -0.0201671 0.673498 44
 -0.0200109 0.0150834 0.670091 43 -0.0609325 0.0478958 0.710698 40 -0.0165527 0.023041 0.704232 39
 -0.00448091 0.0107608 0.688831 37 -0.00631908 0.0113447 0.677136 35 -0.0226479 -0.00307793 0.665761 29
 -0.0196644 0.00231191 0.661743 81 -0.044047 0.040947 0.710241 37 -0.0284689 0.00942907 0.7109 30
 -0.0437017 0.00232353 0.72508 67 -0.03861 0.00348582 0.675552 53 -0.0656793 0.0213117 0.732697 47
 -0.00387552 -0.0358622 0.689683 137 -0.0718734 -0.0899696 0.684631 32 -0.0601333 -0.011175 0.714767 10
 -0.010359 -0.0282198 0.695582 120 -0.076158 -0.0766283 0.688014 27 -0.0056598 -0.0220339 0.671394 22
 -0.00611299 -0.00829139 0.677395 76 -0.0865262 -0.059214 0.722316 50 -0.0281021 -0.0260201 0.673916 44
 -0.0178012 -0.035267 0.68136 99 -0.0896609 -0.046917 0.729976 64 -0.00549108 0.0134984 0.692532 16
 -0.0190371 -0.0279133 0.667749 122 -0.0331604 -0.0282198 0.728399 47 -0.029653 0.0425519 0.701731 28
 -0.0548969 -0.0148177 0.735629 145 -0.0781032 0.0486931 0.712175 15 -0.0362848 -0.0235983 0.674872 14
 -0.0762273 -0.0891864 0.687163 169 -0.00325577 -0.0440265 0.691022 10 0.022436 -0.000155875 0.696822 6
 -0.0800067 -0.0732019 0.698275 196 0.0113525 0.00502914 0.70223 3 -0.0440613 -0.00580148 0.721069 1
 -0.0884273 -0.0584204 0.721629 163 -0.0634182 -0.0377469 0.738592 10 0.000537607 0.00164941 0.671951 7
 -0.100672 -0.0424659 0.734222 149 -0.0143352 0.00235415 0.700111 20 -0.0285269 0.0363987 0.678213 10
 -0.1113 -0.0253207 0.741109 177 -0.0484549 -0.0296439 0.673573 13 -0.0290389 -0.0162114 0.675032 7
 -0.127825 0.00405262 0.758574 200
 -0.141849 0.0383397 0.777894 200
 -0.135334 -0.000196862 0.780818 126 -0.17437 0.0117518 0.78563 26 -0.11405 -0.00924206 0.741809 14
 -0.0552629 0.0204102 0.730422 111 -0.0853892 0.0131574 0.741848 85 -0.0683062 0.0213589 0.73368 3
 -0.0760059 -0.00379651 0.726666 113 -0.0733552 0.0409306 0.723364 66 -0.147152 -0.00698149 0.788396 14
 -0.0259636 0.037396 0.660262 8 -0.0612828 -0.00190267 0.72843 1 -0.0444023 0.0087541 0.714714 1
 -0.151452 0.0480184 0.793668 92 -0.182209 0.0364008 0.789505 12 -0.0381389 0.0472791 0.663393 8
