 -0.130389 -0.0301836 0.595319 70 -0.164545 -0.0471646 0.769794 44 -0.034355 -0.027228 0.588162 20
 -0.160761 -0.0483518 0.772783 56 -0.127138 -0.032865 0.604261 37 -0.113882 0.0106645 0.743511 20
 -0.166819 -0.0347322 0.772011 84 -0.127265 -0.0229668 0.60344 26 -0.0891751 -0.0325724 0.751626 24
 -0.165428 -0.0421884 0.777034 92 -0.122216 -0.028439 0.605941 30 -0.11565 0.0104167 0.738136 27
 -0.162992 -0.036497 0.781015 50 -0.118118 0.00338232 0.741177 34 -0.123255 -0.0252136 0.652428 27
 -0.160783 -0.0188694 0.765153 50 -0.123536 -0.0164848 0.677973 38 -0.123141 -0.0219397 0.675155 23
 -0.110887 -0.0320456 0.682248 48 -0.11777 0.00708747 0.737666 32 -0.0754338 -0.0150924 0.578596 23
 -0.0847731 -0.0352385 0.746125 41 -0.126099 0.00846875 0.74184 33 -0.157561 -0.046119 0.77435 30
 -0.163552 -0.0190682 0.763905 51 -0.160193 -0.0170454 0.76127 40 -0.15632 -0.0562269 0.790403 40
 -0.163243 -0.0137309 0.765797 49 -0.124431 -0.0126475 0.692079 33 -0.167157 -0.0555445 0.788831 32
 -0.103221 -0.0230614 0.677505 35 -0.0634719 -0.0101583 0.63406 35 -0.16504 -0.0154078 0.768592 25
 -0.102439 -0.0134075 0.667324 82 -0.150953 -0.0109568 0.758375 23 -0.0960016 -0.0263406 0.750817 20
 -0.121975 0.011692 0.741387 43 -0.0626626 -0.0461991 0.753148 33 -0.0965215 0.0151066 0.742998 30
 -0.126015 0.00174822 0.746669 50 -0.0771959 -0.039621 0.755614 33 -0.112774 -0.0241554 0.67493 22
 -0.123692 -0.00431931 0.734142 65 -0.160877 -0.0115907 0.765052 53 -0.116555 -0.0204562 0.677709 22
 -0.12776 0.00237519 0.742108 68 -0.15801 -0.00773116 0.764495 59 -0.0445746 -0.016341 0.624066 26
 -0.150521 -0.00834999 0.763066 52 -0.0284112 -0.00202603 0.613938 24 -0.0521094 -0.0539572 0.741047 17
 -0.126217 5.74536e-05 0.733579 42 -0.112315 -0.0148853 0.689486 34 -0.0711491 -0.00916923 0.646781 29
 -0.027809 -0.0242733 0.581128 54 -0.0122999 -0.0320714 0.631932 30 -0.0796777 -0.0393371 0.751587 25
 -0.0218305 -0.0275901 0.635273 80 -0.0378249 -0.024309 0.590496 55 -0.150628 -0.0431477 0.782813 19
 -0.0429198 -0.0103308 0.624763 49 -0.181386 -0.035132 0.776366 30 -0.146043 -0.0016578 0.760752 27
 -0.0493907 -0.00826275 0.636297 50 -0.15752 -0.00811306 0.764962 35 -0.0511213 -0.0165094 0.609899 33
 -0.0745495 -0.0359683 0.752146 37 -0.117586 0.0133222 0.744721 35 -0.15422 -0.0662977 0.794687 23
 -0.112156 0.00305027 0.747861 36 -0.0573665 -0.0281476 0.638678 23 -0.116262 -0.016113 0.68133 15
 -0.00772874 -0.0328846 0.630529 134 -0.043655 -0.00824253 0.616933 23 -0.111005 0.0157001 0.744075 12
 -0.033707 -0.023778 0.595999 70 -0.0230769 -0.0270377 0.639825 65 -0.0700919 -0.0361899 0.757268 36
 -0.0523259 -0.0198706 0.60746 48 -0.0925678 -0.0335475 0.756159 35 -0.169952 -0.0319394 0.771797 31
 -0.0684836 -0.0295169 0.757591 74 -0.0624846 -0.030762 0.758625 47 -0.156756 -0.0568149 0.794834 20
 -0.0679291 -0.0404021 0.760269 28 -0.0877548 -0.0324943 0.758968 17 -0.0655057 -0.0193499 0.588694 3
 -0.0825592 -0.0409719 0.75732 17 -0.140298 -0.0506349 0.792978 9 -0.110713 -0.0302249 0.675281 9
 -0.155261 -0.0139919 0.768766 191 -0.111824 -0.0172149 0.67999 5 -0.0458598 0.000632735 0.639325 3
 -0.153481 -0.0349966 0.784047 15
 -0.058923 -0.021179 0.618589 30 -0.110702 -1.8633e-06 0.743387 15 -0.115574 -0.0343209 0.670928 10
 -0.115165 -0.0184664 0.670866 68 -0.137465 -0.0445134 0.788063 15 -0.157474 -0.054675 0.79686 5
 -0.100327 -0.00221239 0.739773 8 -0.129395 -0.0154263 0.748262 2
 -0.163721 -0.0157306 0.778002 7 -0.143831 -0.0420864 0.7775 5 -0.142065 -0.00474324 0.763643 3
