 -0.0177907 0.103611 0.691869 200
 -0.0278653 0.0956928 0.693019 200
 -0.0413262 0.0873367 0.700145 191 -0.0650543 0.0600192 0.707184 9
 -0.0494515 0.0788897 0.706157 200
 -0.0553599 0.0714493 0.710484 200
 -0.0740855 0.0577116 0.712034 200
 0.0325421 0.0665814 0.701912 178 0.0521656 0.0330916 0.694653 20 -0.0900572 0.0119614 0.715074 2
 0.017755 0.0657347 0.707141 185 -0.0920435 0.0278693 0.712853 13 -0.00333114 0.0561886 0.71231 2
 -0.00441812 0.0585823 0.7132 183 -0.0930544 0.0456987 0.703911 13 -0.0586193 0.0481118 0.711939 4
 -0.0180626 0.0542214 0.71454 199 0.0120549 0.0198762 0.715587 1
 -0.0332711 0.0435941 0.719366 190 0.000934741 0.0191108 0.719325 10
 -0.0503822 0.038353 0.72081 190 -0.017069 0.0151374 0.719452 10
 0.0525993 0.0298028 0.697927 197 0.0229469 0.0733484 0.701788 2 -0.0317459 0.0933705 0.694572 1
 0.0347677 0.0291879 0.704763 177 -0.0746842 0.0260618 0.718137 20 0.0181472 0.0676384 0.706752 3
 0.0129921 0.0277728 0.711695 176 -0.073186 0.0476379 0.707742 20 -0.061951 -0.0737737 0.72717 4
 -0.000150781 0.0278255 0.717362 196 -0.0612703 -0.0610898 0.729191 3 0.00749637 0.0736352 0.718155 1
 -0.027681 0.0204609 0.724492 199 -0.0626967 0.0300419 0.712157 1
 -0.046956 0.0145671 0.724788 200
 0.0446099 -0.0126914 0.69821 200
 0.0321218 -0.0113414 0.702 198 0.0430032 0.051593 0.690726 2
 0.0136049 -0.0108439 0.710395 198 0.0385959 0.0348724 0.699583 2
 -0.00157942 -0.00932845 0.71665 193 0.0332822 0.0353004 0.707448 7
 -0.0272374 -0.00967817 0.725197 200
 -0.0566945 -0.0128447 0.733097 200
 -0.0490895 -0.0986259 0.714618 199 0.0456251 -0.0143081 0.69913 1
 -0.0626881 -0.0817439 0.724144 200
 -0.0802388 -0.0655562 0.73656 200
 -0.0923261 -0.0546644 0.745228 196 -0.0659633 0.0559965 0.710955 4
 -0.113931 -0.038274 0.74721 191 -0.0304902 -0.00797546 0.725671 7 -0.152024 -0.0300718 0.790737 1
 -0.13035 -0.0102293 0.747288 200
 -0.154042 0.0179173 0.767414 199 -0.184256 0.0139375 0.78035 1
 -0.147027 -0.0229473 0.777927 35 -0.150275 -0.0256729 0.781219 13 -0.162738 0.0156979 0.776105 8
 -0.0846782 0.0117966 0.736318 197 -0.0511632 0.0129182 0.723741 3
 -0.0997444 0.0314036 0.724887 67 -0.0864506 0.0380797 0.719819 65 -0.0925483 0.0352411 0.722002 30
 -0.0870709 -0.00362113 0.742304 20 0.0132067 0.0523278 0.697875 4
 -0.167959 0.00702647 0.774029 114 -0.00142076 0.0609285 0.710921 6 -0.190152 0.0142109 0.783666 1
