 -0.139723 -0.0410098 0.663421 199 -0.0737652 -0.00107293 0.671183 1
 -0.144161 -0.0326944 0.667516 199 -0.0837767 -0.00672144 0.67342 1
 -0.157561 -0.0259479 0.682441 197 -0.132251 -0.0383532 0.660086 3
 -0.162152 -0.0171155 0.689428 200
 -0.15334 -0.0269512 0.682868 114 -0.160872 -0.0183793 0.696858 77 -0.157743 -0.0219139 0.691009 8
 -0.154832 -0.0297367 0.680634 108 -0.158058 -0.0268159 0.682641 59 -0.167162 -0.0434354 0.730469 27
 -0.116032 -0.040354 0.657622 197 -0.134492 -0.0519076 0.737771 3
 -0.123155 -0.0293198 0.6584 200
 -0.133696 -0.0143803 0.671042 200
 -0.143451 -0.00814018 0.684826 200
 -0.12863 -0.0157683 0.666278 200
 -0.133878 -0.0111536 0.675776 148 -0.104338 -0.0312006 0.657816 28 -0.108655 -0.0076947 0.669367 11
 -0.101306 -0.0370753 0.653962 177 -0.11437 0.00892044 0.665387 17 -0.155058 -0.0148307 0.673879 4
 -0.103554 -0.0285533 0.65268 176 -0.113086 -0.00349243 0.674844 20 -0.14499 -0.0240118 0.685883 4
 -0.107682 -0.00965965 0.663672 200
 -0.112135 -0.00176679 0.674957 199 -0.114422 -0.0351152 0.65699 1
 -0.112054 -0.00962545 0.668376 198 -0.0923532 -0.0637174 0.744538 2
 -0.115965 -0.000149444 0.674682 190 -0.107006 -0.026929 0.657133 3 -0.12997 -0.0620349 0.757113 2
 -0.0825797 -0.0344053 0.656493 130 -0.0770681 0.00717836 0.67781 50 -0.10961 -0.0543779 0.656686 14
 -0.0852466 -0.0244257 0.664788 189 -0.0814511 -0.0080626 0.680149 11
 -0.0824364 -0.010763 0.674206 200
 -0.0829524 -0.000440982 0.684049 200
 -0.0881262 -0.0107175 0.67419 149 -0.0880203 -0.0210106 0.739428 19 -0.052955 -0.0687687 0.747873 18
 -0.0935946 -0.00650498 0.676902 31 -0.0850228 -0.0384546 0.748392 27 -0.086842 -0.0427715 0.74753 12
 -0.0176916 -0.0538199 0.711748 200
 -0.0369764 -0.0616007 0.730111 200
 -0.0533336 -0.070135 0.746983 200
 -0.0687772 -0.0790814 0.757963 200
 -0.0911602 -0.0886929 0.763032 200
 -0.124341 -0.0954689 0.768308 200
 -0.162852 -0.0995741 0.793099 198 -0.154471 -0.0937596 0.763957 2
 -0.149497 -0.102778 0.78371 12 -0.0917142 -0.0337433 0.741144 4 -0.135738 -0.00698532 0.68645 1
 -0.128881 -0.0478388 0.755062 13 -0.115759 -0.034002 0.662466 8 -0.121041 -0.0353008 0.661764 4
 -0.152789 -0.0550988 0.741825 179 -0.136608 -0.0360665 0.668344 21
 -0.131016 -0.0081333 0.681885 21 -0.137608 -0.0715582 0.758692 12 -0.15204 -0.0612342 0.729067 6
 -0.13143 -0.0125111 0.671284 29 -0.147339 -0.118239 0.795977 26 -0.0853807 -0.0197031 0.659097 2
