 -0.0668929 -0.0026033 0.633639 163 -0.0756666 0.0231547 0.676138 18 -0.0256638 0.00446091 0.816179 12
 -0.0644972 -0.0103394 0.638454 185 -0.0333801 -0.00128307 0.819939 8 -0.0799599 0.00889473 0.685058 5
 -0.0674353 -0.0223059 0.650186 200
 -0.0687961 -0.0258172 0.656332 183 -0.0841865 -0.00624018 0.691772 9 -0.066536 0.0230698 0.710297 4
 -0.0679229 -0.0362046 0.666498 187 -0.0716301 0.0231319 0.714398 7 -0.0719694 0.0265701 0.679025 2
 -0.063578 -0.0586991 0.684615 181 -0.0536384 0.00567418 0.644863 7 -0.0709154 0.0204685 0.71218 6
 -0.0706922 0.0531533 0.667891 193 -0.0714457 0.065373 0.698147 7
 -0.0729263 0.0391615 0.67141 198 -0.0582188 0.032531 0.710634 1 -0.0794718 0.0322734 0.718096 1
 -0.0760416 0.0198094 0.680317 177 -0.0449841 -0.0938968 0.756867 9 -0.0666781 0.0190276 0.711996 8
 -0.0768015 0.00696732 0.685115 168 -0.0565688 0.0299297 0.710768 8 -0.0692517 -0.00482464 0.635541 6
 -0.0769393 -0.00516331 0.696148 137 -0.0708453 -0.0177422 0.654851 43 -0.0772936 -0.0593732 0.661994 10
 -0.0658557 -0.0248276 0.658732 63 -0.0758673 -0.0134637 0.695198 29 -0.0759055 -0.00887162 0.693779 27
 -0.0584442 0.0715666 0.696441 189 -0.0570048 0.0582635 0.738751 6 -0.0259457 0.0122827 0.836317 4
 -0.0649485 0.0586428 0.700968 136 -0.0633297 0.0547601 0.664606 57 -0.0365484 -0.00575876 0.821291 3
 -0.0684232 0.0377901 0.706161 85 -0.0677525 0.0337737 0.67295 83 -0.0712018 -0.0813439 0.700226 14
 -0.0700153 0.0239101 0.710149 97 -0.0690098 0.0159422 0.678438 53 -0.0814304 -0.0821665 0.707835 11
 -0.0691817 -0.072381 0.699076 36 -0.0639576 0.0301447 0.742329 32 -0.0657516 -0.0545942 0.686646 31
 -0.0773994 -0.0811864 0.690923 47 -0.0699132 0.0158992 0.744309 37 -0.0646334 -0.0257687 0.792562 30
 -0.0548721 0.0741087 0.693065 146 -0.0516678 0.0687943 0.73914 22 -0.0276543 0.00274043 0.82088 21
 -0.0590902 0.0613755 0.698502 89 -0.051535 0.0577753 0.740215 71 -0.0326133 -0.0067169 0.829369 19
 -0.05519 0.0401743 0.743482 160 -0.0614656 0.0505754 0.704014 16 -0.0384632 -0.0271037 0.808573 15
 -0.0608688 0.0242788 0.746509 161 -0.0392247 -0.0426242 0.774099 21 -0.0425405 -0.0394786 0.806276 12
 -0.0655564 0.00775362 0.747849 90 -0.0508163 -0.0165049 0.806935 15 -0.0540826 -0.00992746 0.808854 14
 -0.0603155 -0.0228933 0.800644 31 -0.0656057 0.0105428 0.785067 12 -0.0382147 -0.0535912 0.786674 7
 -0.028139 0.00398577 0.820165 123 -0.0595682 0.0698686 0.696151 44 -0.0244244 -0.0165483 0.804707 32
 -0.0385137 -0.0191804 0.813321 176 -0.0628951 0.0538212 0.704984 24
 -0.0466529 -0.0404398 0.803913 170 -0.0518836 -0.0793331 0.755819 18 -0.0306688 -0.00753674 0.810894 7
 -0.0513034 -0.0823009 0.765083 115 -0.0473168 -0.0577924 0.804652 64 -0.0455776 -0.0151957 0.817008 20
 -0.039946 -0.0196647 0.816791 29 -0.0553626 -0.0484659 0.766989 10 -0.0483094 -0.0777102 0.760879 9
 -0.0596178 -0.118369 0.727953 41 -0.0474584 -0.0700485 0.778699 40 -0.0498987 -0.00331911 0.832702 10
 -0.0959964 -0.130581 0.747706 200
 -0.0576438 -0.030936 0.803591 34 -0.0598358 -0.0524143 0.764516 4 -0.0375269 0.0153087 0.82841 2
 -0.0611592 -0.042836 0.676857 7 -0.0652412 -0.0680083 0.702325 2 -0.0661946 0.0212237 0.740595 2
 -0.0671627 -0.0973558 0.713512 131 -0.0903156 -0.0755854 0.699107 29 -0.0651648 -0.0760167 0.703733 23
 -0.0918413 -0.112645 0.747044 24 -0.0739103 -0.0867357 0.713156 5 -0.0664312 -0.0592511 0.697848 2
 -0.0904859 -0.121178 0.739288 116 -0.103677 -0.133924 0.758884 52 -0.0942754 -0.155511 0.76178 22
