 -0.18206 0.0489463 0.765998 187 -0.135941 0.0932839 0.780086 13
 -0.177695 0.0370592 0.772434 176 -0.136013 0.0844536 0.78167 24
 -0.172508 0.0227117 0.781317 185 -0.134867 0.0722716 0.787767 15
 -0.169149 0.0154566 0.787962 190 -0.128995 0.0628806 0.793648 10
 -0.164165 0.00814574 0.796506 200
 -0.158182 -0.010199 0.804009 200
 -0.133491 0.0935713 0.775896 190 -0.0946989 0.102189 0.779162 10
 -0.137655 0.0788904 0.783392 189 -0.132775 0.0392643 0.801583 9 -0.0972385 0.0935669 0.784107 2
 -0.137955 0.0594135 0.793166 199 -0.102347 0.077195 0.793858 1
 -0.138353 0.0461277 0.796117 199 -0.104185 0.0551573 0.795937 1
 -0.131199 0.0281768 0.80492 195 -0.103784 -0.0319353 0.812003 5
 -0.132073 0.0109443 0.807648 200
 -0.0967545 0.106886 0.778467 200
 -0.100604 0.0906923 0.785196 200
 -0.103825 0.0714728 0.792832 200
 -0.106876 0.0552386 0.797267 200
 -0.106806 0.02951 0.806669 200
 -0.10378 0.00326143 0.806648 200
 -0.0573379 0.079292 0.757052 192 -0.0914784 0.111183 0.779984 5 -0.190381 0.0481689 0.762955 3
 -0.0617332 0.0661316 0.765395 200
 -0.0666238 0.0482639 0.777187 200
 -0.0713194 0.0372386 0.787563 200
 -0.0783117 0.0169891 0.800608 200
 -0.0830945 -0.00902312 0.813671 200
 -0.0107821 -0.0181657 0.786135 200
 -0.0262852 -0.0322207 0.798017 200
 -0.0404881 -0.0460162 0.812001 200
 -0.0532291 -0.0579944 0.821517 200
 -0.078315 -0.0755525 0.82719 200
 -0.111515 -0.0810982 0.83328 200
 -0.149396 -0.0876206 0.853977 200
 -0.114377 -0.0876641 0.855147 22 -0.11966 0.0283127 0.814082 6 -0.133162 -0.110021 0.857183 1
 -0.113254 -0.0297359 0.821921 104 -0.12914 -0.0557277 0.824008 21 -0.118681 0.00102746 0.808375 17
 -0.139144 -0.0368979 0.815139 200
 -0.10804 -0.0558493 0.829985 40 -0.116258 -0.014643 0.818871 5
 -0.139203 -0.103693 0.859279 78 -0.140672 -0.0870375 0.842293 7
