 -0.13458 -0.171558 0.713711 200
 -0.135366 -0.162552 0.716787 200
 -0.134449 -0.146034 0.718903 200
 -0.133155 -0.135572 0.721875 200
 -0.129954 -0.122782 0.723788 200
 -0.129804 -0.103067 0.724819 106 -0.145028 -0.0380866 0.736405 55 -0.138687 -0.0632144 0.731719 39
 -0.0887272 -0.188533 0.718361 120 -0.129999 -0.163229 0.720647 68 -0.0358933 -0.160502 0.707645 12
 -0.0959998 -0.172371 0.715858 157 -0.124838 -0.144807 0.72946 25 -0.043419 -0.14975 0.718492 18
 -0.0980297 -0.153714 0.718858 164 -0.0539775 -0.158159 0.713531 20 -0.0763056 -0.10852 0.719 15
 -0.101148 -0.139342 0.721511 164 -0.056077 -0.147852 0.721653 33 -0.160706 0.00670289 0.768908 3
 -0.0959824 -0.12083 0.717476 160 -0.125005 -0.0720532 0.723991 36 -0.142125 -0.0109202 0.738742 2
 -0.101054 -0.0999804 0.723386 191 -0.162187 -0.00111507 0.765076 7 -0.0732109 -0.11754 0.722988 2
 -0.0348467 -0.184059 0.712728 170 0.00431512 -0.0484694 0.806645 14 -0.0903266 -0.190975 0.716413 12
 -0.0377874 -0.168732 0.717248 173 -0.0154433 -0.148607 0.750891 26 -0.146831 -0.0182249 0.736393 1
 -0.0588591 -0.129031 0.720486 112 -0.0981532 -0.165191 0.721104 37 -0.136181 0.00257853 0.752056 24
 -0.0648365 -0.123929 0.724145 166 -0.140006 0.0099338 0.760639 34
 -0.0747135 -0.101688 0.729568 154 -0.126366 -0.0170887 0.736176 15 -0.0571119 -0.107802 0.750514 14
 -0.0782093 -0.083384 0.73883 153 -0.12761 -0.00619536 0.75215 22 -0.0476138 -0.118353 0.748916 12
 -0.0035479 -0.160296 0.753084 119 -0.0294003 -0.188783 0.709325 55 -0.0921977 -0.183075 0.716906 14
 -0.0124759 -0.14972 0.755032 138 -0.034114 -0.178981 0.717992 53 -0.0436941 -0.127024 0.747298 3
 -0.0200939 -0.13445 0.751233 155 -0.0392402 -0.102725 0.744356 18 -0.0963748 -0.162495 0.722841 13
 -0.0277171 -0.117892 0.748817 158 -0.128368 0.0140294 0.74553 18 -0.0487637 -0.0894049 0.747296 13
 -0.0483757 -0.100123 0.745731 54 -0.0558339 -0.138675 0.720752 46 -0.0594688 -0.0648683 0.742606 45
 -0.0667637 -0.0713792 0.750623 198 -0.0641915 -0.11488 0.726431 2
 -0.00245776 -0.0483567 0.806163 186 0.00156105 -0.153852 0.753584 12 -0.0353259 -0.185892 0.710184 1
 -0.0219589 -0.0428307 0.799937 200
 -0.0407828 -0.0352332 0.794325 200
 -0.0612702 -0.0293954 0.78788 200
 -0.0820129 -0.147991 0.730484 16 -0.0451036 -0.105943 0.751935 11 -0.149766 -0.0791388 0.743641 8
 -0.15808 -0.0287875 0.746371 33 -0.13785 -0.0406197 0.727126 30 -0.0214823 -0.162 0.755851 25
 -0.15221 -0.00710079 0.750754 200
 -0.120683 0.00192725 0.764763 200
 -0.0980656 -0.0597678 0.73647 200
 -0.125547 -0.0633067 0.722689 200
 -0.11125 -0.0373857 0.743872 200
 -0.137785 0.00316525 0.756743 193 -0.165573 0.0125965 0.797501 7
