 -0.183446 0.0489318 0.774813 200
 -0.181478 0.0384763 0.779324 200
 -0.17766 0.0224943 0.789759 200
 -0.174055 0.0116576 0.795864 200
 -0.169123 0.00316643 0.802622 200
 -0.16523 -0.012294 0.807347 200
 -0.137183 0.0872663 0.77306 200
 -0.1406 0.0719331 0.780759 200
 -0.141375 0.0532005 0.789842 198 -0.109225 0.0744501 0.786858 2
 -0.142371 0.0401006 0.794227 200
 -0.138631 0.023876 0.804053 200
 -0.139157 0.00607819 0.809134 200
 -0.101875 0.0984042 0.773524 200
 -0.106524 0.0825238 0.781024 200
 -0.110227 0.0637444 0.790337 192 -0.135612 0.0446297 0.789838 8
 -0.111879 0.0499178 0.796077 192 -0.137768 0.0592539 0.787796 8
 -0.112548 0.0246225 0.807404 200
 -0.112065 -0.001647 0.809607 200
 -0.065006 0.073192 0.756947 191 -0.097299 0.102157 0.773561 8 -0.0127388 -0.0143102 0.777628 1
 -0.0698013 0.0595402 0.766613 200
 -0.0747766 0.0420141 0.779053 199 -0.0929211 0.0668547 0.755497 1
 -0.0795109 0.0314191 0.78824 198 -0.0939806 -0.00121824 0.800947 2
 -0.0865833 0.0119733 0.80179 200
 -0.0928245 -0.0143582 0.814894 200
 -0.017625 -0.0193165 0.788847 200
 -0.0352347 -0.0359635 0.801597 200
 -0.0510633 -0.0511077 0.813683 200
 -0.0611409 -0.0629899 0.822639 200
 -0.0867657 -0.0819402 0.827522 200
 -0.118355 -0.0904169 0.83447 198 -0.118343 -0.0624511 0.831324 2
 -0.157626 -0.0954855 0.856764 199 -0.153434 -0.078695 0.824621 1
 -0.120266 -0.0935096 0.843743 17 -0.149376 -0.0876632 0.827919 4 -0.0924966 0.00847495 0.79421 1
 -0.125118 -0.0330767 0.824247 133 -0.116774 0.0458532 0.805453 18 -0.11912 0.00289066 0.810598 11
 -0.147111 -0.0406034 0.818653 200
 -0.117693 -0.0617512 0.830575 43
 -0.151467 -0.110992 0.857586 84 -0.131578 0.0365236 0.802 1
