 -0.131097 -0.0280897 0.679205 169 -0.148871 -0.0482876 0.696713 27 -0.129385 -0.0408683 0.748369 3
 -0.133335 -0.0208226 0.681082 196 -0.156737 -0.0259684 0.710783 4
 -0.144674 -0.0182127 0.689166 131 -0.12612 -0.0180328 0.676906 38 -0.120299 -0.0195337 0.674304 27
 -0.143604 -0.0231636 0.687298 59 -0.148228 -0.0236233 0.692042 36 -0.132722 -0.00626076 0.681365 35
 -0.145538 -0.0205765 0.694227 113 -0.126646 -0.0124543 0.675973 82 -0.135168 -0.0175247 0.685095 4
 -0.149627 -0.0425475 0.700347 200
 -0.106296 -0.0197425 0.679189 166 -0.133101 -0.0386496 0.735268 31 -0.13614 -0.0773879 0.710736 1
 -0.120837 -0.0121395 0.683706 200
 -0.128707 -0.00429806 0.686866 200
 -0.13912 0.0007 0.697811 116 -0.115915 0.00357451 0.686343 78 -0.126702 0.00242399 0.690779 5
 -0.132539 -0.00118046 0.696941 194 -0.124184 -0.0571165 0.702702 2 -0.149457 -0.0272423 0.748261 2
 -0.123153 -0.0279522 0.688516 55 -0.152458 -0.0280555 0.710975 35 -0.102655 -0.0306523 0.752203 27
 -0.0942713 -0.0107811 0.680324 122 -0.118958 -0.037793 0.739795 59 -0.0660411 -0.00566305 0.705552 19
 -0.093559 -0.00199193 0.68437 161 -0.113364 -0.0243046 0.733874 39
 -0.1052 0.00722476 0.693583 200
 -0.122836 0.0121499 0.700695 200
 -0.113735 0.00537518 0.692675 194 -0.1255 -0.0297049 0.752122 4 -0.114352 -0.0238928 0.688076 2
 -0.120844 0.010339 0.695834 161 -0.112449 -0.036213 0.757054 26 -0.0827936 -0.00987182 0.705272 10
 -0.0694646 0.00614737 0.692977 135 -0.0855168 -0.0303916 0.708371 26 -0.0875367 -0.0164564 0.679067 20
 -0.079215 -0.0162362 0.702996 126 -0.0848549 -0.00745439 0.68406 56 -0.081186 -0.0133157 0.696751 18
 -0.0895802 -0.0228301 0.718133 83 -0.0941559 0.00673384 0.68841 71 -0.0893655 0.00763701 0.690486 31
 -0.106381 0.0174756 0.69689 144 -0.0678628 -0.011487 0.71167 55 -0.096729 -0.0336437 0.737371 1
 -0.0972844 0.00886886 0.694022 142 -0.127846 0.0298043 0.700579 16 -0.128396 0.0252791 0.702192 16
 -0.0941343 -0.0326854 0.731196 22 -0.0907453 -0.0305533 0.728121 18 -0.130773 0.00760814 0.68428 8
 -0.0665836 -0.0121323 0.705286 199 -0.105763 0.0177227 0.699524 1
 -0.0765607 -0.00463942 0.70683 122 -0.0814031 -0.0222023 0.718653 65 -0.0796926 -0.0179289 0.715785 11
 -0.0789028 -0.00400679 0.703313 108 -0.0841102 -0.0255676 0.722725 87 -0.091761 -0.047354 0.751988 4
 -0.086255 -0.0380587 0.737168 197 -0.0810962 -0.002836 0.708435 3
 -0.107136 -0.071116 0.765094 164 -0.0898736 -0.0224656 0.71933 25 -0.0895243 -0.0285711 0.736671 9
 -0.130399 -0.0874078 0.759668 194 -0.11722 -0.0341413 0.739852 6
 -0.165999 -0.120639 0.773992 200
 -0.158204 -0.161707 0.812899 14 -0.137454 -0.133161 0.808226 1 -0.102423 -0.037158 0.74578 1
 -0.141985 -0.0391102 0.755654 84 -0.147311 -0.0385226 0.75194 68 -0.150962 -0.0415269 0.703427 24
 -0.151126 -0.0655277 0.725974 146 -0.150132 -0.0558686 0.720551 24 -0.131738 -0.0771091 0.762496 14
 -0.134841 -0.0633951 0.726701 4 -0.12453 -0.0496114 0.759405 3 -0.123653 -0.0333764 0.687342 1
 -0.163812 -0.119361 0.76463 17 -0.153352 -0.13229 0.79168 11 -0.118526 -0.001907 0.688844 10
