 -0.172003 0.0257995 0.742232 154 -0.143898 0.0844672 0.760894 46
 -0.169043 0.0148436 0.748201 153 -0.142738 0.0728083 0.763084 47
 -0.167002 0.00205858 0.767336 175 -0.14001 0.0586498 0.771495 23 -0.145907 0.0157797 0.791268 2
 -0.165044 -0.00053376 0.789563 188 -0.133807 0.050915 0.77768 9 -0.150461 0.0277049 0.78737 2
 -0.163188 -0.00848751 0.801517 193 -0.136512 0.0372845 0.795115 7
 -0.160227 -0.0246437 0.808772 200
 -0.137402 0.0807714 0.759762 175 -0.098226 0.094217 0.765602 24 -0.101776 0.0554721 0.781235 1
 -0.140407 0.0673548 0.768759 186 -0.105464 0.0840342 0.773252 9 -0.143879 0.00750425 0.774293 5
 -0.142068 0.0466065 0.78372 191 -0.107955 0.0699813 0.783151 9
 -0.142059 0.0338203 0.790501 200
 -0.136156 0.0190391 0.802244 197 -0.084414 0.0541375 0.800338 2 -0.108351 0.0712687 0.780594 1
 -0.135571 -0.00175123 0.810486 200
 -0.103728 0.0974419 0.765944 200
 -0.1084 0.0818747 0.77464 200
 -0.111737 0.0613864 0.787636 200
 -0.114181 0.0482844 0.79363 200
 -0.113457 0.0248415 0.808098 200
 -0.110088 -0.000839345 0.812125 200
 -0.0662262 0.0711246 0.751947 197 -0.0980924 0.100666 0.766561 3
 -0.0714845 0.0590005 0.761497 200
 -0.0752163 0.0423418 0.77685 199 -0.0937646 0.0639794 0.751496 1
 -0.0801041 0.0322623 0.787024 200
 -0.0843716 0.0186516 0.802203 200
 -0.0896644 -0.00900934 0.817411 200
 -0.0145325 -0.0147681 0.791463 200
 -0.0299748 -0.0294602 0.801482 200
 -0.0464344 -0.0455044 0.815019 200
 -0.0552919 -0.0559801 0.823516 200
 -0.0836526 -0.0764375 0.828928 200
 -0.114732 -0.084177 0.835133 199 -0.117959 -0.0549589 0.833324 1
 -0.152981 -0.0915966 0.854785 200
 -0.117433 -0.0919646 0.855916 14 -0.135077 -0.110346 0.858411 12
 -0.12005 -0.0323781 0.828235 172 -0.121062 0.00761949 0.811366 28
 -0.144515 -0.0414702 0.821833 200
 -0.111364 -0.0594595 0.834475 33 -0.119826 -0.0827619 0.839217 2
 -0.143107 -0.108481 0.859607 94 -0.165966 -0.118671 0.858207 1
