 -0.161201 0.0490874 0.77308 199 -0.116558 0.093683 0.78873 1
 -0.157324 0.037636 0.777103 199 -0.113462 0.0821183 0.792302 1
 -0.151263 0.0213111 0.785383 198 -0.113497 0.0647554 0.796521 2
 -0.147336 0.0114472 0.790962 197 -0.135527 -0.0257722 0.799524 3
 -0.142706 0.00300042 0.7958 193 -0.0316602 -0.0454607 0.796039 4 -0.128732 -0.0357629 0.804758 3
 -0.137677 -0.0167015 0.801732 200
 -0.11011 0.0846007 0.787861 199 -0.0771329 0.0785487 0.795811 1
 -0.11383 0.0715185 0.793741 189 -0.149658 0.0296859 0.784472 7 -0.0738671 0.0784537 0.791394 2
 -0.113351 0.0506036 0.802041 198 -0.0438276 0.0135753 0.789565 2
 -0.114276 0.035633 0.80428 200
 -0.110391 0.0188983 0.809922 200
 -0.111634 0.00143029 0.810685 200
 -0.0711604 0.095437 0.782913 200
 -0.0745795 0.077495 0.791714 200
 -0.0785223 0.0583706 0.800516 199 -0.0830974 0.0221164 0.810334 1
 -0.0819749 0.042745 0.805907 199 -0.0865158 0.00838608 0.814788 1
 -0.0836376 0.0166793 0.812971 200
 -0.0833571 -0.00848883 0.816171 200
 -0.0286571 0.0610029 0.756716 150 -0.065821 0.0973306 0.783422 35 -0.00646032 -0.0101668 0.767361 15
 -0.0336093 0.0499796 0.763304 182 -0.0123425 -0.0210355 0.774344 15 -0.0710485 0.0872862 0.78944 3
 -0.0415869 0.032278 0.779371 152 -0.0212314 -0.0388583 0.783662 31 -0.0739146 0.0607115 0.800318 7
 -0.0469358 0.0224594 0.790814 190 -0.112193 0.0455001 0.800161 4 -0.0177783 -0.00753472 0.780303 2
 -0.0544691 0.0103234 0.806338 194 -0.0832797 0.0670231 0.802359 3 -0.159165 0.0183398 0.78416 2
 -0.0614142 -0.018332 0.818955 179 -0.0574943 -0.0560361 0.811299 16 -0.131971 -0.0225489 0.80429 5
 -0.0112934 -0.0170156 0.771381 166 -0.0237819 0.0533437 0.761685 33 -0.173882 0.0486298 0.770402 1
 -0.0178777 -0.0326258 0.784911 184 -0.0408829 0.0331829 0.779528 15 -0.0771007 0.0797903 0.79721 1
 -0.0293255 -0.0470729 0.797259 200
 -0.0426817 -0.0626162 0.805931 200
 -0.0658368 -0.0836856 0.814522 200
 -0.0935384 -0.0917316 0.822705 200
 -0.134726 -0.10004 0.841123 200
 -0.102641 -0.107094 0.841142 26
 -0.097577 -0.0389837 0.822109 181 -0.0562999 -0.0307113 0.816699 7 -0.0998599 0.080637 0.781472 4
 -0.120482 -0.0427452 0.81189 200
 -0.0913954 -0.0638694 0.825719 40
 -0.12855 -0.113837 0.842994 86 -0.128903 -0.117395 0.845859 34
