 -0.133995 0.0940472 0.700946 200
 -0.133227 0.0809921 0.701569 200
 -0.128598 0.0643043 0.702392 194 -0.023575 0.0615804 0.648647 6
 -0.126829 0.0511205 0.703979 199 -0.0499263 -0.0460427 0.672216 1
 -0.123784 0.0393725 0.702101 195 -0.128694 -0.00405298 0.692252 5
 -0.123007 0.0148366 0.696692 196 -0.0536099 -0.0296536 0.680664 3 -0.130516 -0.0682492 0.736189 1
 -0.0846087 0.115039 0.679325 192 -0.126643 0.0985568 0.701785 8
 -0.088633 0.100204 0.685405 192 -0.129193 0.0827321 0.708794 8
 -0.091896 0.0802962 0.691517 199 -0.0795746 -0.00162931 0.6905 1
 -0.0926809 0.0679192 0.692309 199 -0.0747746 0.00496173 0.693077 1
 -0.0913224 0.0496494 0.698236 188 -0.089996 0.08649 0.690034 8 -0.0621157 0.0586367 0.692714 4
 -0.094459 0.0330252 0.698972 189 -0.0686212 0.0505592 0.700208 10 -0.0688476 -0.020172 0.639438 1
 -0.0490702 0.116737 0.670945 200
 -0.0534547 0.101774 0.678019 200
 -0.0592508 0.0836993 0.685508 198 -0.0958209 0.0571364 0.688107 2
 -0.0625395 0.071196 0.689773 176 -0.117593 -0.125859 0.745246 8 -0.0400287 0.00138343 0.697656 8
 -0.0657763 0.0411688 0.69599 200
 -0.0802338 0.0110793 0.697225 176 -0.116417 0.0502662 0.699648 12 -0.0684781 0.0536456 0.697664 6
 -0.0154591 0.0789448 0.635925 186 -0.0484677 0.121688 0.671064 14
 -0.0206197 0.0680992 0.643453 193 -0.0534642 0.109454 0.677034 7
 -0.0290268 0.0517902 0.657402 188 -0.0890649 0.0807618 0.688823 7 -0.055705 0.0608443 0.660504 3
 -0.0366202 0.0404992 0.672342 189 -0.0282972 0.0663354 0.648214 10 -0.0362182 0.0768989 0.680483 1
 -0.0609608 0.00334969 0.691238 133 -0.044397 0.0290285 0.682836 46 -0.0478529 0.0235341 0.685798 7
 -0.0607881 0.00310879 0.698097 165 -0.0444951 0.0349163 0.679126 8 -0.0894792 0.0375654 0.691197 8
 -0.021428 0.0705527 0.641603 135 -0.0759736 -0.0223255 0.631755 16 -0.103807 -0.0047724 0.692147 9
 -0.0712378 -0.0188561 0.632433 67 -0.0252279 0.0594495 0.655806 62 -0.0523985 -0.00383862 0.669961 34
 -0.0613341 -0.0345688 0.656503 155 -0.0346241 0.0394318 0.67116 42 -0.0409776 0.00556509 0.681611 2
 -0.0528855 -0.0440234 0.675043 186 -0.120756 0.0429215 0.708558 4 -0.121657 -0.00176386 0.697389 4
 -0.0686082 -0.0602156 0.690939 176 -0.0415321 0.0427858 0.681772 23 -0.0705643 -0.0675569 0.734863 1
 -0.0897906 -0.0679541 0.712326 108 -0.0865612 -0.065086 0.696265 54 -0.0879202 -0.0661047 0.702819 20
 -0.120836 -0.0758287 0.731857 200
 -0.0941853 -0.0805893 0.737817 145 -0.126947 -0.0776174 0.74083 45 -0.123152 0.0107896 0.703841 9
 -0.0789022 0.0224411 0.697866 70 -0.0845666 -0.00201771 0.701219 65 -0.0955728 -0.0325889 0.708047 46
 -0.114856 -0.0147162 0.699374 193 -0.0699255 -0.00372606 0.699116 6 -0.0916646 -0.0741843 0.695873 1
 -0.106366 -0.0563303 0.71151 133 -0.086853 0.0271541 0.703463 50 -0.0704371 0.0813996 0.683458 2
 -0.118585 -0.0844943 0.735589 170 -0.127061 -0.0608063 0.712602 5 -0.0856117 0.088498 0.696402 2
