 -0.0603921 0.0637517 0.686413 82 -0.0882726 0.0244325 0.711129 41 -0.0897488 0.0415528 0.699171 30
 -0.0741154 0.053327 0.691744 68 -0.0367982 0.00853773 0.658931 32 -0.0793437 0.0528608 0.695366 27
 -0.0703393 0.0557688 0.690981 158 -0.0285002 0.0114805 0.663491 21 -0.11912 0.0457441 0.715851 18
 -0.0707336 0.0567417 0.695669 185 -0.0207344 0.0140799 0.669324 14 -0.191735 0.0148511 0.777127 1
 -0.0662272 0.0510057 0.694415 92 -0.0768358 0.05201 0.701566 87 -0.0244084 0.0153734 0.674891 21
 -0.0827394 0.0498296 0.700154 179 -0.0481922 0.0452583 0.675438 9 -0.0224469 0.0122385 0.669565 5
 -0.103617 0.0193157 0.712396 169 -0.0154672 -0.00868665 0.624726 11 -0.0235458 -0.0538548 0.667354 7
 -0.0926419 0.0263384 0.715363 155 -0.102869 0.0491312 0.713742 28 -0.0392081 0.0188683 0.688751 8
 -0.06924 0.0322046 0.696145 64 -0.0693584 0.0293436 0.70111 51 -0.0910832 0.0464126 0.702486 43
 -0.0562562 0.0402896 0.685095 118 -0.0300029 0.0165989 0.673051 36 -0.0437452 0.030759 0.688047 27
 -0.0788533 0.0404273 0.703084 78 -0.0555883 -0.00627676 0.709226 40 -0.058575 0.0350562 0.698745 37
 -0.0986155 0.0364477 0.713496 61 -0.0572029 0.0220165 0.696051 47 -0.0789698 -0.00706329 0.708043 40
 -0.0216712 -0.0615819 0.644475 100 -0.00619627 -0.0386113 0.620986 51 -0.0886355 -2.12738e-06 0.723321 29
 -0.0335411 -0.043724 0.685977 75 -0.0636795 0.0197469 0.694575 48 -0.0298926 -0.0499169 0.65195 19
 -0.0422516 -0.0250318 0.703603 109 -0.061321 0.00953318 0.705738 46 -0.0678841 0.0385309 0.697112 15
 -0.0359411 -0.00439361 0.690536 125 -0.053896 0.0215994 0.690399 62 -0.0276545 -0.00484288 0.62392 3
 -0.0440319 -0.00168183 0.698312 176 -0.0705368 0.0128494 0.699443 22 -0.0357714 0.00790319 0.638968 2
 -0.0572426 -0.00483703 0.716208 58 -0.0667988 0.0145984 0.710401 56 -0.0522906 -0.00814565 0.714188 49
 -0.00318921 -0.0451152 0.619963 76 -0.0167632 -0.0629596 0.641773 45 -0.023861 0.0197259 0.66093 45
 -0.00779192 -0.0378124 0.625273 91 -0.0633992 0.0320231 0.697241 52 -0.0264678 -0.0447571 0.676008 39
 -0.0630886 0.0275803 0.698191 58 -0.0213603 -0.0115504 0.621345 47 -0.0316017 -0.0344778 0.688217 38
 -0.0401099 -0.0371328 0.696147 49 -0.0244102 -0.00354789 0.625726 29 -0.0110514 -0.00595382 0.620561 28
 -0.0490431 -0.0359198 0.711822 108 -0.0564014 0.0303349 0.693672 63 -0.0270296 -0.0465588 0.668549 10
 -0.066435 -0.0208728 0.725891 200
 -0.0954993 -0.0961173 0.691668 98 -0.0189403 -0.0575797 0.646049 66 -0.00492762 -0.0414537 0.622102 22
 -0.0977817 -0.0812509 0.701313 198 -0.0262764 -0.0345949 0.630658 1 -0.0169419 -0.0352594 0.682383 1
 -0.106956 -0.0672264 0.720059 175 -0.0817835 -0.0341133 0.729423 24 -0.0280318 -0.0349191 0.685148 1
 -0.105909 -0.0554446 0.735276 200
 -0.125462 -0.02727 0.740816 200
 -0.13559 0.00134025 0.745041 199 -0.146933 -0.00679852 0.770735 1
 -0.147714 0.0395037 0.770621 193 -0.13834 0.0325486 0.742016 7
 -0.144034 0.000572462 0.774523 156 -0.186765 0.0105663 0.78377 17
 -0.0705002 0.0032703 0.722384 37 -0.0958364 0.0100093 0.73239 37 -0.0554377 -0.0298613 0.705655 10
 -0.0979657 0.0345587 0.718835 174 -0.157467 -0.0037607 0.778884 20 -0.10088 -0.0143019 0.723861 6
 -0.0871389 0.0221309 0.71245 7 -0.0993976 0.000415432 0.734354 3 -0.0949647 -0.00204106 0.73152 2
 -0.157683 0.0404887 0.771585 50 -0.0997654 0.0498484 0.719188 35 -0.157964 0.0498355 0.790961 19
