 -0.054765 -0.0162293 0.686517 50 -0.0811435 0.00977804 0.697972 44 -0.0677617 -0.0411454 0.705872 37
 -0.078663 0.00949161 0.700354 72 -0.0618687 -0.0230214 0.691726 50 -0.0591711 0.00673036 0.711598 28
 -0.0797664 0.0137202 0.701914 102 -0.09149 0.0190147 0.732934 50 -0.0647223 -0.0161078 0.69318 32
 -0.0686005 -0.0389319 0.699936 49 -0.0949936 0.0285468 0.735826 42 -0.0693102 -0.0732658 0.712917 27
 -0.073941 -0.0464338 0.705673 97 -0.0798985 0.012923 0.709681 65 -0.0980528 0.0234516 0.742645 30
 -0.08886 -0.0510816 0.708736 118 -0.0973813 -0.0416343 0.717415 46 -0.0890395 -0.0829911 0.713468 8
 -0.0327172 0.0359928 0.735344 109 -0.0364077 0.0242667 0.714687 41 -0.0302381 0.0258775 0.76339 27
 -0.0484421 0.037336 0.741608 112 -0.0450047 0.0270464 0.715744 43 -0.0646552 0.0101009 0.707351 36
 -0.0709161 0.0273198 0.734612 122 -0.0708702 0.0217463 0.704349 35 -0.0752569 -0.0541391 0.708374 22
 -0.0753401 0.0364174 0.738104 154 -0.067679 -0.0227036 0.701776 24 -0.0801407 0.0202546 0.707485 14
 -0.0890412 -0.00853731 0.717327 39 -0.0858997 -0.0590839 0.705833 34 -0.0821754 -0.00688856 0.711569 28
 -0.0924524 -0.011537 0.728624 64 -0.0775112 0.00328952 0.713124 34 -0.042216 0.0108781 0.725788 23
 -0.0208627 0.0165896 0.766707 136 -0.0540516 0.0335445 0.732009 19 -0.0274399 0.0468308 0.737624 16
 -0.0434277 0.0178787 0.717118 109 -0.0350999 0.0367737 0.734976 59 -0.0380188 0.021286 0.768885 25
 -0.0633112 0.0384192 0.737598 178 -0.0453631 0.0137026 0.721557 22
 -0.062144 0.0396072 0.740032 140 -0.0562756 -0.0286939 0.695593 31 -0.0627464 0.0157241 0.71848 12
 -0.0645603 0.0106649 0.714243 149 -0.0882056 -0.0379345 0.715956 36 -0.060645 0.038037 0.738067 9
 -0.099148 -0.035632 0.722375 83 -0.0909114 0.00127931 0.735228 53 -0.0683776 0.00866107 0.717657 36
 -0.0291555 0.0413615 0.737605 129 -0.0212337 0.00521144 0.726861 16 -0.0312485 0.0316108 0.712823 15
 -0.0303154 0.0423423 0.736422 95 -0.0410184 0.0294871 0.713963 92 -0.0294697 0.0194247 0.766289 11
 -0.0390882 0.0329345 0.736826 129 -0.0527829 0.0155456 0.715285 44 -0.0241783 0.0100529 0.765319 24
 -0.0419036 0.0401051 0.742878 132 -0.0423913 0.00135815 0.714616 40 -0.0191309 0.0166857 0.778113 12
 -0.0391102 0.00260498 0.722542 53 -0.0476241 -0.0320908 0.780458 41 -0.0326141 0.0322345 0.743535 28
 -0.0801287 0.0404005 0.744161 83 -0.0975666 -0.0147916 0.739378 39 -0.0766856 0.0145525 0.715694 17
 -0.0519691 -0.014028 0.683409 59 -0.0147314 0.00912242 0.766593 46 -0.0248413 0.0323798 0.73988 34
 -0.0282238 -0.0167215 0.694062 92 -0.0388371 -0.0385819 0.77464 38 -0.0371573 0.0116672 0.725565 28
 -0.0461556 -0.0387882 0.780691 165 -0.0442328 -0.026573 0.698889 30 -0.0392087 -0.00579152 0.703197 3
 -0.0425176 -0.0303378 0.781487 123 -0.0575819 -0.055589 0.788892 31 -0.0391513 -0.0209023 0.70553 15
 -0.047634 -0.0279108 0.778684 87 -0.0443632 -0.0116132 0.703799 67 -0.071339 -0.0689724 0.78027 36
 -0.0726092 -0.0904027 0.731612 82 -0.067198 -0.0642939 0.713176 43 -0.073674 -0.071786 0.780128 42
 -0.129461 -0.119537 0.754104 200
 -0.106805 -0.0614874 0.735544 48 -0.101205 -0.033888 0.734172 22 -0.0477871 -0.030452 0.779993 13
 -0.0988646 -0.0354312 0.730599 194 -0.0736905 -0.0127615 0.721141 6
 -0.0854656 -0.0834057 0.729194 85 -0.069745 -0.0649363 0.718792 40 -0.0999967 -0.0697014 0.728249 24
 -0.108044 -0.064013 0.739501 132 -0.0982368 -0.0430395 0.729928 26 -0.0849227 -0.0770918 0.719795 7
 -0.129125 -0.114653 0.755762 97 -0.13203 -0.118605 0.758703 63 -0.111275 -0.0819412 0.738781 18
