 -0.0788082 -0.0502154 0.959498
 -0.0769168 -0.0933701 0.96838
 -0.0355889 -0.0563619 0.966018
 -0.027399 -0.042449 0.943493
 -0.0216436 -0.0320462 0.923382
 -0.0467164 -0.0112142 0.964903
 -0.0453332 -0.000786313 0.946703
 -0.0344772 -0.00537303 0.918643
 -0.0300952 -0.0072245 0.907317
 -0.0664044 -0.000936456 0.954069
 -0.0620957 0.0176763 0.949272
 -0.051283 0.00780298 0.920676
 -0.0446772 -5.73206e-005 0.902671
 -0.0884766 -0.00934939 0.938411
 -0.0840303 -0.00785451 0.92717
 -0.0712375 -0.00559457 0.89486
 -0.0652204 -0.00453159 0.879662
 -0.115215 -0.0186723 0.939085
 -0.111849 -0.00937441 0.932155
 -0.10325 -0.0301135 0.908164
 -0.105621 -0.0371114 0.912981
 -0.10755 -0.019744 0.92016
 -0.0776339 -0.00672454 0.911015
 -0.0566893 0.0127396 0.934974
 -0.0399052 -0.00307967 0.932673
