 -0.144574 -0.101089 0.900241
 -0.137719 -0.142533 0.886818
 -0.104666 -0.108343 0.91508
 -0.0921538 -0.087774 0.928806
 -0.0816141 -0.0703497 0.940257
 -0.117195 -0.0669101 0.925979
 -0.110167 -0.0580216 0.908273
 -0.0968579 -0.0509884 0.881823
 -0.0900527 -0.0520294 0.871648
 -0.135985 -0.0581195 0.913016
 -0.128392 -0.0489862 0.897302
 -0.119816 -0.0584555 0.867824
 -0.117656 -0.0729863 0.853202
 -0.158586 -0.0587097 0.900224
 -0.15394 -0.0545523 0.889761
 -0.137207 -0.0616394 0.860054
 -0.129427 -0.069208 0.847786
 -0.184371 -0.067401 0.895955
 -0.179765 -0.0632794 0.885582
 -0.16415 -0.0918474 0.881147
 -0.16251 -0.0999059 0.884335
 -0.171957 -0.0775634 0.883365
 -0.145574 -0.0580959 0.874907
 -0.124104 -0.0537208 0.882563
 -0.103512 -0.054505 0.895048
