 -0.0615602 -0.139042 1.03558
 -0.0836193 -0.173762 1.05148
 -0.0536598 -0.168752 1.00525
 -0.0378772 -0.161237 0.983741
 -0.0293579 -0.150719 0.964699
 -0.0333319 -0.130575 0.994211
 -0.0255839 -0.114857 0.9826
 -0.0143663 -0.0921009 0.965791
 -0.0114321 -0.0827467 0.958388
 -0.032759 -0.108849 1.00597
 -0.0218791 -0.0961789 0.995529
 -0.00413437 -0.0755142 0.978493
 0.00458394 -0.0614151 0.966051
 -0.0391421 -0.0934942 1.02499
 -0.032656 -0.0855767 1.01838
 -0.0615606 -0.0759812 1.0015
 -0.0751807 -0.0714979 0.993578
 -0.0540288 -0.0899235 1.05195
 -0.0638936 -0.0864085 1.04593
 -0.0867002 -0.109871 1.04294
 -0.0897215 -0.118047 1.04429
 -0.0752969 -0.0981398 1.04443
 -0.0471083 -0.080779 1.00994
 -0.0130067 -0.0858466 0.987011
 -0.0199751 -0.103479 0.974196
