 0.107712 0.0110092 1.01968
 0.0679433 -0.00715044 1.0139
 0.118113 -0.0263773 1.00072
 0.144305 -0.0249326 0.99178
 0.166385 -0.0237147 0.984242
 0.155325 -0.0032056 1.00914
 0.175819 0.00142286 1.00982
 0.205489 0.00812397 1.01081
 0.217344 0.0112944 1.01023
 0.156221 0.0221512 1.02139
 0.169732 0.0354229 1.0268
 0.185993 0.0611383 1.01649
 0.186671 0.0721247 0.998925
 0.139824 0.0419203 1.02207
 0.138989 0.0472307 1.01114
 0.10503 0.039597 1.01002
 0.095928 0.0317775 1.02117
 0.124687 0.0560176 1.04025
 0.135158 0.0605429 1.03629
 0.16255 0.0735399 1.02363
 0.169903 0.0770287 1.02023
 0.148854 0.0670414 1.02996
 0.12201 0.0434138 1.01058
 0.177863 0.0482806 1.02165
 0.190654 0.00477342 1.01031
