 0.133281 -0.115954 0.923471
 0.120634 -0.157881 0.928671
 0.176917 -0.147492 0.9201
 0.202043 -0.136633 0.915759
 0.214647 -0.125773 0.899358
 0.178077 -0.0920215 0.922616
 0.177449 -0.0772208 0.907702
 0.177877 -0.0675299 0.878855
 0.17805 -0.0636181 0.867211
 0.161834 -0.0737648 0.918805
 0.171607 -0.0568829 0.916068
 0.172668 -0.0626204 0.884475
 0.173353 -0.066322 0.864093
 0.138053 -0.0661552 0.912632
 0.143709 -0.0574426 0.906271
 0.141948 -0.0686361 0.873342
 0.139416 -0.0766449 0.85928
 0.10795 -0.0708446 0.915689
 0.113814 -0.0616277 0.910544
 0.110494 -0.0747685 0.880612
 0.109601 -0.0782988 0.872579
 0.112154 -0.0681981 0.895578
 0.142828 -0.0630394 0.889807
 0.172138 -0.0597516 0.900271
 0.177663 -0.0723754 0.893278
