 0.0476339 -0.0744392 0.933593
 0.0511908 -0.106383 0.903397
 0.0747583 -0.101718 0.953228
 0.0894967 -0.0809302 0.964122
 0.101929 -0.0633634 0.973214
 0.0673154 -0.0666026 0.97976
 0.083648 -0.0565969 0.971099
 0.10713 -0.0432521 0.957072
 0.116587 -0.0379815 0.951266
 0.0582113 -0.0474576 0.967635
 0.073516 -0.0380815 0.959519
 0.0941761 -0.0342472 0.935217
 0.107505 -0.0317734 0.919538
 0.0438276 -0.0336643 0.951349
 0.053291 -0.0278668 0.946331
 0.0625284 -0.0398104 0.91495
 0.0534262 -0.0522615 0.909434
 0.0213095 -0.0292971 0.936103
 0.0306913 -0.0235496 0.931127
 0.052544 -0.0183547 0.907146
 0.0506149 -0.0243164 0.900939
 0.0416176 -0.0209521 0.919137
 0.0579097 -0.0338386 0.93064
 0.083846 -0.0361644 0.947368
 0.0953889 -0.0499245 0.964085
