 -0.132827 -0.107233 0.883329
 -0.0967883 -0.132326 0.887374
 -0.103 -0.0791071 0.903058
 -0.107213 -0.0545333 0.890957
 -0.110325 -0.0344476 0.879438
 -0.150075 -0.0655108 0.906609
 -0.16102 -0.0478516 0.90341
 -0.141223 -0.0368412 0.883086
 -0.132507 -0.033543 0.875081
 -0.167526 -0.0701995 0.88975
 -0.18116 -0.0560026 0.890508
 -0.164659 -0.0389993 0.868811
 -0.15266 -0.0295452 0.854802
 -0.177463 -0.0839014 0.871004
 -0.185916 -0.0751468 0.871502
 -0.174397 -0.0511878 0.849007
 -0.162764 -0.0468126 0.838338
 -0.175045 -0.108625 0.852462
 -0.179258 -0.101213 0.843911
 -0.179493 -0.0797972 0.818993
 -0.173274 -0.0757757 0.814203
 -0.179376 -0.0905053 0.831452
 -0.180157 -0.0631673 0.860255
 -0.17291 -0.047501 0.879659
 -0.151121 -0.0423464 0.893248
