 -0.0941979 -0.124602 0.932562
 -0.063722 -0.156047 0.937776
 -0.0539343 -0.101426 0.929771
 -0.0630892 -0.0836695 0.910562
 -0.0708068 -0.0687013 0.89437
 -0.092758 -0.0743814 0.925074
 -0.109978 -0.0676802 0.915052
 -0.131088 -0.0606677 0.894281
 -0.139609 -0.057837 0.885896
 -0.116804 -0.0798406 0.923583
 -0.126373 -0.0644864 0.915792
 -0.13941 -0.0449344 0.893886
 -0.147685 -0.0325911 0.879437
 -0.137887 -0.0980343 0.923769
 -0.145841 -0.0915419 0.917216
 -0.168582 -0.0729791 0.898482
 -0.178075 -0.0656803 0.887305
 -0.146505 -0.124207 0.931625
 -0.157444 -0.11918 0.93069
 -0.169186 -0.117987 0.900025
 -0.172338 -0.117667 0.891793
 -0.163315 -0.118584 0.915357
 -0.157212 -0.0822605 0.907849
 -0.132892 -0.0547104 0.904839
 -0.120533 -0.064174 0.904666
