 -0.105366 -0.0893248 0.950266
 -0.10833 -0.133142 0.95428
 -0.0637724 -0.100323 0.955957
 -0.0593396 -0.0862866 0.932476
 -0.0583576 -0.0768379 0.911132
 -0.0678558 -0.0554607 0.955401
 -0.0669943 -0.0463687 0.936468
 -0.0635549 -0.0388724 0.907172
 -0.0621665 -0.0358465 0.895347
 -0.0890145 -0.0453795 0.943164
 -0.0881672 -0.0374828 0.925138
 -0.0815812 -0.0386308 0.893715
 -0.0767388 -0.0412727 0.873735
 -0.111114 -0.0390402 0.940591
 -0.106944 -0.0283482 0.936512
 -0.102542 -0.0421479 0.904843
 -0.101696 -0.0515138 0.891431
 -0.139293 -0.0513547 0.938253
 -0.136732 -0.0519077 0.926466
 -0.128685 -0.0835999 0.929701
 -0.128104 -0.090115 0.935618
 -0.132709 -0.0677539 0.928083
 -0.104743 -0.0352481 0.920677
 -0.0848742 -0.0380568 0.909426
 -0.0652746 -0.0426206 0.92182
