 -0.0642279 -0.173325 0.867144
 -0.0343708 -0.201975 0.882393
 -0.0362522 -0.146855 0.886692
 -0.0374647 -0.134625 0.861852
 -0.0379849 -0.126551 0.839935
 -0.0694376 -0.12283 0.868972
 -0.0617621 -0.116904 0.850321
 -0.0419286 -0.139973 0.851153
 -0.0435313 -0.146306 0.861557
 -0.0886883 -0.132319 0.852701
 -0.0975577 -0.122702 0.837975
 -0.0785461 -0.121685 0.812097
 -0.0599983 -0.127486 0.804891
 -0.105543 -0.1507 0.84335
 -0.114295 -0.144788 0.837283
 -0.0938628 -0.143454 0.809114
 -0.0820941 -0.151405 0.817273
 -0.108613 -0.177875 0.839825
 -0.115307 -0.168319 0.836716
 -0.133522 -0.142314 0.828254
 -0.138174 -0.135304 0.825605
 -0.124414 -0.155316 0.832485
 -0.104079 -0.144121 0.823198
 -0.0880519 -0.122194 0.825036
 -0.0518453 -0.128438 0.850737
