 0.104705 -0.147825 0.85701
 0.0902939 -0.152642 0.815611
 0.138017 -0.132018 0.834518
 0.159901 -0.122782 0.848795
 0.178349 -0.114996 0.86083
 0.147169 -0.129644 0.878142
 0.147079 -0.130514 0.899144
 0.144913 -0.127203 0.92932
 0.141418 -0.119853 0.938523
 0.128094 -0.131296 0.893414
 0.122666 -0.112926 0.898007
 0.10358 -0.112107 0.872177
 0.0980353 -0.124392 0.85643
 0.104439 -0.139663 0.900893
 0.0994644 -0.128554 0.901332
 0.0937466 -0.117586 0.868778
 0.0945498 -0.120255 0.852637
 0.0847355 -0.158631 0.904143
 0.0798034 -0.147618 0.904578
 0.079943 -0.146258 0.871749
 0.0833549 -0.153728 0.868533
 0.0798732 -0.146938 0.888164
 0.0966055 -0.12307 0.885055
 0.113123 -0.112517 0.885092
 0.145996 -0.128859 0.914232
