 0.148903 -0.122019 0.915814
 0.146843 -0.165615 0.922136
 0.193777 -0.136267 0.912303
 0.213396 -0.117352 0.907267
 0.212718 -0.115027 0.884031
 0.183949 -0.0862983 0.924532
 0.191853 -0.0756392 0.908229
 0.200023 -0.0943138 0.885629
 0.203321 -0.101852 0.876507
 0.165066 -0.0787146 0.908356
 0.169621 -0.0741699 0.889739
 0.183094 -0.103091 0.885975
 0.191787 -0.12175 0.883547
 0.143218 -0.0820152 0.896847
 0.14785 -0.083846 0.885731
 0.142446 -0.117729 0.879775
 0.139904 -0.133666 0.876974
 0.116024 -0.0863412 0.896239
 0.119844 -0.0859678 0.88479
 0.131979 -0.116439 0.886757
 0.135236 -0.124619 0.887285
 0.125912 -0.101204 0.885774
 0.145148 -0.100787 0.882753
 0.176358 -0.0886305 0.887857
 0.195938 -0.0849765 0.896929
