 -0.0964684 -0.155316 0.819989
 -0.0864512 -0.17094 0.779984
 -0.053769 -0.160808 0.823453
 -0.0495485 -0.139389 0.840525
 -0.0461723 -0.121118 0.854688
 -0.0697888 -0.144783 0.861911
 -0.0698502 -0.137809 0.881741
 -0.0653872 -0.109405 0.871764
 -0.0635856 -0.097939 0.867737
 -0.0918784 -0.134466 0.860049
 -0.0890091 -0.115521 0.85548
 -0.0877936 -0.118617 0.823526
 -0.0870095 -0.120614 0.80291
 -0.116314 -0.131157 0.852028
 -0.114601 -0.119727 0.848185
 -0.0995318 -0.12403 0.817086
 -0.093021 -0.131023 0.803782
 -0.140816 -0.140177 0.843252
 -0.139045 -0.128907 0.839294
 -0.120309 -0.126474 0.812411
 -0.115542 -0.130482 0.806166
 -0.129677 -0.12769 0.825852
 -0.107066 -0.121878 0.832635
 -0.0884014 -0.117069 0.839503
 -0.0676187 -0.123607 0.876752
