 -0.022965 -0.12568 0.965053
 -0.0243769 -0.168181 0.953371
 0.0189452 -0.134262 0.959112
 0.0369542 -0.113611 0.963268
 0.0474895 -0.0929537 0.960423
 0.0141736 -0.0916047 0.971362
 0.0195866 -0.0719193 0.976368
 0.0273919 -0.0433192 0.98325
 0.0304663 -0.0315919 0.985235
 -0.00625913 -0.078707 0.976549
 -0.00121582 -0.060171 0.980907
 -0.00398033 -0.0521349 0.949924
 -0.00928708 -0.0716393 0.945339
 -0.0314347 -0.0762377 0.977774
 -0.0285306 -0.0644315 0.978504
 -0.0329504 -0.0612193 0.944111
 -0.0351467 -0.0601901 0.927911
 -0.0590934 -0.090122 0.977993
 -0.0559929 -0.0787858 0.980765
 -0.0475562 -0.0479386 0.988308
 -0.0456249 -0.039358 0.987648
 -0.0517746 -0.0633622 0.984537
 -0.0307405 -0.0628254 0.961307
 -0.00259808 -0.0561529 0.965415
 0.0234893 -0.0576193 0.979809
