 -0.0521657 -0.00281155 0.964649
 -0.0604691 -0.0456858 0.958513
 -0.0148707 -0.0204313 0.935391
 -0.00818305 -0.00333532 0.914629
 -0.00504466 0.0103593 0.895963
 -0.0101429 0.0246714 0.972328
 -0.0014974 0.0430229 0.966818
 0.00958678 0.0655383 0.949601
 0.0140274 0.07454 0.942518
 -0.0296424 0.041119 0.967788
 -0.0259553 0.0574139 0.957353
 -0.0199996 0.0829468 0.938786
 -0.0162384 0.0982925 0.925371
 -0.0523942 0.0479901 0.965967
 -0.0475619 0.0580728 0.961136
 -0.0378406 0.0765457 0.933261
 -0.0353183 0.0804944 0.917566
 -0.081864 0.0401991 0.966925
 -0.0807346 0.0521665 0.968069
 -0.0776545 0.0847375 0.971114
 -0.0768244 0.0934833 0.971898
 -0.0791945 0.068452 0.969592
 -0.0427013 0.0673093 0.947199
 -0.0229775 0.0701804 0.94807
 0.00404469 0.0542806 0.95821
