 0.118975 -0.156116 0.964983
 0.109542 -0.196996 0.97857
 0.154456 -0.165975 0.98755
 0.174294 -0.148084 0.980171
 0.179401 -0.146227 0.957449
 0.158441 -0.12471 0.971006
 0.164806 -0.105435 0.965542
 0.177706 -0.0827679 0.949856
 0.182913 -0.0736182 0.943525
 0.143184 -0.111934 0.956355
 0.15224 -0.0954579 0.950477
 0.167009 -0.0685863 0.940889
 0.176661 -0.0514181 0.934432
 0.116779 -0.109091 0.94123
 0.116011 -0.099053 0.934375
 0.113814 -0.0703526 0.914774
 0.112897 -0.0569833 0.905354
 0.0938109 -0.120495 0.936086
 0.098804 -0.109789 0.933586
 0.112651 -0.0809059 0.926261
 0.116404 -0.0731882 0.924224
 0.105728 -0.0953474 0.929923
 0.114913 -0.0847028 0.924574
 0.159624 -0.0820221 0.945683
 0.171256 -0.0941013 0.957699
