 -0.120241 -0.0471413 1.00684
 -0.126476 -0.0907743 1.00829
 -0.0787 -0.06263 1.00443
 -0.0747993 -0.0492879 0.980451
 -0.0743149 -0.039944 0.959044
 -0.0802539 -0.0165496 1.01358
 -0.0781898 -0.00257181 0.998019
 -0.0735036 0.00996951 0.970688
 -0.0715373 0.0146042 0.959482
 -0.101327 -0.00249454 1.00338
 -0.101852 0.0111514 0.989179
 -0.0969705 0.0168708 0.957945
 -0.0938211 0.0205608 0.937794
 -0.122214 0.00198332 0.99703
 -0.117243 0.00997477 0.989299
 -0.108052 0.0127311 0.955823
 -0.104671 0.011453 0.939847
 -0.151278 -0.00608701 0.997446
 -0.150131 -0.00152767 0.986324
 -0.141193 -0.0143148 0.957407
 -0.139008 -0.0228375 0.95679
 -0.145662 -0.00792122 0.971865
 -0.112648 0.0113529 0.972561
 -0.0994112 0.0140111 0.973562
 -0.0758467 0.00369885 0.984354
