 -0.082646 -0.138874 0.961461
 -0.0856805 -0.182166 0.969296
 -0.0665286 -0.141428 1.00145
 -0.0581781 -0.117878 1.01344
 -0.0511387 -0.0980257 1.02354
 -0.0659367 -0.0988848 0.987954
 -0.0466743 -0.101672 0.980012
 -0.0442806 -0.128015 0.995065
 -0.0540011 -0.131166 1.00188
 -0.0749411 -0.0896932 0.962888
 -0.0764931 -0.0726467 0.95314
 -0.0787956 -0.0448782 0.937148
 -0.0802811 -0.026963 0.926831
 -0.0761336 -0.100502 0.939609
 -0.0649725 -0.102117 0.935008
 -0.0702619 -0.136529 0.934257
 -0.0746821 -0.152295 0.934713
 -0.0949001 -0.108126 0.920947
 -0.0838353 -0.109727 0.916385
 -0.0619732 -0.132374 0.906963
 -0.0585941 -0.140373 0.905413
 -0.0729042 -0.121051 0.911674
 -0.0676172 -0.119323 0.934632
 -0.0776444 -0.0587624 0.945144
 -0.0454774 -0.114844 0.987538
