 0.140202 -0.119426 0.92103
 0.127031 -0.159058 0.935195
 0.177714 -0.142362 0.919969
 0.20062 -0.129272 0.911484
 0.21993 -0.118236 0.904331
 0.185337 -0.0971681 0.914128
 0.192937 -0.0786994 0.907568
 0.198898 -0.0751099 0.87794
 0.2013 -0.0736747 0.865978
 0.165415 -0.0808935 0.903852
 0.164525 -0.0683242 0.888712
 0.166336 -0.0929513 0.86816
 0.167272 -0.106177 0.884092
 0.141493 -0.0814499 0.897409
 0.141803 -0.085506 0.885928
 0.144267 -0.119661 0.892263
 0.14403 -0.11669 0.908369
 0.115396 -0.0764074 0.904564
 0.115712 -0.080563 0.893231
 0.118046 -0.112665 0.886626
 0.118304 -0.116384 0.89462
 0.116879 -0.0966141 0.889929
 0.143035 -0.102583 0.889095
 0.165431 -0.0806377 0.878436
 0.195918 -0.0769046 0.892754
