 0.14058 -0.0352838 0.83933
 0.119018 -0.0531836 0.873381
 0.175298 -0.0575546 0.867022
 0.189022 -0.0750204 0.85045
 0.200441 -0.0898426 0.83646
 0.185743 -0.0127693 0.833528
 0.194915 -0.0303747 0.826614
 0.207553 -0.0573888 0.820551
 0.212654 -0.0682933 0.818104
 0.174966 -0.0210645 0.8132
 0.184523 -0.0374473 0.807881
 0.195359 -0.0674069 0.803741
 0.194985 -0.0877978 0.807439
 0.155684 -0.0290082 0.797799
 0.16075 -0.0398062 0.795331
 0.168968 -0.0734837 0.79865
 0.169567 -0.0887028 0.804677
 0.129736 -0.0287671 0.788566
 0.138762 -0.0321597 0.781297
 0.142963 -0.0646718 0.783519
 0.143914 -0.073408 0.784271
 0.140862 -0.0484158 0.782408
 0.164859 -0.0566449 0.79699
 0.189941 -0.0524271 0.805811
 0.201234 -0.0438817 0.823582
