 -0.153487 -0.031002 0.839875
 -0.109632 -0.0283348 0.843674
 -0.0992584 -0.0187203 0.911681
 -0.101883 -0.0151866 0.939042
 -0.104096 -0.0122078 0.962108
 -0.191174 -0.0455073 0.870688
 -0.210054 -0.03926 0.863877
 -0.236539 -0.0265564 0.855913
 -0.247084 -0.0209949 0.852946
 -0.196683 -0.0315952 0.851387
 -0.19838 -0.013121 0.858008
 -0.166826 -0.00873505 0.853858
 -0.152528 -0.0219637 0.846774
 -0.195313 -0.0208614 0.828036
 -0.196362 -0.00943816 0.832129
 -0.161768 -0.00572801 0.830644
 -0.153135 -0.0186311 0.82542
 -0.18756 -0.020419 0.80161
 -0.199477 -0.021946 0.802817
 -0.231905 -0.0261014 0.806099
 -0.24061 -0.0272169 0.80698
 -0.215691 -0.0240237 0.804458
 -0.179065 -0.00758308 0.831387
 -0.182603 -0.010928 0.855933
 -0.223297 -0.0329082 0.859895
