 -0.178467 -0.156379 0.98369
 -0.163362 -0.19776 0.981622
 -0.136164 -0.150886 0.993294
 -0.131355 -0.126344 0.981352
 -0.127956 -0.106536 0.96944
 -0.159442 -0.112206 1.00003
 -0.154423 -0.0980866 0.985288
 -0.144971 -0.120519 0.967021
 -0.141157 -0.129578 0.959651
 -0.185374 -0.107413 0.990547
 -0.197401 -0.0919154 0.98876
 -0.185611 -0.0861462 0.959437
 -0.172956 -0.102453 0.961317
 -0.207155 -0.11339 0.976602
 -0.212344 -0.103877 0.97104
 -0.191907 -0.108946 0.943302
 -0.181848 -0.112182 0.930786
 -0.223364 -0.133152 0.970207
 -0.228962 -0.123713 0.965171
 -0.215948 -0.118994 0.935372
 -0.211948 -0.118393 0.927534
 -0.222455 -0.121354 0.950271
 -0.202126 -0.106412 0.957171
 -0.191506 -0.0890308 0.974099
 -0.149697 -0.109303 0.976155
