 -0.196091 -0.208329 0.967049
 -0.183818 -0.250393 0.962069
 -0.152413 -0.204577 0.96029
 -0.15681 -0.187847 0.938638
 -0.160516 -0.173744 0.920385
 -0.171547 -0.164842 0.97636
 -0.169237 -0.161722 0.9557
 -0.167526 -0.191795 0.95135
 -0.167803 -0.202521 0.957334
 -0.194028 -0.163655 0.966868
 -0.191895 -0.160692 0.947511
 -0.172445 -0.186201 0.94575
 -0.166409 -0.198868 0.961005
 -0.223463 -0.16451 0.965766
 -0.229057 -0.155309 0.960075
 -0.214817 -0.165303 0.929907
 -0.206855 -0.172189 0.917358
 -0.241987 -0.183252 0.965706
 -0.240738 -0.180191 0.954093
 -0.236767 -0.184922 0.921821
 -0.235701 -0.18894 0.914042
 -0.238753 -0.182556 0.937957
 -0.221937 -0.160306 0.944991
 -0.18217 -0.173446 0.946631
 -0.168382 -0.176759 0.953525
