 -0.239826 0.0116714 0.954655
 -0.230551 -0.0313972 0.952688
 -0.192228 0.00986073 0.950093
 -0.195133 0.0144016 0.922908
 -0.197582 0.0182296 0.899992
 -0.21555 0.0526483 0.972311
 -0.215704 0.067935 0.957882
 -0.212658 0.0868345 0.934223
 -0.211393 0.0944248 0.924646
 -0.235502 0.0616126 0.960518
 -0.232185 0.0801515 0.954746
 -0.226775 0.110388 0.945332
 -0.223034 0.12967 0.938713
 -0.259707 0.0597069 0.952302
 -0.260316 0.0717787 0.953802
 -0.247196 0.0890024 0.926527
 -0.240788 0.0960103 0.91318
 -0.280447 0.041024 0.93964
 -0.277085 0.0491824 0.931397
 -0.263795 0.0581486 0.902716
 -0.260142 0.0600774 0.894923
 -0.27044 0.0536655 0.917057
 -0.253756 0.0803906 0.940165
 -0.22948 0.0952697 0.950039
 -0.214181 0.0773847 0.946053
