 -0.0193653 -0.22189 0.96568
 -0.035942 -0.225785 1.00636
 -0.00834456 -0.183802 0.983137
 0.0163769 -0.185517 0.970729
 0.0371512 -0.193134 0.963232
 0.00618241 -0.185679 0.940856
 0.0243391 -0.19396 0.947461
 0.0169076 -0.187315 0.976217
 0.0139078 -0.184633 0.987824
 0.00706739 -0.208499 0.932202
 0.0240813 -0.216259 0.938392
 0.0167332 -0.208253 0.968625
 0.00294749 -0.199454 0.981359
 -0.00357815 -0.22651 0.916495
 0.00180928 -0.222931 0.906175
 0.0339432 -0.234862 0.912322
 0.044433 -0.242634 0.922215
 -0.0181977 -0.252918 0.923573
 -0.00776806 -0.257675 0.927367
 -0.0152834 -0.249487 0.958288
 -0.0222038 -0.245452 0.961979
 -0.0115257 -0.253581 0.942828
 0.0178762 -0.228897 0.909248
 0.0204073 -0.212256 0.953508
 0.0206233 -0.190638 0.961839
