 -0.0760538 -0.0668616 0.989368
 -0.0906525 -0.108357 0.992507
 -0.0341957 -0.0997255 0.983908
 -0.00869157 -0.0896579 0.979879
 0.0128083 -0.0811709 0.976483
 -0.0367722 -0.0412621 1.00891
 -0.026147 -0.0242104 1.00273
 -0.0102603 -0.000186884 0.99289
 -0.0032601 0.00853708 0.98781
 -0.0483216 -0.0242604 0.995185
 -0.0385698 -0.00720048 0.996555
 -0.0226651 0.0206237 0.998788
 -0.0123162 0.0385339 1.0001
 -0.0667776 -0.0167686 0.979656
 -0.0607478 -0.00621982 0.980503
 -0.0435076 0.0239406 0.982924
 -0.0312742 0.030062 0.973914
 -0.0924151 -0.0241993 0.963886
 -0.0920141 -0.0126425 0.96041
 -0.0736388 -0.0210714 0.934508
 -0.0687062 -0.023334 0.927555
 -0.0828265 -0.0168569 0.947459
 -0.0521277 0.00886037 0.981713
 -0.0306174 0.00671161 0.997671
 -0.0182036 -0.0121987 0.997808
