 -0.0254214 -0.0388447 1.00145
 -0.041529 -0.0769552 1.01672
 0.013339 -0.0770321 0.997844
 0.024957 -0.0719084 0.97321
 0.0322662 -0.0679333 0.951379
 0.0212532 -0.020417 0.993575
 0.0262957 -0.00708621 0.978123
 0.0328039 0.0081863 0.952616
 0.0338268 0.00772957 0.940382
 0.00529508 -0.00225729 0.984427
 0.0128695 0.0116639 0.972729
 0.0252231 0.0343691 0.95365
 0.0306167 0.0403616 0.934556
 -0.0171297 0.00808082 0.980525
 -0.0115869 0.0167352 0.973988
 0.00424814 0.0414218 0.955212
 0.0116963 0.0530335 0.94638
 -0.0469275 0.00560574 0.984171
 -0.0418307 0.0154269 0.979337
 -0.0279616 0.0421516 0.966181
 -0.0243333 0.0486919 0.961506
 -0.0348962 0.0287893 0.972759
 -0.00366936 0.0290785 0.9646
 0.0190463 0.0230165 0.96319
 0.0295498 0.000550045 0.96537
