 -0.208981 -0.0974334 1.01314
 -0.198445 -0.138165 0.999921
 -0.163988 -0.0940114 0.987668
 -0.155286 -0.0693818 0.97841
 -0.1484 -0.0487165 0.969964
 -0.18308 -0.0585527 1.03308
 -0.191965 -0.039878 1.02931
 -0.202878 -0.0131769 1.01961
 -0.207283 -0.0023988 1.01569
 -0.206111 -0.0494584 1.03025
 -0.206297 -0.0299764 1.03315
 -0.203985 0.000864983 1.02446
 -0.202493 0.0207626 1.01885
 -0.230344 -0.0516427 1.02439
 -0.230153 -0.0396861 1.0267
 -0.22961 -0.0055004 1.03332
 -0.228794 0.0108586 1.03347
 -0.253387 -0.0698065 1.01452
 -0.260149 -0.0599664 1.01633
 -0.274149 -0.0313072 1.00844
 -0.27712 -0.0238359 1.00481
 -0.267149 -0.0456368 1.01238
 -0.229882 -0.0225932 1.03001
 -0.205141 -0.0145557 1.0288
 -0.197422 -0.0265274 1.02446
