 -0.0931023 0.0778567 0.919711
 -0.0991879 0.0522651 0.955107
 -0.0619485 0.0921454 0.945992
 -0.043925 0.0975228 0.925638
 -0.0287313 0.102056 0.90848
 -0.0605901 0.114977 0.90766
 -0.0616939 0.120893 0.887519
 -0.0500148 0.112906 0.860574
 -0.042336 0.104785 0.855475
 -0.0747489 0.11311 0.887491
 -0.0686852 0.126274 0.874151
 -0.0482825 0.104842 0.86164
 -0.0351195 0.0910147 0.853568
 -0.0971114 0.100693 0.872245
 -0.0979306 0.105931 0.86128
 -0.0828625 0.0978747 0.830936
 -0.075775 0.0940851 0.816663
 -0.116644 0.082064 0.87318
 -0.113531 0.0808375 0.861578
 -0.105058 0.0774999 0.830007
 -0.101421 0.074766 0.822451
 -0.109294 0.0791687 0.845792
 -0.0903966 0.101903 0.846108
 -0.0584838 0.115558 0.867895
 -0.0558543 0.1169 0.874046
