 -0.117739 -0.0503822 1.00325
 -0.126337 -0.0936324 1.00269
 -0.0777477 -0.0699488 0.987107
 -0.071315 -0.05546 0.964375
 -0.0690226 -0.0446106 0.943812
 -0.0758298 -0.0223942 1.00961
 -0.0732635 -0.00814658 0.994373
 -0.0690179 0.00811707 0.969001
 -0.0670418 0.0103089 0.957076
 -0.0963626 -0.00711143 1.0008
 -0.0962989 0.00612189 0.986212
 -0.0928314 0.0147746 0.955467
 -0.0905607 0.0202002 0.935592
 -0.117465 0.00147512 1.00227
 -0.112491 0.0125771 1.00287
 -0.106445 0.0127468 0.968578
 -0.103619 0.0127849 0.952444
 -0.14683 -0.00726801 0.9976
 -0.14483 -0.00560347 0.985809
 -0.139759 -0.0122124 0.954025
 -0.138456 -0.0148066 0.945696
 -0.142295 -0.00890791 0.969917
 -0.109468 0.0126619 0.985726
 -0.0945651 0.0104483 0.97084
 -0.0711407 -1.47543e-005 0.981687
