 -0.00042871 -0.0737373 0.948799
 0.000808283 -0.116247 0.960468
 0.0531763 -0.0919783 0.95045
 0.074313 -0.0753997 0.943635
 0.09064 -0.062176 0.933419
 0.0325608 -0.0351688 0.950888
 0.035404 -0.0183307 0.938629
 0.0436576 -0.0061176 0.912003
 0.0473772 -0.0032575 0.900649
 0.0119499 -0.0251526 0.939533
 0.014055 -0.00685912 0.932538
 0.0205306 0.0179164 0.913138
 0.024967 0.033283 0.899955
 -0.010472 -0.0267155 0.930013
 -0.00719308 -0.0161549 0.924906
 0.00227331 0.0138763 0.910032
 0.0073537 0.0266143 0.901075
 -0.0366745 -0.0428205 0.927178
 -0.0374772 -0.0312525 0.92381
 -0.0356476 -0.00451797 0.904796
 -0.0351427 0.00263558 0.899661
 -0.0365624 -0.0178852 0.914303
 -0.00245988 -0.0011393 0.917469
 0.0172928 0.00552862 0.922838
 0.0395308 -0.0122241 0.925316
