 -0.0374843 -0.0089696 0.963108
 -0.0400112 -0.0521293 0.95441
 0.00500974 -0.0193909 0.953451
 0.020183 0.00289639 0.94704
 0.0290587 0.0217133 0.936412
 0.000182003 0.0228353 0.975352
 0.00652655 0.0406099 0.966094
 0.0140802 0.0571236 0.941671
 0.0171293 0.0637895 0.931813
 -0.0228209 0.0372045 0.97034
 -0.0260747 0.0547052 0.961905
 -0.0208657 0.0602699 0.930695
 -0.0174202 0.0635924 0.910529
 -0.04444 0.0399225 0.96403
 -0.0411 0.048914 0.956524
 -0.0335699 0.0638963 0.926002
 -0.0322152 0.0624046 0.909747
 -0.0723002 0.0300385 0.964927
 -0.0712794 0.0418323 0.967308
 -0.067246 0.0743757 0.965238
 -0.0661633 0.0831113 0.964682
 -0.0692627 0.058104 0.966273
 -0.037335 0.0564051 0.941263
 -0.0234702 0.0574875 0.9463
 0.0103034 0.0488667 0.953883
