 0.0214378 -0.116743 0.982847
 0.0216533 -0.160603 0.978258
 0.0665699 -0.127142 0.979935
 0.0766912 -0.108618 0.961977
 0.0845641 -0.0934558 0.946042
 0.0542681 -0.0826069 1.00121
 0.0606684 -0.06262 1.00001
 0.0734013 -0.0384708 0.986555
 0.0785411 -0.0287229 0.981125
 0.0337869 -0.068946 0.990148
 0.0341257 -0.0506305 0.982907
 0.0453208 -0.0395097 0.954922
 0.0525434 -0.0323351 0.936867
 0.0126831 -0.06572 0.98268
 0.015945 -0.0539938 0.983136
 0.0317334 -0.0381398 0.956451
 0.0390211 -0.0326318 0.942854
 -0.0129399 -0.0789818 0.971473
 -0.0144781 -0.0670196 0.972061
 -0.0182715 -0.0343898 0.97279
 -0.018064 -0.0259074 0.970382
 -0.0163748 -0.0507047 0.972426
 0.0238392 -0.0460668 0.969793
 0.0397233 -0.0450701 0.968914
 0.0670348 -0.0505454 0.993281
