 -0.100376 -0.0961748 0.817563
 -0.0905898 -0.0834899 0.776476
 -0.0590103 -0.0845306 0.821885
 -0.0475649 -0.0869513 0.847008
 -0.0398029 -0.0871969 0.869042
 -0.0746099 -0.0985941 0.861272
 -0.0869504 -0.102248 0.877892
 -0.0925261 -0.0724269 0.880309
 -0.0936022 -0.0602029 0.879729
 -0.0990146 -0.0987365 0.862177
 -0.104639 -0.0803626 0.866509
 -0.104576 -0.0727076 0.835308
 -0.0986564 -0.0920021 0.830587
 -0.123529 -0.10235 0.855222
 -0.127007 -0.0909884 0.857901
 -0.113635 -0.0668753 0.83663
 -0.103565 -0.0693622 0.823952
 -0.143393 -0.114818 0.840781
 -0.146841 -0.103555 0.843437
 -0.13118 -0.092471 0.816763
 -0.126445 -0.0963013 0.810383
 -0.13901 -0.098013 0.8301
 -0.120321 -0.0789318 0.847266
 -0.104607 -0.0765351 0.850909
 -0.0897383 -0.0873376 0.879101
