 0.104987 -0.231783 1.02822
 0.0854375 -0.270419 1.01986
 0.141216 -0.262262 1.01239
 0.167032 -0.252548 1.0097
 0.188794 -0.24436 1.00743
 0.149807 -0.217928 1.0477
 0.16033 -0.199813 1.04596
 0.175567 -0.173589 1.04344
 0.181717 -0.163003 1.04242
 0.13888 -0.196248 1.04253
 0.151063 -0.181402 1.04691
 0.17393 -0.159191 1.04292
 0.188817 -0.145268 1.03916
 0.117597 -0.189218 1.02357
 0.122464 -0.189265 1.01241
 0.105813 -0.214171 0.994654
 0.0955241 -0.226342 0.990869
 0.0911431 -0.181719 1.02197
 0.0960114 -0.181398 1.01093
 0.0997385 -0.20885 0.99326
 0.100242 -0.216795 0.989464
 0.097875 -0.195124 1.00209
 0.114138 -0.201718 1.00353
 0.162497 -0.170297 1.04492
 0.167948 -0.186701 1.0447
