 -0.164871 -0.103492 1.00404
 -0.167676 -0.147414 1.00683
 -0.12753 -0.120171 0.97779
 -0.113844 -0.102231 0.9617
 -0.105683 -0.0877933 0.945245
 -0.126557 -0.0703013 1.00079
 -0.129026 -0.0564191 0.985196
 -0.132579 -0.0365483 0.96242
 -0.133856 -0.0300545 0.95207
 -0.147391 -0.0580241 0.995765
 -0.143943 -0.0453438 0.98109
 -0.13849 -0.0252249 0.956644
 -0.134972 -0.012245 0.940872
 -0.171572 -0.0521496 1.00109
 -0.168057 -0.0405172 1.00026
 -0.162731 -0.0217189 0.971434
 -0.163294 -0.0228823 0.955105
 -0.199895 -0.0646493 1.00275
 -0.196464 -0.0532308 1.00084
 -0.189063 -0.0279398 0.981214
 -0.187077 -0.021151 0.975946
 -0.192763 -0.0405853 0.991028
 -0.165394 -0.031118 0.985848
 -0.141217 -0.0352844 0.968867
 -0.130803 -0.0464837 0.973808
