 -0.024628 -0.0307855 0.993163
 -0.0370169 -0.0705748 1.00759
 0.0141238 -0.0612895 0.984427
 0.0292079 -0.0552906 0.961965
 0.0372271 -0.0525103 0.940199
 0.0189004 -0.00460783 0.993613
 0.0198432 0.00977276 0.978309
 0.0229246 0.0250331 0.952158
 0.024583 0.0295568 0.940858
 -0.00068453 0.0111024 0.980829
 -0.00201509 0.0286469 0.971973
 0.00346579 0.0332654 0.940656
 0.00856119 0.0256037 0.922083
 -0.0213048 0.0139132 0.968084
 -0.0177251 0.0203054 0.958354
 -0.00694724 0.0299631 0.926679
 -0.00187586 0.0343788 0.911743
 -0.0490743 0.0084339 0.968641
 -0.0436396 0.00948606 0.95791
 -0.0527058 -0.0211688 0.950313
 -0.0572011 -0.0242298 0.957257
 -0.0481727 -0.00584136 0.954112
 -0.0123362 0.0251343 0.942517
 0.000725349 0.0309562 0.956314
 0.0213839 0.0174029 0.965234
