 -0.14675 -0.0918252 1.0682
 -0.128939 -0.131201 1.07699
 -0.0933883 -0.0904142 1.05584
 -0.0815711 -0.0674599 1.04576
 -0.0825663 -0.0676288 1.02242
 -0.131993 -0.0436796 1.07487
 -0.137597 -0.0326374 1.05788
 -0.139222 -0.0206708 1.02995
 -0.139878 -0.0158404 1.01867
 -0.153978 -0.0421414 1.06167
 -0.157493 -0.0251896 1.05228
 -0.163226 0.00245832 1.03695
 -0.166925 0.0202957 1.02706
 -0.17539 -0.0508804 1.05424
 -0.177999 -0.0390603 1.05288
 -0.178822 -0.00821811 1.03673
 -0.179209 0.00628887 1.02914
 -0.191741 -0.076059 1.04666
 -0.194275 -0.0643243 1.04536
 -0.201171 -0.0323927 1.04183
 -0.202622 -0.0238729 1.04007
 -0.197723 -0.0483585 1.0436
 -0.178411 -0.0236392 1.04481
 -0.160359 -0.0113656 1.04461
 -0.13841 -0.0266541 1.04391
