 0.0270729 -0.0753681 0.921069
 0.0317059 -0.115318 0.939161
 0.0740098 -0.0768861 0.950268
 0.0906739 -0.0548094 0.951992
 0.10532 -0.0373331 0.946905
 0.0527971 -0.0316639 0.923968
 0.0523193 -0.0144241 0.911949
 0.0535877 0.00886894 0.892403
 0.0547064 0.0176738 0.883909
 0.0327818 -0.0267667 0.907418
 0.0300314 -0.00920299 0.898935
 0.0301937 0.0163082 0.879408
 0.0339907 0.0288608 0.863358
 0.0142941 -0.0328244 0.894423
 0.0162321 -0.021782 0.889662
 0.0246285 0.00725773 0.872373
 0.0304983 0.0184095 0.861909
 -0.00730725 -0.0540412 0.887899
 -0.00539731 -0.0443358 0.880973
 0.00333601 -0.0221751 0.85834
 0.00570536 -0.0162619 0.85224
 -0.00103065 -0.0332555 0.869657
 0.0204303 -0.00726215 0.881018
 0.0301125 0.00355258 0.889172
 0.0529535 -0.00277757 0.902176
