 0.0113441 0.0140955 0.944924
 0.0105735 -0.0291584 0.953486
 0.0478953 -0.0029116 0.920712
 0.0458968 0.00839067 0.895487
 0.044212 0.0179184 0.874222
 0.0477701 0.0475552 0.933357
 0.0453341 0.0474161 0.912478
 0.0414633 0.0439131 0.882495
 0.0395085 0.0362233 0.873116
 0.0245457 0.0535728 0.928155
 0.0216914 0.0504058 0.908924
 0.0205706 0.0363281 0.880067
 0.0198842 0.0271615 0.86149
 -0.00107568 0.0540712 0.92943
 -0.00271007 0.0517554 0.917584
 0.00922562 0.0193773 0.922267
 0.0119035 0.0211554 0.938329
 -0.0251151 0.0515463 0.942633
 -0.0271407 0.0631923 0.940169
 -0.0340706 0.0845705 0.916199
 -0.0359308 0.090309 0.909764
 -0.0306057 0.0738814 0.928184
 0.00325778 0.0355663 0.919926
 0.021131 0.0433669 0.894496
 0.0433987 0.0456646 0.897487
