 -0.0643508 -0.0327671 1.08702
 -0.0587373 -0.0762495 1.08226
 -0.0251944 -0.0374485 1.05838
 -0.0122861 -0.0146652 1.0493
 -0.00140452 0.00454106 1.04165
 -0.0330855 0.00716472 1.08987
 -0.036441 0.0261853 1.08157
 -0.0412991 0.0537234 1.06956
 -0.0427057 0.0607443 1.05958
 -0.0563135 0.016866 1.08833
 -0.0566115 0.0348945 1.0804
 -0.0571202 0.064058 1.06694
 -0.0574484 0.0828732 1.05825
 -0.0809145 0.0157953 1.08927
 -0.0799641 0.0274312 1.0858
 -0.0781552 0.0563404 1.06647
 -0.0773145 0.0698803 1.05729
 -0.106107 -0.0016417 1.09198
 -0.107934 0.0092226 1.08704
 -0.112182 0.032695 1.06444
 -0.113322 0.0389958 1.05838
 -0.110058 0.0209588 1.07574
 -0.0790596 0.0418858 1.07613
 -0.0568659 0.0494763 1.07367
 -0.03887 0.0399543 1.07556
