 -0.0591066 -0.0217511 1.09306
 -0.0520181 -0.0652776 1.0931
 -0.0160312 -0.0256367 1.07669
 -0.00979991 -0.00464185 1.05971
 -0.00454695 0.0130567 1.04539
 -0.0292771 0.0192796 1.09569
 -0.0329555 0.038777 1.08874
 -0.0380275 0.0664073 1.07703
 -0.0394585 0.0757783 1.06922
 -0.0519866 0.0289041 1.09414
 -0.0506648 0.0485552 1.09445
 -0.0476099 0.0761357 1.07826
 -0.0456391 0.0939295 1.06781
 -0.0770963 0.0268856 1.09228
 -0.0762816 0.0390368 1.09248
 -0.073153 0.0712106 1.07952
 -0.071596 0.0852245 1.07119
 -0.101835 0.00830927 1.09028
 -0.104973 0.0199689 1.09018
 -0.111562 0.0485497 1.07536
 -0.11333 0.0562217 1.07139
 -0.108267 0.0342593 1.08277
 -0.0747173 0.0551237 1.086
 -0.0491374 0.0623454 1.08635
 -0.0354915 0.0525922 1.08289
