 -0.0337246 -0.0837007 1.0064
 -0.0255985 -0.125226 1.01883
 0.00722577 -0.0807079 1.0198
 0.00393125 -0.0805105 0.992286
 -0.00389421 -0.0914542 0.973186
 -0.00670188 -0.0406943 1.00575
 -0.0107175 -0.0209406 0.999791
 -0.0154673 0.00680328 0.988217
 -0.0171903 0.0178118 0.983044
 -0.0282918 -0.0340032 0.995767
 -0.0268529 -0.0154905 0.989192
 -0.0242054 0.0143608 0.977615
 -0.0224253 0.0335326 0.969942
 -0.0523626 -0.0383677 0.989456
 -0.0519686 -0.0264838 0.986816
 -0.0504 0.00716676 0.97799
 -0.0452041 0.0031557 0.962982
 -0.0752744 -0.0590235 0.986361
 -0.0748901 -0.0472378 0.983762
 -0.0738444 -0.0151672 0.97669
 -0.0735636 -0.0065585 0.974792
 -0.0743672 -0.0312025 0.980226
 -0.0511843 -0.00965852 0.982403
 -0.0255291 -0.000564844 0.983404
 -0.0130924 -0.00706867 0.994004
