 0.068501 -0.0729815 1.02231
 0.0704447 -0.102651 0.989738
 0.124749 -0.0958593 1.01399
 0.138167 -0.0719716 1.01816
 0.149477 -0.0518345 1.02168
 0.102293 -0.0532706 1.05471
 0.100488 -0.0354796 1.06576
 0.0984999 -0.00840271 1.07951
 0.100049 0.00317965 1.07572
 0.0773116 -0.041233 1.05963
 0.0698609 -0.0269118 1.07092
 0.064181 0.00463676 1.07305
 0.0605166 0.0249906 1.07443
 0.0570918 -0.0354009 1.05535
 0.0600579 -0.0248815 1.06072
 0.0685384 0.00519463 1.07609
 0.0727064 0.0200143 1.08169
 0.0302448 -0.0439358 1.04304
 0.0254663 -0.0358427 1.05062
 0.0306872 -0.00972604 1.03138
 0.0320887 -0.00271562 1.02621
 0.0280768 -0.0227844 1.041
 0.0642981 -0.00984346 1.06841
 0.067021 -0.0111375 1.07199
 0.0994938 -0.0219412 1.07263
