 -0.0531657 -0.0577376 0.956647
 -0.0448181 -0.0988778 0.97016
 -0.00767905 -0.0602396 0.954429
 -0.000879676 -0.0467671 0.931184
 0.00369231 -0.0370159 0.910452
 -0.0263641 -0.0146262 0.954834
 -0.028052 -0.0081299 0.934914
 -0.0155475 -0.019697 0.909693
 -0.00846942 -0.029607 0.91131
 -0.0487486 -0.00807889 0.945369
 -0.049519 0.0109134 0.940201
 -0.0392834 0.00346641 0.910673
 -0.0326799 -0.00133808 0.891622
 -0.0720888 -0.0129636 0.938522
 -0.0718121 -0.00114986 0.93557
 -0.0611296 0.00288544 0.902672
 -0.0558975 0.000713793 0.887302
 -0.0948557 -0.0338122 0.935992
 -0.0953503 -0.0222724 0.932472
 -0.085329 -0.0243504 0.901249
 -0.0825992 -0.0253076 0.892917
 -0.0903396 -0.0233114 0.91686
 -0.0664708 0.000867791 0.919121
 -0.0444012 0.00718989 0.925437
 -0.0217998 -0.0139135 0.922303
