 -0.100995 -0.0881787 0.980935
 -0.0704288 -0.11876 0.989615
 -0.0545988 -0.0684987 0.966675
 -0.0573427 -0.0560202 0.942082
 -0.0599666 -0.0468681 0.920748
 -0.101659 -0.0373875 0.980844
 -0.0958811 -0.0373483 0.960633
 -0.0771672 -0.0421085 0.937109
 -0.0670581 -0.0454465 0.930978
 -0.124717 -0.0433435 0.97424
 -0.135031 -0.0268166 0.971324
 -0.135649 -0.0134646 0.942109
 -0.136048 -0.00485035 0.923261
 -0.142097 -0.0612798 0.965249
 -0.147391 -0.0526827 0.958436
 -0.162526 -0.0281026 0.938956
 -0.169645 -0.0165411 0.929793
 -0.151271 -0.0898171 0.966558
 -0.157528 -0.0796874 0.964547
 -0.169314 -0.0546677 0.946807
 -0.167534 -0.0536543 0.938228
 -0.163421 -0.0671775 0.955677
 -0.154959 -0.0403927 0.948696
 -0.13534 -0.0201406 0.956716
 -0.0865241 -0.0397284 0.948871
