 -0.0676636 -0.030286 1.08799
 -0.0576295 -0.0730563 1.08414
 -0.0220439 -0.0334166 1.10271
 -0.0144874 -0.00896491 1.09208
 -0.00961783 0.0104943 1.0801
 -0.0424939 0.0110366 1.10345
 -0.0451796 0.0310256 1.09753
 -0.0468273 0.0582959 1.08412
 -0.0464789 0.0681443 1.07678
 -0.0647419 0.019941 1.09726
 -0.0649205 0.0394561 1.09993
 -0.059224 0.0677383 1.0858
 -0.0554448 0.0857914 1.07634
 -0.0877109 0.0173067 1.08688
 -0.0869099 0.0294279 1.08599
 -0.0842147 0.0639411 1.08221
 -0.0829458 0.0801743 1.08042
 -0.110475 -0.00178912 1.07839
 -0.115679 0.00897707 1.07671
 -0.123341 0.0360966 1.05981
 -0.125398 0.0433763 1.05528
 -0.11951 0.0225368 1.06826
 -0.0855623 0.0466845 1.0841
 -0.0620723 0.0535972 1.09286
 -0.0460034 0.0446608 1.09082
