 0.083795 -0.0270146 0.971838
 0.0764437 -0.0704743 0.973259
 0.127367 -0.0497005 0.957694
 0.141492 -0.0368935 0.937581
 0.153169 -0.0262021 0.920401
 0.122651 0.00306018 0.984718
 0.125047 0.0215262 0.974963
 0.133949 0.0361702 0.949813
 0.138502 0.0365642 0.938409
 0.10521 0.0170646 0.970856
 0.110862 0.0299805 0.957099
 0.122672 0.0380796 0.92834
 0.130466 0.0409953 0.909357
 0.0825239 0.0205561 0.958315
 0.0861109 0.0265282 0.948324
 0.097939 0.0365589 0.917144
 0.103503 0.0412769 0.902478
 0.0557903 0.0142866 0.95612
 0.0603559 0.0131505 0.945
 0.0680743 -0.0187874 0.945148
 0.0650571 -0.0194783 0.953407
 0.0642151 -0.00281849 0.945074
 0.0920249 0.0315435 0.932734
 0.116767 0.0340301 0.94272
 0.129498 0.0288482 0.962388
