 0.149418 -0.140781 0.919204
 0.139928 -0.180715 0.93533
 0.173894 -0.141622 0.954782
 0.194545 -0.127023 0.943448
 0.211954 -0.114806 0.933782
 0.179547 -0.102601 0.933856
 0.189851 -0.0959744 0.916773
 0.204769 -0.086381 0.892041
 0.210791 -0.0825086 0.882058
 0.166757 -0.0950286 0.909919
 0.166325 -0.0795861 0.897698
 0.190534 -0.0922367 0.880787
 0.205852 -0.103887 0.873089
 0.150753 -0.097525 0.888965
 0.150455 -0.0879601 0.88143
 0.176684 -0.101313 0.862818
 0.184624 -0.115397 0.865449
 0.134022 -0.113758 0.877136
 0.141102 -0.104941 0.872901
 0.16835 -0.101688 0.854828
 0.175664 -0.100815 0.849977
 0.154726 -0.103314 0.863864
 0.16357 -0.0946367 0.872124
 0.17843 -0.0859114 0.889243
 0.19731 -0.0911777 0.904407
