 -0.163666 -0.0836892 1.03141
 -0.133962 -0.116283 1.03171
 -0.122233 -0.0613396 1.03069
 -0.124214 -0.0397711 1.0134
 -0.125939 -0.0219429 0.998405
 -0.164173 -0.0356989 1.04805
 -0.156833 -0.029177 1.02946
 -0.138258 -0.0249021 1.00574
 -0.130702 -0.0232213 0.996198
 -0.180632 -0.0423257 1.03127
 -0.173753 -0.0362142 1.01385
 -0.156027 -0.0303023 0.987718
 -0.144591 -0.0264881 0.970857
 -0.20389 -0.0531012 1.0209
 -0.209345 -0.0441097 1.01476
 -0.219381 -0.0196722 0.992067
 -0.222276 -0.00886514 0.980103
 -0.212669 -0.0790688 1.01368
 -0.2231 -0.0733667 1.01156
 -0.222572 -0.0582848 0.982373
 -0.220326 -0.0551175 0.974453
 -0.222836 -0.0658258 0.996967
 -0.214363 -0.0318909 1.00341
 -0.16489 -0.0332582 1.00078
 -0.147545 -0.0270395 1.0176
