 -0.0887285 -0.145462 0.910213
 -0.0616477 -0.179003 0.919513
 -0.0495271 -0.125324 0.912144
 -0.0516763 -0.10541 0.892992
 -0.0539778 -0.0910333 0.874721
 -0.0845931 -0.0948498 0.911418
 -0.0779169 -0.094889 0.891486
 -0.0678191 -0.0951915 0.862777
 -0.0618546 -0.0964332 0.852109
 -0.110568 -0.101349 0.902647
 -0.126989 -0.0920205 0.897051
 -0.116685 -0.0921377 0.866621
 -0.102162 -0.0972035 0.852728
 -0.127152 -0.113222 0.897027
 -0.13242 -0.102405 0.895135
 -0.126574 -0.0927945 0.862178
 -0.123815 -0.0882904 0.846673
 -0.138168 -0.141982 0.893458
 -0.139881 -0.133593 0.884943
 -0.144545 -0.110765 0.861775
 -0.143414 -0.10777 0.853557
 -0.142213 -0.122179 0.873359
 -0.129497 -0.0975996 0.878657
 -0.121837 -0.0920791 0.881836
 -0.072868 -0.0950403 0.877131
