 0.127754 0.0462696 0.898384
 0.113889 0.00481723 0.89253
 0.172708 0.00970082 0.892159
 0.196089 0.022013 0.883803
 0.213401 0.0334975 0.873117
 0.171918 0.0676142 0.911578
 0.172783 0.0879912 0.906488
 0.180305 0.0969673 0.878397
 0.183461 0.0992732 0.86675
 0.153237 0.0881806 0.907038
 0.152869 0.107873 0.90674
 0.161422 0.107727 0.875773
 0.166955 0.106199 0.855856
 0.132708 0.098479 0.900147
 0.13634 0.110029 0.898819
 0.145638 0.111983 0.865316
 0.149117 0.109683 0.849476
 0.105109 0.0932699 0.894473
 0.108083 0.0970645 0.883402
 0.111454 0.065879 0.873618
 0.111391 0.0571061 0.874527
 0.109769 0.0814718 0.87851
 0.140989 0.111006 0.882068
 0.157146 0.1078 0.891256
 0.176544 0.0924793 0.892442
