 0.0213077 -0.137896 0.973628
 0.0355686 -0.178312 0.984021
 0.0631932 -0.130109 0.989206
 0.0734264 -0.109978 0.973142
 0.0820529 -0.0930069 0.9596
 0.0341853 -0.0907969 0.987629
 0.0433444 -0.0790997 0.972758
 0.0629593 -0.075738 0.949732
 0.0694069 -0.0857402 0.946681
 0.0174623 -0.0888825 0.967363
 0.0189637 -0.0745894 0.953892
 0.0241382 -0.0531475 0.930534
 0.0282482 -0.039908 0.915125
 0.000980116 -0.0959986 0.952479
 0.00283431 -0.0850683 0.947435
 0.0124814 -0.0570954 0.929072
 0.0188601 -0.0459269 0.918929
 -0.0158143 -0.119311 0.94179
 -0.0224099 -0.110738 0.936423
 -0.0163321 -0.0952945 0.908064
 -0.0147006 -0.0911489 0.900452
 -0.019371 -0.103016 0.922244
 0.00765785 -0.0710819 0.938253
 0.021551 -0.0638684 0.942213
 0.0531519 -0.0774189 0.961245
