 -0.145742 -0.113542 0.938611
 -0.12638 -0.152077 0.947828
 -0.105313 -0.100876 0.948057
 -0.105063 -0.0853134 0.925126
 -0.104851 -0.0721944 0.905796
 -0.131648 -0.0648445 0.941794
 -0.12411 -0.0657452 0.922192
 -0.102373 -0.085211 0.930843
 -0.105801 -0.0855467 0.942636
 -0.15649 -0.0662649 0.929237
 -0.166351 -0.0551111 0.916339
 -0.146577 -0.0647182 0.892912
 -0.133819 -0.0709164 0.877798
 -0.178503 -0.0764511 0.921253
 -0.184376 -0.0681556 0.914542
 -0.170695 -0.0710609 0.882649
 -0.16318 -0.0737695 0.868349
 -0.192628 -0.0997484 0.919945
 -0.191371 -0.0923359 0.910496
 -0.177407 -0.106302 0.884236
 -0.17513 -0.114786 0.885026
 -0.184389 -0.0993187 0.897366
 -0.177536 -0.0696083 0.898595
 -0.156464 -0.0599147 0.904625
 -0.113241 -0.0754781 0.926518
