 0.0305576 -0.137909 0.93604
 0.0365763 -0.181538 0.938299
 0.0624774 -0.14377 0.971151
 0.0800532 -0.122462 0.968891
 0.0960865 -0.107668 0.960532
 0.0382827 -0.0991083 0.9679
 0.0531849 -0.0850863 0.963084
 0.0814644 -0.0857689 0.951857
 0.0915145 -0.0913009 0.947462
 0.0278681 -0.0887955 0.943836
 0.0230994 -0.0712949 0.936155
 0.0237503 -0.0429685 0.921012
 0.0241702 -0.0246935 0.911242
 0.0194415 -0.089352 0.918745
 0.0178587 -0.0784649 0.913519
 0.0133332 -0.0473371 0.898575
 0.0112046 -0.0326958 0.891546
 0.0125175 -0.105367 0.899261
 0.00959504 -0.0944414 0.895031
 0.00164261 -0.064712 0.883518
 0.000379599 -0.0566745 0.880113
 0.00561883 -0.0795767 0.889274
 0.0155959 -0.062901 0.906047
 0.0234249 -0.0571317 0.928584
 0.0673246 -0.0854276 0.95747
