 -0.0652068 -0.0206286 1.08925
 -0.0618905 -0.0645205 1.08654
 -0.019116 -0.0282725 1.08234
 -0.00444319 -0.00636422 1.07381
 0.0066837 0.0116799 1.06399
 -0.0341414 0.016665 1.10423
 -0.0370673 0.0360791 1.09672
 -0.041182 0.0641095 1.0856
 -0.0358984 0.0606992 1.07504
 -0.0561594 0.028769 1.09556
 -0.0575826 0.0481788 1.09252
 -0.0579684 0.0788286 1.08289
 -0.0537325 0.0919181 1.06739
 -0.0777237 0.0293542 1.08583
 -0.0752095 0.041045 1.08351
 -0.0656477 0.0712442 1.06905
 -0.0605969 0.0840358 1.06015
 -0.102926 0.0139131 1.07824
 -0.104676 0.0236049 1.07125
 -0.108101 0.04878 1.05042
 -0.10902 0.055537 1.04482
 -0.106389 0.0361924 1.06084
 -0.0704286 0.0561446 1.07628
 -0.0577755 0.0635037 1.0877
 -0.0391247 0.0500943 1.09116
