 -0.180548 -0.0704035 0.980851
 -0.161078 -0.108592 0.991214
 -0.145287 -0.0566065 1.00163
 -0.143079 -0.0425851 0.977826
 -0.141218 -0.0307652 0.95776
 -0.169423 -0.0214329 0.988487
 -0.174908 -0.00131931 0.985795
 -0.182848 0.0278012 0.981897
 -0.185081 0.0394587 0.978729
 -0.193441 -0.0224067 0.974538
 -0.205982 -0.00889677 0.967595
 -0.225259 0.0131306 0.954352
 -0.236092 0.0271428 0.943587
 -0.21427 -0.0343307 0.962173
 -0.222566 -0.0267057 0.957548
 -0.246285 -0.0049048 0.944325
 -0.257227 0.00535493 0.937744
 -0.224539 -0.0574716 0.955659
 -0.227696 -0.0459202 0.954108
 -0.234215 -0.0146375 0.946458
 -0.235917 -0.00624943 0.944329
 -0.230956 -0.0302789 0.950283
 -0.234425 -0.0158053 0.950936
 -0.21562 0.00211694 0.960973
 -0.178878 0.0132409 0.983846
