 0.109066 0.0927085 0.909161
 0.0998288 0.0500044 0.903174
 0.154962 0.0627595 0.884841
 0.17457 0.0762829 0.870675
 0.187213 0.087902 0.854833
 0.149891 0.118546 0.924845
 0.154951 0.13764 0.917656
 0.162652 0.16461 0.905842
 0.166491 0.173159 0.897899
 0.132266 0.136587 0.916974
 0.13742 0.154779 0.911453
 0.145826 0.18445 0.902448
 0.153017 0.197091 0.887679
 0.110963 0.144396 0.911199
 0.116575 0.155205 0.911128
 0.133425 0.185423 0.907165
 0.141868 0.197198 0.899525
 0.0821666 0.13714 0.902892
 0.0833176 0.148953 0.900667
 0.0885977 0.178838 0.888073
 0.0900203 0.186853 0.884677
 0.0859577 0.163895 0.89437
 0.125 0.170314 0.909146
 0.141623 0.169615 0.90695
 0.158802 0.151125 0.911749
