 -0.144575 -0.0898296 0.946918
 -0.13726 -0.119537 0.978679
 -0.117942 -0.0680121 0.972996
 -0.107858 -0.046496 0.958733
 -0.0972223 -0.0505082 0.938323
 -0.128974 -0.0422755 0.938235
 -0.117694 -0.0355237 0.921831
 -0.101364 -0.0257484 0.898083
 -0.0943016 -0.0357742 0.898812
 -0.142923 -0.0473818 0.918487
 -0.141492 -0.0325411 0.905614
 -0.139157 -0.00833628 0.884618
 -0.124798 -0.00746522 0.869697
 -0.159029 -0.0620854 0.905491
 -0.159451 -0.0523755 0.898149
 -0.160656 -0.0246135 0.87716
 -0.161223 -0.0115553 0.867288
 -0.172939 -0.0895707 0.902958
 -0.173255 -0.0798646 0.895781
 -0.155864 -0.0689733 0.870119
 -0.148932 -0.0725388 0.865992
 -0.16456 -0.074419 0.88295
 -0.160054 -0.0384945 0.887655
 -0.140325 -0.0204387 0.895116
 -0.109529 -0.030636 0.909957
