 0.0681856 -0.133133 0.812967
 0.0578757 -0.169019 0.836435
 0.0524695 -0.116062 0.855251
 0.0671791 -0.0939932 0.863293
 0.0817544 -0.0772069 0.870475
 0.0499938 -0.085782 0.810296
 0.0601683 -0.0736968 0.796428
 0.074899 -0.0561997 0.776351
 0.0819503 -0.0486919 0.769655
 0.0684351 -0.0856776 0.793844
 0.0696329 -0.0678013 0.785658
 0.0715864 -0.0386455 0.772307
 0.0776217 -0.0189803 0.769764
 0.0874013 -0.096763 0.781382
 0.0881419 -0.0857094 0.77632
 0.0902595 -0.0541056 0.761848
 0.0913626 -0.0391932 0.755161
 0.104226 -0.122362 0.776606
 0.111157 -0.114982 0.770025
 0.137351 -0.0953568 0.772916
 0.144382 -0.0900886 0.773691
 0.124254 -0.10517 0.77147
 0.0892007 -0.0699075 0.769084
 0.0706097 -0.0532234 0.778982
 0.0675336 -0.0649483 0.786389
