 0.0475056 -0.00809584 0.939353
 0.0458493 -0.0521435 0.940722
 0.0875928 -0.019434 0.9241
 0.0934177 4.88625e-005 0.905271
 0.0946052 0.0149076 0.887282
 0.0848201 0.0261133 0.935163
 0.0852297 0.0332443 0.915393
 0.0807619 0.02541 0.886326
 0.0784709 0.020251 0.875414
 0.0620267 0.0331138 0.929883
 0.0603239 0.0325683 0.910266
 0.0573644 0.0300446 0.878376
 0.0554551 0.0284164 0.857801
 0.0377496 0.0389388 0.931213
 0.0386183 0.0450748 0.920727
 0.0384969 0.0542392 0.887131
 0.0384398 0.0585498 0.871328
 0.0116026 0.0299016 0.941413
 0.00832232 0.040839 0.937487
 -0.00060368 0.070601 0.926801
 -0.00291182 0.0775192 0.921841
 0.00385932 0.05572 0.932144
 0.0385576 0.049657 0.903929
 0.0588441 0.0313065 0.894321
 0.0829958 0.0293272 0.900859
