 0.105543 0.0518512 0.857628
 0.130922 0.0166585 0.865515
 0.140661 0.0702748 0.87534
 0.141218 0.0843543 0.851476
 0.141703 0.0944672 0.830421
 0.108469 0.101258 0.869057
 0.11764 0.10563 0.850654
 0.134605 0.109403 0.82567
 0.142119 0.110409 0.816003
 0.0928491 0.0949811 0.850539
 0.100226 0.0998342 0.832931
 0.117658 0.104171 0.806296
 0.13597 0.0946065 0.807964
 0.068968 0.0837808 0.838398
 0.062854 0.0909563 0.830686
 0.0599771 0.107877 0.800385
 0.0591065 0.11565 0.785993
 0.0601951 0.0593366 0.832637
 0.0592561 0.0690263 0.825493
 0.0613181 0.0922036 0.802294
 0.0618724 0.0984245 0.796066
 0.0602871 0.0806149 0.813893
 0.0614155 0.0994166 0.815535
 0.108942 0.102002 0.819613
 0.126122 0.107517 0.838162
