 0.00926298 -0.098635 0.75391
 0.00380933 -0.140458 0.766792
 0.0512727 -0.114334 0.753932
 0.0549097 -0.108198 0.727152
 0.0579756 -0.103026 0.704576
 0.0486085 -0.0665365 0.752563
 0.0535472 -0.0723201 0.732966
 0.0600926 -0.0827944 0.705151
 0.0619135 -0.0894275 0.694972
 0.0291914 -0.061667 0.73857
 0.0336032 -0.0678293 0.720388
 0.0424425 -0.0848628 0.694622
 0.0483429 -0.0968162 0.678751
 0.00474184 -0.0601743 0.729903
 0.00730501 -0.0627824 0.718285
 0.0122362 -0.0961702 0.726868
 0.0122329 -0.107232 0.738949
 -0.0224129 -0.0621604 0.733827
 -0.0197049 -0.065912 0.722674
 -0.0124017 -0.077318 0.692737
 -0.0107922 -0.0833777 0.686534
 -0.0160533 -0.071615 0.707706
 0.0097706 -0.0794763 0.722577
 0.0380228 -0.076346 0.707505
 0.0568199 -0.0775572 0.719059
