 -0.168955 -0.115616 0.990969
 -0.169066 -0.159459 0.995726
 -0.128175 -0.122949 1.00316
 -0.122724 -0.107245 0.980984
 -0.119932 -0.0958731 0.960768
 -0.134047 -0.0791692 0.996737
 -0.128749 -0.0601751 0.989454
 -0.122655 -0.0723169 0.96222
 -0.120195 -0.077218 0.951227
 -0.158156 -0.0670566 0.988619
 -0.164943 -0.0490111 0.98458
 -0.175605 -0.0197736 0.976604
 -0.172205 -0.0167335 0.956385
 -0.178005 -0.0751353 0.974483
 -0.174746 -0.0764096 0.962816
 -0.179307 -0.110908 0.964154
 -0.183735 -0.12298 0.974301
 -0.20494 -0.0802792 0.977059
 -0.20165 -0.0693768 0.973044
 -0.192481 -0.0401674 0.961112
 -0.189774 -0.0330863 0.956604
 -0.197065 -0.0547721 0.967078
 -0.177027 -0.0936588 0.963485
 -0.170274 -0.0343923 0.980592
 -0.125702 -0.066246 0.975837
