 0.00582109 -0.196179 0.905951
 0.00197639 -0.229735 0.877595
 0.0472232 -0.203875 0.896176
 0.0664291 -0.187971 0.90827
 0.0826197 -0.174565 0.918465
 0.0449297 -0.171273 0.926696
 0.0447212 -0.157501 0.910816
 0.0532309 -0.179521 0.891608
 0.0533528 -0.187569 0.900889
 0.0229993 -0.160511 0.926768
 0.022877 -0.147739 0.911772
 0.0221543 -0.13869 0.880955
 0.0214731 -0.139774 0.860267
 -0.00256776 -0.15757 0.926718
 -0.00264507 -0.149703 0.91742
 0.00651157 -0.16664 0.888402
 0.0108185 -0.174607 0.874753
 -0.0282921 -0.166037 0.931735
 -0.0282677 -0.158005 0.922718
 -0.038496 -0.181307 0.901933
 -0.0385634 -0.187286 0.908417
 -0.0333818 -0.169656 0.912326
 0.00193325 -0.158172 0.902911
 0.0225156 -0.143215 0.896363
 0.0489761 -0.168511 0.901212
