 0.13717 0.0249052 0.890646
 0.117636 -0.00786785 0.912763
 0.170066 0.00972929 0.914184
 0.183829 0.00990009 0.89013
 0.192213 0.0078803 0.868418
 0.184007 0.0445541 0.889945
 0.18861 0.0523184 0.870961
 0.196827 0.051755 0.841663
 0.197905 0.0395174 0.841693
 0.172228 0.0562503 0.871665
 0.185575 0.0638807 0.859351
 0.186733 0.0371916 0.841505
 0.184272 0.0184004 0.833112
 0.151174 0.064596 0.860344
 0.15882 0.0728436 0.855668
 0.168004 0.0507119 0.830398
 0.166657 0.0360884 0.823142
 0.121211 0.0591907 0.854495
 0.12433 0.0514452 0.845772
 0.120986 0.0264191 0.8668
 0.118562 0.0280097 0.87513
 0.122658 0.0389321 0.856286
 0.163412 0.0617777 0.843033
 0.186154 0.0505361 0.850428
 0.192718 0.0520367 0.856312
