 0.115122 0.087523 0.90632
 0.105091 0.0446233 0.90827
 0.159054 0.0557009 0.887824
 0.179177 0.0676578 0.872986
 0.193696 0.0777487 0.857716
 0.157659 0.114562 0.91262
 0.162174 0.133791 0.905427
 0.169376 0.159255 0.890394
 0.172369 0.169047 0.883607
 0.139699 0.13202 0.905841
 0.14546 0.150324 0.901392
 0.155572 0.178043 0.888682
 0.162264 0.194842 0.878553
 0.116454 0.13948 0.901709
 0.12078 0.150865 0.901537
 0.13494 0.175368 0.881244
 0.14139 0.185059 0.869721
 0.087772 0.131036 0.89654
 0.0926563 0.141551 0.893166
 0.106305 0.167324 0.87803
 0.109966 0.17388 0.873403
 0.0994806 0.154438 0.885598
 0.12786 0.163116 0.891391
 0.150516 0.164183 0.895037
 0.165775 0.146523 0.897911
