 0.0106024 -0.099988 0.928756
 0.00145932 -0.141009 0.942117
 0.0548155 -0.128363 0.924638
 0.0649909 -0.122092 0.899634
 0.0735687 -0.116805 0.878556
 0.0524959 -0.0712814 0.927726
 0.0525999 -0.0589314 0.910716
 0.0544779 -0.046929 0.882811
 0.0552509 -0.0421397 0.871525
 0.032651 -0.0586198 0.913939
 0.0336233 -0.0474304 0.897757
 0.0352142 -0.0291993 0.871351
 0.0362406 -0.0174372 0.854316
 0.00958825 -0.051953 0.907818
 0.0119476 -0.0419954 0.901212
 0.0207245 -0.0412102 0.867521
 0.0248529 -0.0408408 0.851674
 -0.017562 -0.0613358 0.907547
 -0.0122295 -0.055999 0.898119
 0.00208876 -0.0429494 0.871579
 0.00593208 -0.0394475 0.864455
 -0.00507036 -0.0494742 0.884849
 0.0163361 -0.0416028 0.884367
 0.0344187 -0.0383148 0.884554
 0.0535389 -0.0529302 0.896763
