 -0.0855027 -0.00576458 1.09119
 -0.0696054 -0.0448986 1.07852
 -0.0318038 -0.0132462 1.11062
 -0.0220088 0.012558 1.10812
 -0.0213125 0.0283589 1.09093
 -0.0690398 0.031216 1.12188
 -0.0593812 0.0404032 1.10562
 -0.0356551 0.0285608 1.09069
 -0.026485 0.0213571 1.08682
 -0.0887701 0.04031 1.10938
 -0.0864654 0.0593703 1.10498
 -0.0827064 0.0904571 1.09779
 -0.0802719 0.110508 1.09314
 -0.111271 0.0387277 1.09785
 -0.112412 0.0507114 1.0997
 -0.110447 0.0853065 1.09623
 -0.105414 0.0983658 1.08772
 -0.129068 0.0211683 1.08053
 -0.130121 0.0313848 1.07418
 -0.132986 0.059185 1.0569
 -0.131955 0.0657611 1.05111
 -0.131554 0.0452849 1.06554
 -0.11143 0.0680089 1.09797
 -0.0845859 0.0749137 1.10138
 -0.0475182 0.034482 1.09815
