 -0.109742 -0.0923461 0.957755
 -0.101244 -0.1334 0.971435
 -0.0688329 -0.0884124 0.980122
 -0.057981 -0.0703866 0.962085
 -0.0488329 -0.0551909 0.946879
 -0.0873086 -0.0472234 0.964148
 -0.0916383 -0.0277702 0.957462
 -0.0949011 -0.000867403 0.943611
 -0.094782 0.00900691 0.936303
 -0.106817 -0.0418646 0.949954
 -0.106883 -0.0225342 0.946167
 -0.106991 0.00899314 0.939991
 -0.10705 0.0293304 0.93599
 -0.127632 -0.048243 0.937151
 -0.127673 -0.0362903 0.934809
 -0.127747 -0.00212838 0.928049
 -0.127709 0.0139185 0.924763
 -0.147157 -0.0706482 0.928321
 -0.152866 -0.0616134 0.9227
 -0.159782 -0.0412139 0.897888
 -0.159218 -0.0376006 0.889862
 -0.156324 -0.0514137 0.910294
 -0.12771 -0.0192093 0.931429
 -0.106937 -0.00677053 0.943079
 -0.0932697 -0.0143188 0.950537
