 -0.14007 -0.0570699 1.02544
 -0.151099 -0.0962118 1.0425
 -0.0997283 -0.0820998 1.02434
 -0.0877072 -0.0777003 0.999756
 -0.0783053 -0.0744471 0.978618
 -0.0975772 -0.0292569 1.02444
 -0.0938851 -0.0243024 1.00435
 -0.0885397 -0.0171294 0.975258
 -0.0863428 -0.0144102 0.963481
 -0.116557 -0.0176388 1.00799
 -0.115534 -0.00752464 0.99112
 -0.108625 -0.010494 0.959886
 -0.102578 -0.0249889 0.94636
 -0.136467 -0.0158095 0.997316
 -0.130759 -0.0122203 0.987173
 -0.117267 -0.0169253 0.955415
 -0.114133 -0.0268932 0.942801
 -0.165711 -0.0206246 0.99803
 -0.159308 -0.0145681 0.989776
 -0.146525 -0.0210181 0.960202
 -0.143298 -0.0232567 0.952305
 -0.152916 -0.0177931 0.974989
 -0.124013 -0.0145728 0.971294
 -0.11208 -0.0090093 0.975503
 -0.0912124 -0.0207159 0.989803
