 -0.090509 0.0355513 1.06688
 -0.103617 -0.00655508 1.06665
 -0.0638031 0.0113364 1.02942
 -0.0465547 0.0255839 1.01306
 -0.0342523 0.0379483 0.997518
 -0.0456217 0.0589893 1.06288
 -0.0368457 0.0762302 1.05466
 -0.0263692 0.0986402 1.03693
 -0.0230352 0.106508 1.0281
 -0.0632306 0.0784192 1.06543
 -0.0579597 0.0973975 1.06519
 -0.0498076 0.128238 1.06138
 -0.0467862 0.144472 1.04885
 -0.085045 0.0870413 1.06687
 -0.0791785 0.0974962 1.06471
 -0.0624663 0.127356 1.05825
 -0.0548949 0.141208 1.05388
 -0.115165 0.0814729 1.07139
 -0.111198 0.0928778 1.07141
 -0.100654 0.123931 1.06937
 -0.0978241 0.132267 1.06882
 -0.105926 0.108405 1.07039
 -0.0708224 0.112426 1.06148
 -0.0538837 0.112818 1.06329
 -0.0316074 0.0874352 1.04579
