 -0.0727479 -0.0718926 0.974263
 -0.0652553 -0.115203 0.977851
 -0.0332864 -0.072432 0.992559
 -0.0254069 -0.0512433 0.976528
 -0.0195323 -0.0345766 0.961246
 -0.0466118 -0.0300254 0.986272
 -0.0428494 -0.0109232 0.978346
 -0.0328575 0.00831799 0.956987
 -0.0280894 0.0131593 0.946753
 -0.0709263 -0.0221144 0.974508
 -0.0798121 -0.00540938 0.969031
 -0.0943045 0.0218361 0.960098
 -0.103004 0.0392982 0.953098
 -0.094871 -0.0250812 0.963881
 -0.10055 -0.0146398 0.96122
 -0.116787 0.0152135 0.953612
 -0.124424 0.0292553 0.950033
 -0.112323 -0.0430595 0.955835
 -0.111876 -0.0309941 0.956011
 -0.110645 0.0018375 0.956457
 -0.110238 0.010648 0.956412
 -0.11126 -0.0145783 0.956234
 -0.108668 0.000286829 0.957416
 -0.0870583 0.00821334 0.964565
 -0.0378535 -0.00130259 0.967667
