 -0.100761 0.0227604 1.04333
 -0.0824471 -0.0172135 1.03994
 -0.0620189 0.0217963 1.07628
 -0.0503498 0.0455861 1.06816
 -0.0403897 0.0647064 1.05916
 -0.0993167 0.0598674 1.07799
 -0.0848677 0.0709874 1.06753
 -0.0555672 0.0678713 1.05991
 -0.04496 0.0616742 1.05984
 -0.114122 0.0693481 1.05872
 -0.119855 0.0881892 1.0591
 -0.115695 0.119394 1.05269
 -0.105344 0.13568 1.04513
 -0.126636 0.0678667 1.03559
 -0.130652 0.0793565 1.03514
 -0.142136 0.112207 1.03384
 -0.147537 0.127659 1.03324
 -0.132794 0.0509628 1.01307
 -0.135878 0.0622905 1.0159
 -0.142357 0.0938305 1.02244
 -0.144096 0.102297 1.0242
 -0.139117 0.0780605 1.01917
 -0.136394 0.095782 1.03449
 -0.117775 0.103792 1.0559
 -0.0702174 0.0694293 1.06372
