 -0.153059 -0.062262 1.0051
 -0.117606 -0.0884414 1.00669
 -0.116082 -0.0323431 1.01276
 -0.114625 -0.0297957 0.985207
 -0.110447 -0.0526844 0.983097
 -0.166338 -0.0187426 1.02768
 -0.182143 -0.00761748 1.01942
 -0.205026 0.0084895 1.00745
 -0.213805 0.0152574 1.00216
 -0.180567 -0.0237392 1.00785
 -0.179313 -0.00923713 0.994575
 -0.15289 -0.0112741 0.976413
 -0.140131 -0.0271411 0.980295
 -0.19773 -0.0376865 0.995848
 -0.20542 -0.028245 0.996116
 -0.223124 0.0013224 0.991108
 -0.231153 0.0153403 0.9884
 -0.198415 -0.063705 0.979067
 -0.193442 -0.0574603 0.970007
 -0.163379 -0.0694732 0.964391
 -0.159332 -0.0760967 0.96858
 -0.17841 -0.0634667 0.967199
 -0.214272 -0.0134613 0.993612
 -0.166101 -0.0102556 0.985494
 -0.193585 0.00043601 1.01344
