 -0.0925764 0.0105801 0.963031
 -0.0853649 -0.0188792 0.931016
 -0.0500467 0.0149334 0.956893
 -0.0512015 0.0423487 0.960782
 -0.0606701 0.0631217 0.955818
 -0.0633087 0.0429897 0.988978
 -0.0669177 0.057824 0.974528
 -0.0708914 0.07776 0.951878
 -0.0681054 0.0786497 0.939946
 -0.0874119 0.0469771 0.988853
 -0.0907498 0.0612998 0.975748
 -0.0961949 0.0846482 0.954362
 -0.0997982 0.0986568 0.939517
 -0.115202 0.0439061 0.992519
 -0.120618 0.0547353 0.991195
 -0.133033 0.0848173 0.978799
 -0.138873 0.0989667 0.972969
 -0.134928 0.0261178 0.989527
 -0.136998 0.0346358 0.981223
 -0.142895 0.0433856 0.950105
 -0.144478 0.0457343 0.941753
 -0.139947 0.0390107 0.965664
 -0.126826 0.0697763 0.984997
 -0.0934724 0.072974 0.965055
 -0.0689045 0.067792 0.963203
