 -0.030376 -0.0848021 1.0357
 -0.0313202 -0.10227 1.07618
 0.0137136 -0.0844076 1.04828
 0.022161 -0.100896 1.02767
 0.0292792 -0.1148 1.0103
 0.00138658 -0.0538858 1.01089
 0.0127383 -0.0609871 0.994689
 0.0168839 -0.0874271 1.00918
 0.0185572 -0.0980998 1.01503
 -0.0141872 -0.0674196 0.997827
 -0.00407336 -0.0830243 0.99133
 0.0144403 -0.106866 1.00233
 0.0253257 -0.119727 1.0144
 -0.0348082 -0.0772882 0.987713
 -0.0281469 -0.0819987 0.978669
 -0.02093 -0.113555 0.99151
 -0.0188819 -0.127668 0.999568
 -0.0617136 -0.0877118 0.993911
 -0.0567568 -0.087893 0.982902
 -0.0422192 -0.117289 0.980862
 -0.0394564 -0.125365 0.983084
 -0.049488 -0.102591 0.981882
 -0.0245385 -0.0977766 0.985089
 0.00518348 -0.0949449 0.996829
 0.0148111 -0.0742071 1.00193
