 0.0469308 0.0513843 1.05496
 0.00762605 0.0339619 1.04514
 0.0581474 0.0116675 1.03941
 0.083066 0.0153466 1.02785
 0.103945 0.0186615 1.01791
 0.0940043 0.0328912 1.05968
 0.112668 0.0387268 1.05197
 0.136109 0.0471118 1.03446
 0.13957 0.0495576 1.02293
 0.0950186 0.0607376 1.06305
 0.10876 0.0748502 1.06293
 0.131172 0.0978673 1.06272
 0.140113 0.107109 1.04646
 0.0881075 0.0805033 1.06705
 0.0998755 0.0827248 1.06928
 0.131671 0.0911989 1.05787
 0.146626 0.0951848 1.05251
 0.0636903 0.0995966 1.06644
 0.0721089 0.108244 1.06604
 0.0950172 0.131774 1.06496
 0.101152 0.138077 1.0643
 0.083563 0.120009 1.0655
 0.115773 0.0869619 1.06357
 0.119966 0.0863587 1.06282
 0.124389 0.0429193 1.04322
