 -0.0575296 -0.0964963 1.01858
 -0.0661126 -0.138965 1.0268
 -0.0126426 -0.119655 1.02216
 0.0106885 -0.105044 1.01896
 0.0215967 -0.101835 0.998553
 -0.0226234 -0.0633434 1.03479
 -0.00995007 -0.0689627 1.01899
 0.0032926 -0.0867977 0.998182
 0.00289212 -0.0984869 0.994424
 -0.0345784 -0.0583836 1.01408
 -0.0226932 -0.0636245 0.999268
 -0.0305377 -0.0946512 0.99645
 -0.0401872 -0.11257 1.00038
 -0.0531627 -0.0580802 0.99627
 -0.0458199 -0.0613322 0.987112
 -0.0423664 -0.0930208 1.00113
 -0.0500494 -0.0968196 1.01509
 -0.0793876 -0.0600368 0.988085
 -0.0721077 -0.0632647 0.979008
 -0.0578848 -0.0926517 0.975302
 -0.0540669 -0.10054 0.974307
 -0.0649963 -0.0779582 0.977155
 -0.0440931 -0.0771765 0.994124
 -0.0266155 -0.0791378 0.997859
 -0.00332873 -0.0778802 1.00858
