 -0.0751974 -0.173127 0.939734
 -0.080556 -0.216503 0.933849
 -0.0621555 -0.188566 0.97791
 -0.0504149 -0.169185 0.993866
 -0.0404097 -0.15282 1.0072
 -0.0594984 -0.143999 0.978273
 -0.0550682 -0.124693 0.985311
 -0.0486487 -0.096742 0.995498
 -0.0460574 -0.0854594 0.99961
 -0.0639736 -0.127656 0.960284
 -0.0588204 -0.109692 0.966508
 -0.0504155 -0.0803924 0.976659
 -0.0383107 -0.0639094 0.980035
 -0.0652786 -0.130477 0.931076
 -0.0538113 -0.13135 0.927064
 -0.053788 -0.165365 0.934529
 -0.0688599 -0.167594 0.940543
 -0.0825295 -0.130985 0.909611
 -0.0822104 -0.119221 0.90691
 -0.0745069 -0.0887313 0.897387
 -0.072439 -0.0805469 0.894831
 -0.0783586 -0.103976 0.902148
 -0.0537997 -0.148357 0.930797
 -0.054618 -0.095042 0.971584
 -0.0518584 -0.110717 0.990404
