 -0.179093 -0.0816146 0.961655
 -0.155545 -0.118368 0.955368
 -0.141313 -0.0725443 0.983502
 -0.137198 -0.04614 0.976158
 -0.13358 -0.0255653 0.965699
 -0.176482 -0.0426657 0.994157
 -0.163954 -0.0323534 0.980793
 -0.143819 -0.0231254 0.95992
 -0.135275 -0.0261926 0.951642
 -0.1941 -0.0372804 0.97416
 -0.196189 -0.0208534 0.963492
 -0.17429 -0.00800366 0.943809
 -0.160161 0.000286492 0.93111
 -0.203295 -0.045194 0.952703
 -0.196037 -0.0392189 0.94496
 -0.175283 -0.0221351 0.92282
 -0.161075 -0.0205252 0.91483
 -0.221061 -0.0606911 0.938461
 -0.220702 -0.0487041 0.937051
 -0.219727 -0.0160859 0.933213
 -0.219465 -0.0073302 0.932183
 -0.220214 -0.032395 0.935132
 -0.18566 -0.030677 0.93389
 -0.185239 -0.0144285 0.953651
 -0.153887 -0.0277394 0.970356
