 0.09918 0.0381899 0.894232
 0.0758406 0.0098279 0.918639
 0.127991 -0.00682752 0.900022
 0.140681 -0.0165492 0.877384
 0.149147 -0.0254476 0.857511
 0.147466 0.0539585 0.894225
 0.152959 0.0628153 0.875969
 0.162307 0.0640483 0.847033
 0.164565 0.0531829 0.841763
 0.13547 0.0671424 0.874077
 0.143842 0.0801627 0.861895
 0.151563 0.0563539 0.841754
 0.153376 0.037347 0.833688
 0.118012 0.0729054 0.860619
 0.126541 0.0799831 0.855567
 0.137604 0.0566406 0.832212
 0.139791 0.0432366 0.823054
 0.0880626 0.0691411 0.853544
 0.0910516 0.0604728 0.845687
 0.085788 0.0350224 0.865792
 0.0832852 0.0398336 0.872748
 0.0884198 0.0477476 0.85574
 0.132072 0.0683119 0.843889
 0.147702 0.0682583 0.851825
 0.157633 0.0634318 0.861501
