 -0.0914782 -0.152893 0.907599
 -0.0544675 -0.176849 0.906532
 -0.0536859 -0.120304 0.913134
 -0.0556071 -0.103399 0.891257
 -0.055084 -0.0986087 0.868397
 -0.106967 -0.112273 0.933872
 -0.10243 -0.0971533 0.91999
 -0.0784948 -0.113249 0.91028
 -0.0730041 -0.123967 0.912708
 -0.12429 -0.115905 0.916686
 -0.132735 -0.0986128 0.912483
 -0.110531 -0.0931749 0.889909
 -0.096206 -0.0896666 0.875346
 -0.137873 -0.130655 0.901266
 -0.146307 -0.121994 0.902755
 -0.134337 -0.100359 0.878232
 -0.128707 -0.0901821 0.866697
 -0.13714 -0.15504 0.882154
 -0.139527 -0.144468 0.876831
 -0.141836 -0.116605 0.859569
 -0.142362 -0.109155 0.854878
 -0.140682 -0.130537 0.8682
 -0.140322 -0.111176 0.890493
 -0.121633 -0.0958938 0.901196
 -0.0904624 -0.105201 0.915135
