 -0.188878 -0.130557 1.04344
 -0.169793 -0.170114 1.04741
 -0.142749 -0.120803 1.04721
 -0.137673 -0.100341 1.02922
 -0.133394 -0.0830925 1.01406
 -0.176382 -0.0833314 1.05736
 -0.16675 -0.0803727 1.03891
 -0.144696 -0.0865527 1.01887
 -0.134922 -0.0939376 1.01795
 -0.198151 -0.0810332 1.04305
 -0.202699 -0.0638906 1.03448
 -0.204343 -0.0391044 1.01411
 -0.205257 -0.0232199 1.00083
 -0.218217 -0.0894907 1.03103
 -0.220687 -0.0782151 1.02715
 -0.227749 -0.0459769 1.01603
 -0.228955 -0.0317868 1.00794
 -0.233648 -0.113532 1.02239
 -0.239297 -0.104816 1.01624
 -0.25467 -0.0810957 0.999484
 -0.258792 -0.0747294 0.994982
 -0.246984 -0.0929557 1.00786
 -0.224218 -0.062096 1.02159
 -0.203521 -0.0514975 1.0243
 -0.155723 -0.0834627 1.02889
