 0.157015 -0.0521506 0.899933
 0.127193 -0.0779663 0.919656
 0.180548 -0.0873509 0.908453
 0.202511 -0.0861019 0.891598
 0.206209 -0.0838109 0.868644
 0.206145 -0.0570424 0.887993
 0.211357 -0.0447263 0.871775
 0.218607 -0.0274126 0.847818
 0.221534 -0.0204238 0.838148
 0.200164 -0.0348954 0.878747
 0.215097 -0.0282193 0.867772
 0.23827 -0.018629 0.847693
 0.252775 -0.0128993 0.83404
 0.176448 -0.0190703 0.870697
 0.175588 -0.0192014 0.858548
 0.159862 -0.0502393 0.859997
 0.153882 -0.0630359 0.86829
 0.155834 -0.00403697 0.879421
 0.152767 -0.00868095 0.868705
 0.138877 -0.037095 0.877612
 0.140336 -0.0353259 0.886128
 0.145822 -0.022888 0.873158
 0.167725 -0.0347203 0.859273
 0.226684 -0.0234241 0.857732
 0.214982 -0.0360694 0.859796
