 -0.0624666 -0.146661 1.02618
 -0.0684882 -0.187749 1.04102
 -0.0202739 -0.162902 1.02804
 -0.0051571 -0.150582 1.00835
 0.00758624 -0.140197 0.991746
 -0.0232373 -0.114404 1.02532
 -0.0141669 -0.109222 1.00708
 -0.00272081 -0.110796 0.978922
 -1.28534e-005 -0.116917 0.968621
 -0.0450353 -0.102136 1.01242
 -0.0485223 -0.0859739 1.00171
 -0.0448204 -0.080375 0.970297
 -0.0400713 -0.0840818 0.950465
 -0.0665791 -0.098701 1.00537
 -0.0644479 -0.0873759 1.00142
 -0.0530007 -0.08063 0.969235
 -0.0487421 -0.0880128 0.955247
 -0.0930751 -0.111576 1.00232
 -0.0876905 -0.105355 0.993483
 -0.0829113 -0.126476 0.968771
 -0.0856212 -0.134788 0.969939
 -0.0853009 -0.115916 0.981127
 -0.0587243 -0.0840029 0.98533
 -0.0466714 -0.0831745 0.986006
 -0.00844387 -0.110009 0.993
