 0.05998 -0.0817313 0.94832
 0.0627288 -0.125542 0.952545
 0.0862028 -0.0854999 0.98274
 0.101685 -0.0643949 0.973633
 0.11484 -0.0482126 0.963103
 0.0795601 -0.0421471 0.973418
 0.0855327 -0.0277849 0.959278
 0.0941802 -0.00699185 0.938806
 0.0976709 0.00140144 0.930542
 0.066113 -0.0314667 0.955644
 0.0676151 -0.0118989 0.957334
 0.0700651 0.0200155 0.960091
 0.0716457 0.0406055 0.96187
 0.0475809 -0.0332875 0.931382
 0.0442256 -0.0224995 0.926831
 0.0543366 0.00117849 0.903382
 0.0590925 0.0123157 0.892353
 0.0351081 -0.0496979 0.91527
 0.0392525 -0.0386168 0.912854
 0.05053 -0.0084634 0.90628
 0.0535837 -0.000383935 0.904494
 0.0448913 -0.0235401 0.909567
 0.0492811 -0.0106605 0.915107
 0.0688401 0.0040583 0.958713
 0.0898564 -0.0173884 0.949042
