 -0.0795494 -0.00498841 0.916471
 -0.0921124 -0.0276109 0.952182
 -0.0352385 -0.0331989 0.938791
 -0.0309642 -0.0556924 0.923176
 -0.0283349 -0.0749867 0.910268
 -0.0424193 0.0282015 0.906472
 -0.0316514 0.0382575 0.891479
 -0.0151952 0.0132156 0.886155
 -0.0137333 0.00156992 0.889783
 -0.0521886 0.0211409 0.885003
 -0.037517 0.0182846 0.872174
 -0.0304684 -0.0125 0.87807
 -0.0289981 -0.032084 0.884696
 -0.0710693 0.00472765 0.873715
 -0.0637394 -0.00443625 0.870452
 -0.0635163 -0.0159594 0.903313
 -0.0681504 -0.0148071 0.918982
 -0.0970758 -0.00165884 0.86729
 -0.0898089 -0.0107541 0.864085
 -0.0852644 -0.0267864 0.892403
 -0.0904305 -0.0209526 0.896535
 -0.0875366 -0.0187702 0.878244
 -0.0636279 -0.0101978 0.886883
 -0.0339927 0.00289232 0.875122
 -0.0234233 0.0257365 0.888817
