 -0.0793512 -0.134054 0.962984
 -0.0782822 -0.175259 0.978663
 -0.06254 -0.127771 1.00227
 -0.056236 -0.101774 1.00952
 -0.0508759 -0.079856 1.01557
 -0.0666983 -0.0884741 0.981493
 -0.0691603 -0.0719006 0.968799
 -0.0727249 -0.0479054 0.95042
 -0.0703543 -0.0392613 0.942019
 -0.0757755 -0.0840731 0.956396
 -0.0771719 -0.0668998 0.946849
 -0.0790545 -0.0389445 0.93113
 -0.0776626 -0.0214432 0.920113
 -0.0835671 -0.0902008 0.935136
 -0.0818258 -0.0786238 0.931775
 -0.0768472 -0.0455237 0.922166
 -0.0745055 -0.0299546 0.917647
 -0.0942444 -0.112578 0.917662
 -0.0925171 -0.100833 0.915455
 -0.0868668 -0.069095 0.9091
 -0.0818166 -0.062463 0.906218
 -0.089692 -0.084964 0.912278
 -0.0793365 -0.0620737 0.926971
 -0.0781132 -0.0529221 0.93899
 -0.0709426 -0.059903 0.95961
