 -0.0350547 -0.0923597 1.02163
 -0.0355226 -0.100829 1.06491
 0.00530084 -0.116589 1.02942
 0.0191502 -0.125784 1.00725
 0.030814 -0.133548 0.988556
 0.00143134 -0.084253 0.987232
 0.00596095 -0.0885744 0.967165
 0.00446078 -0.118416 0.972948
 0.00366344 -0.130254 0.976133
 -0.0208323 -0.0905637 0.978648
 -0.0203433 -0.109438 0.973032
 -0.0189714 -0.141171 0.968209
 -0.0163674 -0.144151 0.988554
 -0.046332 -0.0936534 0.978363
 -0.0459232 -0.105577 0.975909
 -0.0429606 -0.140203 0.97368
 -0.0415671 -0.15649 0.972632
 -0.0720809 -0.0866389 0.985114
 -0.0705585 -0.0966549 0.978544
 -0.0772777 -0.115004 1.00496
 -0.0793936 -0.114898 1.01352
 -0.0739181 -0.105829 0.991752
 -0.0444419 -0.12289 0.974795
 -0.0196574 -0.125304 0.97062
 0.00521087 -0.103495 0.970056
