 -0.0602656 0.0170675 0.978439
 -0.0588652 -0.0172966 1.00604
 -0.00139904 -0.00323631 0.992852
 0.0220039 0.00793965 0.983083
 0.0415076 0.0170804 0.974035
 -0.0256803 0.049118 0.95955
 -0.0209222 0.061529 0.943264
 -0.01394 0.0786133 0.919065
 -0.0111215 0.0855095 0.909297
 -0.0469094 0.0559131 0.948208
 -0.0434539 0.0685794 0.933523
 -0.0378006 0.0891196 0.909476
 -0.0340742 0.101811 0.893518
 -0.0716815 0.054982 0.944947
 -0.0692575 0.0637776 0.936877
 -0.0614925 0.0828668 0.908805
 -0.0577894 0.0912838 0.89525
 -0.0984375 0.0411554 0.951986
 -0.0980398 0.048381 0.94232
 -0.0956812 0.0599901 0.911672
 -0.095048 0.0631057 0.903445
 -0.0968605 0.0541856 0.926996
 -0.065375 0.0733222 0.922841
 -0.0406273 0.0788495 0.921499
 -0.0174311 0.0700712 0.931165
