 0.140637 -0.181464 0.892309
 0.132177 -0.183245 0.935553
 0.170253 -0.154159 0.907902
 0.189398 -0.162655 0.889753
 0.205464 -0.170209 0.874568
 0.17371 -0.155929 0.863424
 0.183154 -0.17063 0.851738
 0.197144 -0.192122 0.835348
 0.204141 -0.201494 0.831588
 0.157981 -0.172127 0.846569
 0.156323 -0.176145 0.827356
 0.17746 -0.200235 0.8296
 0.191131 -0.214006 0.836884
 0.146713 -0.192761 0.845458
 0.15572 -0.199383 0.840623
 0.15767 -0.218118 0.869914
 0.158507 -0.226871 0.883734
 0.120474 -0.204954 0.850134
 0.128451 -0.21394 0.851325
 0.131221 -0.207241 0.883373
 0.126232 -0.200525 0.886165
 0.129836 -0.210591 0.867349
 0.156695 -0.20875 0.855269
 0.166891 -0.18819 0.828478
 0.190149 -0.181376 0.843543
