 -0.0912221 0.0408248 0.996081
 -0.0907363 0.0221862 1.03605
 -0.0365331 0.0361209 1.01693
 -0.0143253 0.0447781 1.00279
 0.00439573 0.052076 0.990868
 -0.0589403 0.0700443 0.969922
 -0.0516464 0.0543414 0.958001
 -0.0382292 0.0402167 0.981383
 -0.0360885 0.0406856 0.993471
 -0.0763728 0.0581476 0.957634
 -0.067965 0.0420429 0.950021
 -0.0728887 0.0264104 0.977652
 -0.0796518 0.0248634 0.997184
 -0.0986717 0.0463994 0.952426
 -0.0934728 0.0364413 0.947718
 -0.0817046 0.0276583 0.979295
 -0.0886962 0.0410503 0.985626
 -0.125482 0.0416259 0.95655
 -0.120328 0.0317536 0.951883
 -0.118076 0.00335063 0.968249
 -0.121357 0.00282634 0.976419
 -0.119202 0.0175521 0.960066
 -0.0875887 0.0320498 0.963507
 -0.0704269 0.0342267 0.963837
 -0.0449378 0.047279 0.969692
