 0.133857 -0.14978 0.862666
 0.120288 -0.128746 0.898973
 0.169576 -0.128233 0.873859
 0.191971 -0.131327 0.85783
 0.210851 -0.133972 0.844326
 0.177555 -0.151882 0.836852
 0.180119 -0.171165 0.828884
 0.18603 -0.200852 0.825722
 0.188965 -0.212698 0.827131
 0.162659 -0.166798 0.823953
 0.172613 -0.174099 0.808603
 0.18506 -0.200893 0.821225
 0.187168 -0.213361 0.837648
 0.140813 -0.179173 0.820579
 0.147389 -0.185021 0.812158
 0.154955 -0.209887 0.835336
 0.151397 -0.212874 0.851043
 0.111204 -0.182676 0.828874
 0.118224 -0.191769 0.825155
 0.137326 -0.216514 0.815034
 0.142452 -0.223165 0.812336
 0.127775 -0.204142 0.820095
 0.151172 -0.197454 0.823747
 0.178837 -0.187496 0.814914
 0.183074 -0.186008 0.827303
