 -0.118406 -0.118861 0.932124
 -0.120088 -0.162813 0.935321
 -0.07601 -0.134581 0.913814
 -0.0692916 -0.120398 0.890971
 -0.0643329 -0.108849 0.871278
 -0.0814725 -0.0841855 0.935829
 -0.0755415 -0.0643276 0.932311
 -0.0708297 -0.0685633 0.902543
 -0.0689278 -0.0702732 0.890528
 -0.10326 -0.0750574 0.924798
 -0.102861 -0.0686574 0.906173
 -0.102211 -0.0582191 0.875796
 -0.101658 -0.0518078 0.856093
 -0.12635 -0.0741488 0.91852
 -0.123277 -0.0707453 0.907236
 -0.114493 -0.0610141 0.874973
 -0.110362 -0.0564413 0.859797
 -0.15387 -0.0815075 0.922955
 -0.151796 -0.0824494 0.911097
 -0.152913 -0.114579 0.904311
 -0.154573 -0.116314 0.912798
 -0.152354 -0.0985144 0.907704
 -0.118885 -0.0658797 0.891105
 -0.102536 -0.0634383 0.890985
 -0.0731856 -0.0664455 0.917427
