 -0.141551 -0.0256458 0.865442
 -0.10461 -0.0490469 0.871148
 -0.106111 0.00631315 0.86047
 -0.111758 0.0226554 0.838811
 -0.116518 0.0364319 0.820553
 -0.155329 0.0222611 0.875203
 -0.161055 0.0294658 0.856304
 -0.169346 0.0398968 0.828941
 -0.172692 0.0441073 0.817896
 -0.177101 0.00913052 0.863084
 -0.195143 0.0135509 0.856529
 -0.182764 0.0218837 0.828078
 -0.163474 0.0174527 0.834231
 -0.185843 -0.00989398 0.847486
 -0.190826 -0.00574146 0.837177
 -0.159292 -0.00443827 0.822458
 -0.14446 -0.0038253 0.815535
 -0.188869 -0.0362675 0.845814
 -0.195056 -0.0272146 0.840758
 -0.203398 -0.00497454 0.818055
 -0.205637 0.00099539 0.811961
 -0.199227 -0.0160946 0.829407
 -0.175059 -0.00508987 0.829817
 -0.188954 0.0177173 0.842304
 -0.165201 0.0346813 0.842623
