 -0.145167 -0.141998 0.932327
 -0.121268 -0.178076 0.940814
 -0.0935485 -0.127222 0.939569
 -0.0839319 -0.10337 0.92924
 -0.0758251 -0.083264 0.920532
 -0.148582 -0.0957471 0.953049
 -0.14462 -0.0828461 0.936933
 -0.117204 -0.0796545 0.924109
 -0.105207 -0.0815097 0.922226
 -0.164965 -0.0965666 0.930323
 -0.173472 -0.0835454 0.918236
 -0.145328 -0.0788681 0.903465
 -0.127171 -0.0758504 0.893936
 -0.176654 -0.107205 0.909186
 -0.181211 -0.0990549 0.901365
 -0.162101 -0.0832844 0.876894
 -0.152657 -0.0761576 0.865566
 -0.181479 -0.129767 0.896705
 -0.178596 -0.122548 0.887465
 -0.170751 -0.102906 0.86232
 -0.165072 -0.0994871 0.856502
 -0.174673 -0.112727 0.874892
 -0.171656 -0.0911696 0.88913
 -0.1594 -0.0812068 0.910851
 -0.130912 -0.0812503 0.930521
