 -0.139875 -0.107415 1.0229
 -0.137403 -0.14991 1.03442
 -0.0928477 -0.133298 0.999294
 -0.0866032 -0.125766 0.973364
 -0.0819839 -0.119787 0.951257
 -0.10623 -0.0696234 1.01842
 -0.11398 -0.0524302 1.00913
 -0.109799 -0.0589495 0.979703
 -0.108109 -0.0615843 0.967823
 -0.12945 -0.0638498 1.00698
 -0.131266 -0.0587644 0.988038
 -0.133149 -0.0526566 0.956554
 -0.134363 -0.0487161 0.936241
 -0.152712 -0.0661132 1.00149
 -0.150855 -0.0635002 0.989737
 -0.145544 -0.0560544 0.956136
 -0.142973 -0.055298 0.939977
 -0.178859 -0.0757181 1.00832
 -0.178727 -0.0751481 0.996254
 -0.166495 -0.0990099 0.977264
 -0.16266 -0.106939 0.977729
 -0.172611 -0.087079 0.986759
 -0.1482 -0.0597773 0.972937
 -0.132207 -0.0557105 0.972296
 -0.111889 -0.0556898 0.994419
