 -0.0543935 -0.0252014 1.10076
 -0.0691729 -0.065268 1.11177
 -0.103378 -0.0217257 1.13224
 -0.115113 0.00247182 1.13894
 -0.125006 0.0228702 1.14458
 -0.070279 0.0222896 1.10927
 -0.0579421 0.0380714 1.1029
 -0.0400514 0.0609183 1.09373
 -0.0328297 0.0701406 1.09002
 -0.0482392 0.0249006 1.09496
 -0.0410429 0.0424609 1.08968
 -0.0268692 0.0709328 1.08514
 -0.0177248 0.0893017 1.08222
 -0.0295099 0.0168911 1.08348
 -0.0274705 0.0288244 1.08214
 -0.021616 0.0629434 1.07835
 -0.0188622 0.0789917 1.07657
 -0.0132901 -0.00760436 1.0736
 -0.00730113 0.00109658 1.07945
 0.0108185 0.0180261 1.10101
 0.0156229 0.0184485 1.10839
 0.00175868 0.00956136 1.09023
 -0.0245432 0.0458839 1.08025
 -0.033956 0.0566969 1.08741
 -0.0489967 0.0494948 1.09831
