 0.0565667 0.0987706 0.910196
 0.0508862 0.0551714 0.906781
 0.0990326 0.0810524 0.891248
 0.114674 0.0996515 0.877926
 0.126202 0.115276 0.864935
 0.0967766 0.12914 0.916604
 0.0992975 0.149022 0.910262
 0.102948 0.177805 0.901071
 0.10446 0.189233 0.896824
 0.0761973 0.145337 0.913702
 0.0784521 0.164653 0.910572
 0.0821295 0.196158 0.905467
 0.0845152 0.216457 0.902023
 0.053093 0.150526 0.913096
 0.0570671 0.161982 0.914245
 0.0689178 0.194615 0.911522
 0.0736477 0.204984 0.899757
 0.0243735 0.139999 0.909249
 0.0245764 0.151774 0.906582
 0.0253637 0.183272 0.89726
 0.0256563 0.191481 0.894047
 0.02497 0.167523 0.901921
 0.0629924 0.178298 0.912883
 0.0802908 0.180406 0.90802
 0.101123 0.163414 0.905667
