 0.112338 -0.143252 0.942133
 0.106835 -0.186569 0.935954
 0.153199 -0.160751 0.953586
 0.170356 -0.144339 0.939291
 0.184438 -0.130798 0.92648
 0.143523 -0.114915 0.970501
 0.156334 -0.109748 0.954656
 0.175853 -0.124987 0.936964
 0.183635 -0.13149 0.93003
 0.131436 -0.100027 0.952966
 0.142039 -0.0874105 0.942177
 0.163158 -0.0811805 0.918783
 0.176783 -0.0771612 0.90369
 0.114289 -0.0927719 0.93846
 0.121775 -0.0834593 0.936096
 0.14674 -0.0734336 0.913984
 0.158368 -0.0696484 0.903086
 0.0892016 -0.100389 0.923041
 0.0910841 -0.0896173 0.917919
 0.112855 -0.102754 0.897108
 0.118699 -0.10628 0.891522
 0.10197 -0.0961857 0.907513
 0.134258 -0.0784465 0.92504
 0.152598 -0.0842955 0.93048
 0.166093 -0.117368 0.94581
