 -0.122788 -0.107753 1.05149
 -0.122628 -0.142158 1.07908
 -0.0962403 -0.0936198 1.08285
 -0.0853951 -0.0682731 1.08003
 -0.0762421 -0.0469126 1.07763
 -0.100411 -0.0621529 1.05116
 -0.0987291 -0.0446962 1.03957
 -0.0916656 -0.0222813 1.02024
 -0.088804 -0.013241 1.01243
 -0.113148 -0.062353 1.02999
 -0.10947 -0.0457007 1.02013
 -0.103472 -0.0185414 1.00405
 -0.0966069 -0.00309626 0.992051
 -0.123411 -0.0835159 1.01267
 -0.114041 -0.0870044 1.00571
 -0.0935545 -0.114824 1.01008
 -0.088602 -0.128405 1.01778
 -0.14624 -0.0976369 1.00583
 -0.136757 -0.101026 0.999169
 -0.124047 -0.130809 1.00474
 -0.126821 -0.136729 1.01066
 -0.130402 -0.115917 1.00196
 -0.103798 -0.100914 1.0079
 -0.106471 -0.032121 1.01209
 -0.0951974 -0.0334887 1.0299
