 0.0873692 -0.0293976 0.970336
 0.0754437 -0.0718513 0.96981
 0.123653 -0.0498687 0.952284
 0.133011 -0.0326012 0.932731
 0.140899 -0.0180449 0.916248
 0.131796 -0.00478307 0.969549
 0.132071 0.00984988 0.95446
 0.132148 0.0266858 0.929107
 0.131719 0.0254587 0.916891
 0.111166 0.0142585 0.969167
 0.109319 0.0335731 0.965769
 0.108966 0.0279738 0.934136
 0.109348 0.0182779 0.91582
 0.0909347 0.0214854 0.967095
 0.0959916 0.0310877 0.961565
 0.0912268 0.0249186 0.927624
 0.0888688 0.0218001 0.911718
 0.0612196 0.0158839 0.972029
 0.0612848 0.0181166 0.960163
 0.0558167 -0.00463793 0.937099
 0.0547649 -0.0107458 0.943374
 0.0585507 0.00673934 0.948631
 0.0936092 0.0280031 0.944595
 0.109142 0.0307734 0.949952
 0.13211 0.0182678 0.941783
