 0.0515856 -0.127481 0.959528
 0.0482247 -0.171266 0.95548
 0.0958731 -0.143612 0.967333
 0.110173 -0.123111 0.955363
 0.122227 -0.105829 0.945272
 0.0883421 -0.0957179 0.974369
 0.0881211 -0.0790038 0.961623
 0.0878011 -0.054805 0.943168
 0.0876719 -0.045037 0.935719
 0.0660639 -0.0804074 0.966558
 0.0617398 -0.061477 0.963248
 0.0666792 -0.0446591 0.936324
 0.0728714 -0.0414059 0.916813
 0.0409962 -0.0757591 0.959251
 0.0377281 -0.0640316 0.958878
 0.0491268 -0.0618988 0.926042
 0.0545448 -0.0611 0.910604
 0.0191032 -0.0873874 0.9509
 0.021632 -0.0755941 0.950327
 0.033248 -0.0663694 0.921008
 0.0363661 -0.0638934 0.913138
 0.02744 -0.0709817 0.935667
 0.0434274 -0.0629652 0.94246
 0.0642095 -0.053068 0.949786
 0.0879611 -0.0669044 0.952395
