 -0.117817 -0.0803193 1.02063
 -0.105689 -0.118594 1.00239
 -0.0769471 -0.0702726 0.994758
 -0.067036 -0.0443932 0.994486
 -0.0630885 -0.0220845 0.988781
 -0.0928939 -0.0404675 1.03989
 -0.100205 -0.0208665 1.04195
 -0.110791 0.00751175 1.04493
 -0.11502 0.0190137 1.04579
 -0.116617 -0.033828 1.04182
 -0.117563 -0.0150726 1.04777
 -0.119104 0.0155493 1.05736
 -0.119874 0.036013 1.05416
 -0.141378 -0.0380874 1.03915
 -0.141961 -0.0264427 1.04268
 -0.143627 0.00685116 1.05275
 -0.14441 0.0225113 1.05749
 -0.163863 -0.0577937 1.03109
 -0.170134 -0.0476564 1.02917
 -0.187185 -0.0200712 1.02388
 -0.191532 -0.0126827 1.0218
 -0.17866 -0.0338638 1.02652
 -0.142794 -0.00979578 1.04771
 -0.118334 0.000238379 1.05256
 -0.105498 -0.00667739 1.04344
