 -0.0822942 -0.146728 0.908944
 -0.0491953 -0.175824 0.910583
 -0.0455035 -0.121023 0.900326
 -0.0533721 -0.103052 0.880751
 -0.0600052 -0.0879036 0.864248
 -0.0859056 -0.0963977 0.91478
 -0.0825773 -0.0937715 0.894191
 -0.0777585 -0.0899691 0.864383
 -0.0758134 -0.0884343 0.85235
 -0.110497 -0.106029 0.90665
 -0.125653 -0.0979055 0.897043
 -0.109056 -0.0994207 0.869578
 -0.098348 -0.100398 0.851858
 -0.126885 -0.120529 0.905069
 -0.13401 -0.110651 0.905166
 -0.13371 -0.0994486 0.872194
 -0.133568 -0.0941792 0.856686
 -0.133741 -0.150364 0.900164
 -0.142399 -0.146002 0.892966
 -0.165961 -0.134132 0.87338
 -0.170136 -0.131332 0.866133
 -0.15418 -0.140067 0.883173
 -0.13386 -0.10505 0.88868
 -0.117355 -0.0986631 0.88331
 -0.0801679 -0.0918703 0.879287
