 -0.0371933 0.067178 0.892123
 -0.0430756 0.0620902 0.935532
 -0.0166778 0.102277 0.907978
 0.00520869 0.100228 0.891101
 0.0236589 0.0985014 0.876873
 -0.0197024 0.104643 0.862616
 -0.00349879 0.104451 0.849226
 0.0201606 0.0904559 0.862288
 0.0245538 0.0847033 0.872215
 -0.0249618 0.082319 0.846501
 -0.0198263 0.0759729 0.828574
 -0.00908757 0.0648848 0.800399
 0.00881934 0.0595024 0.809342
 -0.031749 0.0625421 0.840897
 -0.026305 0.0647127 0.830219
 -0.01074 0.0709188 0.799691
 -0.00314839 0.0736962 0.785445
 -0.0455091 0.0368412 0.850319
 -0.0429742 0.0407296 0.839171
 -0.0289922 0.0481127 0.810368
 -0.025239 0.0500946 0.802637
 -0.0359832 0.0444212 0.82477
 -0.0185225 0.0678157 0.814955
 -0.0144569 0.0704288 0.814487
 0.00833089 0.0974533 0.855757
