 0.0451301 0.0457432 0.881652
 0.0413032 0.00462777 0.897133
 0.0872202 0.0240592 0.870427
 0.103665 0.0365994 0.851978
 0.108028 0.0407746 0.82941
 0.0835458 0.0786122 0.876747
 0.0778011 0.0969661 0.868261
 0.0833688 0.0869179 0.840078
 0.0861768 0.0810431 0.82966
 0.0641309 0.0847092 0.863052
 0.0698751 0.0846102 0.84421
 0.0712207 0.0615997 0.821831
 0.0676506 0.0415757 0.817843
 0.0367856 0.0875475 0.855585
 0.0364886 0.0908921 0.843877
 0.0481043 0.0594038 0.834587
 0.0535738 0.0441363 0.832286
 0.0117052 0.0802403 0.86092
 0.0137147 0.0768796 0.849497
 0.0240176 0.0508585 0.832282
 0.0268611 0.0425331 0.83291
 0.0188661 0.063869 0.840889
 0.0422965 0.075148 0.839232
 0.0705479 0.073105 0.83302
 0.0805849 0.091942 0.854169
