 0.088011 -0.0909916 0.762279
 0.0800978 -0.0888036 0.805608
 0.128181 -0.108227 0.783156
 0.143821 -0.124852 0.76744
 0.157007 -0.138867 0.75419
 0.129396 -0.0860111 0.733251
 0.134965 -0.0947819 0.714977
 0.143276 -0.110925 0.690551
 0.14663 -0.117441 0.680692
 0.11176 -0.0936555 0.717767
 0.120257 -0.102401 0.702297
 0.134113 -0.116819 0.677152
 0.143053 -0.126121 0.66093
 0.0874991 -0.0953784 0.710605
 0.0923064 -0.0954498 0.699414
 0.106051 -0.095654 0.667418
 0.112516 -0.0957501 0.652368
 0.0583227 -0.0998006 0.720112
 0.0606846 -0.111636 0.720501
 0.0532093 -0.129018 0.747363
 0.0494769 -0.12576 0.75466
 0.056947 -0.120327 0.733932
 0.0991787 -0.0955519 0.683416
 0.127185 -0.10961 0.689725
 0.139121 -0.102853 0.702764
