 -0.188926 -0.0846224 1.00806
 -0.18918 -0.128687 1.00632
 -0.148146 -0.0975713 0.982141
 -0.151173 -0.0811522 0.960021
 -0.155273 -0.0681207 0.941069
 -0.153026 -0.0489341 1.00386
 -0.152241 -0.028666 0.998335
 -0.153314 -0.00483793 0.979432
 -0.154082 0.00345023 0.970397
 -0.173889 -0.0359001 1.00615
 -0.170111 -0.0170014 1.00208
 -0.165736 0.0115303 0.987973
 -0.163029 0.0297434 0.978457
 -0.19891 -0.0339735 1.00931
 -0.196686 -0.0223895 1.00628
 -0.190967 0.00999297 0.994813
 -0.188501 0.0249131 0.988519
 -0.225704 -0.048129 1.01532
 -0.226325 -0.0360919 1.01459
 -0.229598 -0.00604242 1.00171
 -0.2305 0.00194693 0.998086
 -0.227962 -0.0210672 1.00815
 -0.193827 -0.00619826 1.00054
 -0.167924 -0.00273556 0.995025
 -0.152777 -0.0167519 0.988884
