 0.107032 -0.151602 0.859206
 0.0834316 -0.158168 0.822535
 0.129596 -0.128708 0.83036
 0.152283 -0.115564 0.839338
 0.171037 -0.104139 0.847309
 0.149275 -0.12567 0.870309
 0.154882 -0.127099 0.890518
 0.163001 -0.129169 0.919777
 0.164989 -0.128181 0.931859
 0.134348 -0.131901 0.888607
 0.123495 -0.115992 0.892744
 0.114873 -0.113731 0.861878
 0.116317 -0.121504 0.842718
 0.116766 -0.14484 0.902239
 0.110055 -0.135003 0.904797
 0.0942619 -0.122286 0.876485
 0.0892868 -0.120272 0.861009
 0.102612 -0.167525 0.908845
 0.0960406 -0.157796 0.911669
 0.0866432 -0.154642 0.880342
 0.0889612 -0.159824 0.873592
 0.0913419 -0.156219 0.896005
 0.102159 -0.128644 0.890641
 0.119184 -0.114861 0.877311
 0.158942 -0.128134 0.905147
