 -0.0498626 -0.0819329 1.02592
 -0.0869519 -0.0979203 1.04363
 -0.072645 -0.0433179 1.05725
 -0.0609361 -0.018358 1.06007
 -0.0510656 0.00268313 1.06245
 -0.0253259 -0.037531 1.02849
 -0.00769132 -0.03706 1.01706
 0.0178401 -0.036378 1.00051
 0.028146 -0.0361028 0.993825
 -0.0110877 -0.0509803 1.01342
 0.00436585 -0.0401296 1.00781
 0.0295702 -0.0224325 0.99866
 0.045831 -0.011015 0.992758
 -0.0055279 -0.0721667 1.00084
 0.00404967 -0.0654715 0.997407
 0.0316151 -0.0464487 0.987867
 0.0445815 -0.0375016 0.983381
 -0.0134449 -0.101285 0.993724
 -0.00717512 -0.1053 1.00323
 -0.0186025 -0.126398 1.02568
 -0.0253933 -0.131336 1.02838
 -0.0128888 -0.115849 1.01445
 0.0178324 -0.0559601 0.992637
 0.016968 -0.0312811 1.00323
 0.00507438 -0.036719 1.00878
