 0.014828 -0.151327 0.886492
 0.00156539 -0.183251 0.859109
 0.0488138 -0.154493 0.860028
 0.0703223 -0.137654 0.864707
 0.0826214 -0.117943 0.867157
 0.0567476 -0.122933 0.890581
 0.0558975 -0.109005 0.906303
 0.0546655 -0.0888384 0.929063
 0.0536018 -0.0798051 0.937321
 0.0363501 -0.115135 0.901515
 0.0283529 -0.101616 0.889628
 0.0195487 -0.101235 0.858733
 0.0230034 -0.119197 0.848983
 0.0133613 -0.115505 0.913081
 0.00841635 -0.107146 0.90573
 -0.00144921 -0.104146 0.872468
 0.00334382 -0.119555 0.869657
 -0.0064946 -0.12752 0.927912
 -0.0112179 -0.116995 0.924347
 -0.0149458 -0.128956 0.893972
 -0.0136507 -0.136169 0.889065
 -0.0130818 -0.122975 0.90916
 0.00348357 -0.105646 0.889099
 0.0239508 -0.101426 0.874181
 0.0552815 -0.0989219 0.917683
