 -0.12292 -0.193061 0.891463
 -0.125864 -0.192644 0.847463
 -0.0807552 -0.1953 0.879625
 -0.0617475 -0.196457 0.89976
 -0.0461093 -0.195711 0.9171
 -0.0857581 -0.202901 0.924664
 -0.0849706 -0.18864 0.940088
 -0.0753357 -0.16769 0.920225
 -0.0714518 -0.159325 0.912109
 -0.105165 -0.190251 0.932397
 -0.0999838 -0.171247 0.93223
 -0.0880684 -0.160656 0.904338
 -0.0837727 -0.167647 0.885304
 -0.129301 -0.181479 0.934095
 -0.126097 -0.169728 0.933992
 -0.11454 -0.166204 0.901331
 -0.110008 -0.168203 0.885718
 -0.156518 -0.18356 0.930424
 -0.155628 -0.173092 0.936376
 -0.14308 -0.158895 0.909532
 -0.141993 -0.163686 0.902206
 -0.149354 -0.165994 0.922954
 -0.120318 -0.167966 0.917662
 -0.0940261 -0.165951 0.918284
 -0.0801531 -0.178165 0.930156
