 0.106626 -0.180238 0.981818
 0.0912893 -0.221098 0.988144
 0.145478 -0.207632 0.98095
 0.168328 -0.196277 0.970133
 0.187584 -0.186708 0.960998
 0.14996 -0.156234 0.993052
 0.150256 -0.136168 0.986794
 0.150686 -0.107117 0.977732
 0.151166 -0.0956403 0.973377
 0.136928 -0.14368 0.9763
 0.148262 -0.140707 0.960466
 0.156175 -0.156237 0.933478
 0.15684 -0.171045 0.91899
 0.116688 -0.135519 0.963819
 0.124362 -0.131809 0.955118
 0.118137 -0.160978 0.937142
 0.107438 -0.170413 0.945192
 0.0872981 -0.136981 0.959629
 0.0951746 -0.129715 0.954064
 0.107191 -0.139824 0.925202
 0.106282 -0.146828 0.919918
 0.101183 -0.13477 0.939633
 0.12125 -0.146393 0.94613
 0.152219 -0.148472 0.946972
 0.150471 -0.121643 0.982263
