 0.0178702 -0.171767 0.956868
 -0.00285773 -0.188293 0.99211
 0.0309194 -0.144577 0.988193
 0.0571895 -0.147004 0.979705
 0.0786213 -0.153564 0.973113
 0.0450452 -0.129809 0.947853
 0.063547 -0.137563 0.941574
 0.0903522 -0.148823 0.932577
 0.101172 -0.153368 0.928945
 0.0475287 -0.147578 0.927808
 0.0643329 -0.154066 0.919837
 0.0917799 -0.169444 0.926341
 0.109488 -0.179366 0.930538
 0.0427635 -0.168494 0.917542
 0.0542511 -0.17242 0.918528
 0.0444034 -0.195178 0.942979
 0.0348203 -0.203471 0.953357
 0.0242735 -0.187687 0.907445
 0.0305898 -0.181111 0.899529
 0.0610176 -0.192872 0.903461
 0.0691854 -0.196028 0.904517
 0.0458037 -0.186991 0.901495
 0.0493272 -0.183799 0.930754
 0.0780564 -0.161755 0.923089
 0.0769496 -0.143193 0.937075
