 -0.0459776 -0.0826743 1.01776
 -0.0563797 -0.11586 1.04488
 -0.100978 -0.0760795 1.04334
 -0.117306 -0.0541836 1.03865
 -0.130385 -0.035159 1.03507
 -0.0694707 -0.0402738 1.00258
 -0.055873 -0.0258373 0.995611
 -0.0353652 -0.00351787 0.99287
 -0.0270834 0.00550725 0.991931
 -0.0457351 -0.0402284 0.990122
 -0.0391324 -0.026262 0.977901
 -0.0283635 -0.00348313 0.957969
 -0.0214015 0.0112303 0.945137
 -0.0251637 -0.0486609 0.984595
 -0.0247974 -0.0385487 0.977816
 -0.0237501 -0.00963648 0.958432
 -0.0232574 0.00396279 0.949315
 -0.0042901 -0.071276 0.988277
 0.000607248 -0.0652492 0.997524
 -0.0153841 -0.0846752 1.01866
 -0.0206986 -0.0911523 1.02141
 -0.00738842 -0.0749622 1.00809
 -0.0242737 -0.0240926 0.968124
 -0.0337479 -0.0148725 0.967935
 -0.0456191 -0.0146776 0.99424
