 -0.113978 0.05168 1.02197
 -0.117122 0.00789271 1.02617
 -0.065457 0.0305871 1.04172
 -0.0434255 0.0471792 1.04444
 -0.0255318 0.0610681 1.03872
 -0.0817093 0.0869607 1.03913
 -0.0780668 0.106925 1.03365
 -0.0727931 0.13583 1.02572
 -0.0703294 0.147287 1.02203
 -0.100888 0.100035 1.02394
 -0.103975 0.118837 1.01894
 -0.108033 0.149246 1.0094
 -0.110651 0.168865 1.00325
 -0.118594 0.102277 1.0114
 -0.11554 0.114062 1.01175
 -0.106808 0.147759 1.01277
 -0.102677 0.163603 1.01321
 -0.14217 0.0881329 0.997207
 -0.142123 0.0995896 0.993393
 -0.139754 0.129511 0.980023
 -0.139118 0.137543 0.976435
 -0.140938 0.11455 0.986708
 -0.111174 0.13091 1.01226
 -0.106004 0.134042 1.01417
 -0.07543 0.121378 1.02968
