 -0.143803 -0.0763938 1.02769
 -0.140889 -0.117003 1.01074
 -0.0960884 -0.0812937 1.00762
 -0.0909052 -0.0610806 0.989379
 -0.0866728 -0.0441172 0.973883
 -0.112882 -0.0468403 1.05509
 -0.114783 -0.0270279 1.04833
 -0.0989133 -0.0290499 1.02244
 -0.0925075 -0.0298661 1.01198
 -0.131956 -0.0322518 1.04912
 -0.126116 -0.0134433 1.04951
 -0.116984 -0.015038 1.01875
 -0.123024 -0.0348506 1.01799
 -0.159527 -0.0277639 1.03797
 -0.162008 -0.0159667 1.03623
 -0.144176 -0.0166236 1.00632
 -0.135569 -0.0180838 0.992465
 -0.180701 -0.039305 1.02756
 -0.175788 -0.0302823 1.02121
 -0.162408 -0.00584675 1.00379
 -0.158817 0.00071251 0.999114
 -0.169098 -0.0180645 1.0125
 -0.153092 -0.0162951 1.02128
 -0.12155 -0.0142407 1.03413
 -0.106848 -0.0280389 1.03538
