 -0.0965312 -0.150329 0.910292
 -0.0722131 -0.18698 0.913479
 -0.055962 -0.134218 0.920838
 -0.0545612 -0.116762 0.899357
 -0.0538608 -0.106248 0.878506
 -0.0915771 -0.10263 0.927038
 -0.107133 -0.0899402 0.920804
 -0.0915411 -0.0832356 0.895542
 -0.0836906 -0.0819313 0.886183
 -0.109986 -0.102785 0.910647
 -0.1088 -0.0864143 0.899757
 -0.0892719 -0.0941303 0.875441
 -0.0770128 -0.106817 0.864562
 -0.134589 -0.115886 0.897995
 -0.143508 -0.108494 0.894231
 -0.125279 -0.10114 0.865484
 -0.11104 -0.109237 0.865482
 -0.142212 -0.138643 0.887626
 -0.145049 -0.131358 0.878424
 -0.146121 -0.113686 0.850744
 -0.146377 -0.108955 0.843304
 -0.145585 -0.122522 0.864584
 -0.134393 -0.104817 0.879857
 -0.099036 -0.0902723 0.887599
 -0.0993373 -0.0865879 0.908173
