 0.0649937 -0.0925417 0.93946
 0.0734648 -0.1352 0.94676
 0.104861 -0.0905915 0.95596
 0.115283 -0.0657426 0.949482
 0.124068 -0.0447951 0.944021
 0.0907621 -0.0493259 0.94643
 0.0830477 -0.032658 0.936205
 0.0719469 -0.00856567 0.921286
 0.0750718 -0.00696779 0.909513
 0.0693438 -0.0416323 0.936796
 0.0696998 -0.022001 0.935216
 0.0702805 0.010017 0.932639
 0.0778864 0.0156038 0.914185
 0.049569 -0.0555469 0.919818
 0.0542526 -0.0565334 0.908618
 0.0536231 -0.0912397 0.911411
 0.0533269 -0.107564 0.912725
 0.0241681 -0.0661927 0.920067
 0.0248148 -0.0547018 0.916414
 0.0265746 -0.0234335 0.906473
 0.0271479 -0.0151232 0.903574
 0.0256947 -0.0390677 0.911444
 0.0539378 -0.0738866 0.910014
 0.0699902 -0.005992 0.933927
 0.0774973 -0.0206119 0.928745
