 -0.144569 -0.0803135 1.01207
 -0.120435 -0.115232 1.02403
 -0.10483 -0.0634034 1.0126
 -0.102815 -0.0369658 1.00454
 -0.101116 -0.0146791 0.997741
 -0.134184 -0.0318348 1.00102
 -0.151213 -0.0205821 0.995993
 -0.175869 -0.00429025 0.988717
 -0.184755 0.00090689 0.982013
 -0.161149 -0.034704 0.998338
 -0.174778 -0.0214322 0.993228
 -0.197007 0.000213732 0.984894
 -0.210911 0.0134185 0.977025
 -0.180672 -0.0455865 0.998644
 -0.184872 -0.0346468 0.995322
 -0.196748 -0.00363617 0.984832
 -0.201981 0.0101934 0.977785
 -0.19557 -0.0723237 1.00358
 -0.194102 -0.0752858 0.991966
 -0.169369 -0.0944832 0.981996
 -0.16394 -0.097284 0.988358
 -0.181735 -0.0848845 0.986981
 -0.19081 -0.0191415 0.990077
 -0.185893 -0.0106092 0.989061
 -0.163541 -0.0124362 0.992355
