 0.0438064 -0.0972034 0.949421
 0.0630588 -0.135867 0.940518
 0.0838457 -0.0905834 0.964624
 0.08473 -0.0653802 0.953132
 0.084791 -0.0454467 0.940947
 0.057921 -0.0551572 0.974182
 0.0656116 -0.0472111 0.956304
 0.0767461 -0.0357067 0.930422
 0.0851599 -0.0364155 0.921498
 0.0323136 -0.050912 0.963404
 0.0201462 -0.0357352 0.960301
 0.0257024 -0.0181539 0.933992
 0.0297969 -0.00720569 0.916875
 0.0115236 -0.0559609 0.953791
 0.00612068 -0.0452938 0.956109
 0.0164032 -0.0277445 0.927842
 0.0216626 -0.0202012 0.914287
 -0.00292036 -0.0763035 0.938609
 -0.00929506 -0.0666732 0.935084
 -0.0254728 -0.0403204 0.923974
 -0.0286737 -0.0332885 0.91972
 -0.0173839 -0.0534968 0.929529
 0.0112619 -0.0365191 0.941975
 0.0229243 -0.0269446 0.947146
 0.0711789 -0.0414589 0.943363
