 -0.0833455 -0.147232 0.944326
 -0.123658 -0.152899 0.961285
 -0.0816321 -0.122529 0.98145
 -0.0580211 -0.109153 0.987076
 -0.0381171 -0.0978773 0.991819
 -0.0460684 -0.113457 0.951387
 -0.0379846 -0.125551 0.966561
 -0.0624972 -0.120288 0.983814
 -0.0723522 -0.113433 0.981205
 -0.040328 -0.134828 0.941037
 -0.0322763 -0.145997 0.955124
 -0.0605101 -0.15762 0.965119
 -0.0797389 -0.163751 0.969838
 -0.0429868 -0.156815 0.927842
 -0.0383029 -0.163823 0.936634
 -0.0513755 -0.185611 0.960448
 -0.0642537 -0.192963 0.967405
 -0.0547551 -0.172781 0.908731
 -0.0463781 -0.177887 0.915771
 -0.0698871 -0.194232 0.931889
 -0.0760059 -0.190502 0.926747
 -0.0581326 -0.18606 0.92383
 -0.0448392 -0.174717 0.948541
 -0.0463932 -0.151808 0.960122
 -0.0502409 -0.12292 0.975188
