 0.0279177 -0.106455 0.907398
 0.0291288 -0.150462 0.904795
 0.0691831 -0.113854 0.892734
 0.0668656 -0.0963825 0.871347
 0.0649061 -0.081658 0.853315
 0.0630196 -0.069743 0.907899
 0.0561431 -0.0541259 0.895623
 0.0553246 -0.0537581 0.865202
 0.0565933 -0.057357 0.853524
 0.0407826 -0.0603286 0.903371
 0.0419744 -0.0496717 0.886848
 0.0391103 -0.054795 0.855261
 0.0372624 -0.0581007 0.834883
 0.016428 -0.0560807 0.908769
 0.0186745 -0.0443121 0.906576
 0.0155285 -0.0500828 0.872378
 0.0135632 -0.0554116 0.857014
 -0.0104739 -0.0711205 0.91122
 -0.00873918 -0.0607926 0.905209
 -0.0119333 -0.067427 0.873187
 -0.0136993 -0.0749724 0.868976
 -0.0103362 -0.0641098 0.889198
 0.0171015 -0.0471974 0.889477
 0.0405423 -0.0522333 0.871054
 0.0557338 -0.053942 0.880412
