 0.0998938 -0.121271 0.958912
 0.105893 -0.16011 0.97892
 0.164729 -0.140362 0.974295
 0.188265 -0.136611 0.960152
 0.204655 -0.141239 0.94416
 0.105707 -0.0727312 0.972707
 0.125291 -0.0719776 0.965104
 0.153644 -0.0708865 0.954098
 0.163965 -0.0774469 0.95526
 0.104525 -0.0772912 0.948125
 0.122235 -0.0757551 0.93964
 0.15112 -0.0732498 0.925802
 0.158892 -0.0866196 0.939603
 0.0988906 -0.0893566 0.926025
 0.109911 -0.0885289 0.920905
 0.12248 -0.111032 0.944323
 0.128392 -0.121616 0.955337
 0.0838666 -0.106807 0.911257
 0.092012 -0.102829 0.90328
 0.114177 -0.0920038 0.881573
 0.120375 -0.0969488 0.885436
 0.103094 -0.0974162 0.892427
 0.116196 -0.0997802 0.932614
 0.136678 -0.0745025 0.932721
 0.139467 -0.0714321 0.959601
