 -0.0963859 0.0172184 0.959492
 -0.092636 -0.0183843 0.933739
 -0.0533735 0.0113778 0.959002
 -0.0511454 0.0381047 0.95202
 -0.0494358 0.0605921 0.945921
 -0.0640908 0.0444075 0.98774
 -0.0614189 0.0589805 0.972828
 -0.0575506 0.0800793 0.951238
 -0.0559891 0.088596 0.942524
 -0.0853511 0.0548056 0.981387
 -0.0817204 0.0668309 0.966214
 -0.075799 0.0864438 0.941467
 -0.0697354 0.089496 0.921884
 -0.110437 0.058813 0.987098
 -0.108716 0.0683375 0.994492
 -0.102086 0.0885645 0.96693
 -0.0989748 0.0980415 0.953938
 -0.136102 0.0484091 0.973161
 -0.140334 0.0594648 0.975541
 -0.144528 0.0904488 0.965441
 -0.145654 0.0987659 0.962729
 -0.142431 0.0749568 0.970491
 -0.105401 0.078451 0.980711
 -0.0787597 0.0766373 0.953841
 -0.0594848 0.0695299 0.962033
