 -0.0404814 -0.00828093 0.972986
 -0.0390025 -0.0503661 0.986081
 0.0178095 -0.0319895 0.977194
 0.0401755 -0.0176522 0.969303
 0.0586084 -0.00552184 0.96163
 -0.0055678 0.0270925 0.9625
 -0.00147124 0.0463283 0.955078
 0.0040787 0.0684819 0.934962
 0.00628435 0.077101 0.926491
 -0.027138 0.0380367 0.956664
 -0.0239222 0.054123 0.94576
 -0.0187448 0.079368 0.926576
 -0.0154405 0.0951804 0.913589
 -0.052314 0.0388963 0.955563
 -0.0501718 0.0489372 0.94901
 -0.0441056 0.0768119 0.929036
 -0.0412525 0.0899197 0.919637
 -0.0791243 0.025238 0.962018
 -0.080445 0.0328705 0.952755
 -0.0838669 0.0521525 0.926371
 -0.0847854 0.0573283 0.919289
 -0.082156 0.0425115 0.939563
 -0.0471387 0.0628746 0.939023
 -0.0213335 0.0667455 0.936168
 0.00130373 0.0574051 0.94502
