 -0.00112693 -0.179754 0.959695
 -0.0101915 -0.174166 1.00249
 0.0267829 -0.146971 0.971086
 0.0496668 -0.153684 0.956969
 0.0689906 -0.160977 0.946051
 0.0224184 -0.15199 0.924269
 0.0367827 -0.164902 0.915972
 0.0622442 -0.181513 0.914546
 0.0728879 -0.187455 0.91607
 0.0138159 -0.176021 0.912336
 0.0143881 -0.184724 0.894674
 0.0423324 -0.198565 0.9024
 0.060361 -0.207494 0.907385
 0.00677093 -0.196115 0.91135
 0.0129904 -0.196492 0.900884
 0.0396732 -0.211711 0.91729
 0.0452019 -0.217298 0.931661
 -0.0104101 -0.217838 0.925047
 -0.00676254 -0.216877 0.913577
 0.0228394 -0.22765 0.904234
 0.0308687 -0.230685 0.902206
 0.0080384 -0.222263 0.908905
 0.0263318 -0.204102 0.909087
 0.0283602 -0.191645 0.898537
 0.0495134 -0.173207 0.915259
