 -0.0777589 -0.0512499 0.976685
 -0.0518964 -0.0863611 0.970116
 -0.0301993 -0.0347749 0.980988
 -0.0253557 -0.0080215 0.986358
 -0.0241215 0.0114445 0.973499
 -0.0736686 -0.00846106 1.00375
 -0.0706605 0.00464165 0.987591
 -0.0444273 0.00150067 0.972485
 -0.0334072 -0.0015479 0.967992
 -0.0976504 -0.00715966 0.991376
 -0.110778 0.00751058 0.992054
 -0.11971 0.0350194 0.978068
 -0.125397 0.0527578 0.968979
 -0.114594 -0.0143643 0.976549
 -0.119748 -0.0033878 0.977688
 -0.129395 0.0297908 0.973345
 -0.133932 0.0453967 0.971303
 -0.12512 -0.0370432 0.959592
 -0.134238 -0.029342 0.957759
 -0.154714 -0.00595369 0.947112
 -0.156412 0.000521124 0.941369
 -0.144476 -0.0176478 0.952435
 -0.124572 0.0132015 0.975516
 -0.115244 0.021265 0.985061
 -0.0575439 0.00307116 0.980038
