 0.151836 -0.160378 0.905059
 0.160229 -0.183926 0.941388
 0.198554 -0.163526 0.905808
 0.20922 -0.163349 0.88023
 0.21682 -0.166267 0.858331
 0.177163 -0.125059 0.878765
 0.183115 -0.137831 0.863166
 0.198291 -0.161181 0.850889
 0.204416 -0.170606 0.845933
 0.158185 -0.13259 0.865009
 0.164463 -0.134726 0.84646
 0.176057 -0.164392 0.842259
 0.18277 -0.183998 0.842662
 0.136127 -0.144706 0.860892
 0.140108 -0.146491 0.84952
 0.152431 -0.178906 0.846337
 0.158227 -0.194153 0.844839
 0.111599 -0.157711 0.871728
 0.11663 -0.166355 0.864963
 0.132965 -0.177413 0.89124
 0.13735 -0.180382 0.898294
 0.124798 -0.171884 0.878101
 0.14627 -0.162698 0.847928
 0.17026 -0.149559 0.84436
 0.190703 -0.149506 0.857028
