 0.113679 -0.0954242 0.920185
 0.11256 -0.139444 0.922599
 0.156588 -0.10629 0.915141
 0.165068 -0.0873968 0.896724
 0.172214 -0.071471 0.881197
 0.150471 -0.0604727 0.922403
 0.156171 -0.0423522 0.913401
 0.164019 -0.0219592 0.892216
 0.166667 -0.0170411 0.881275
 0.127949 -0.0512327 0.912899
 0.127071 -0.0441614 0.894535
 0.12988 -0.0436276 0.862535
 0.13183 -0.0436613 0.8419
 0.105289 -0.0450692 0.91335
 0.108623 -0.0341308 0.909156
 0.109589 -0.046849 0.876752
 0.109958 -0.0531106 0.861621
 0.0774208 -0.0582427 0.913861
 0.0764212 -0.046603 0.910808
 0.0750901 -0.0186369 0.89361
 0.0749872 -0.0121081 0.887681
 0.0757557 -0.03262 0.902209
 0.109106 -0.0404899 0.892954
 0.128475 -0.0438945 0.878535
 0.160095 -0.0321557 0.902808
