 -0.113418 0.0530335 0.9382
 -0.11302 0.0089513 0.937012
 -0.0680167 0.0397245 0.920282
 -0.0614522 0.0541485 0.897547
 -0.0565666 0.0658687 0.877936
 -0.0793353 0.0887325 0.950204
 -0.0763107 0.108975 0.945411
 -0.0682221 0.129956 0.924902
 -0.0644313 0.134065 0.913963
 -0.100819 0.0994313 0.938009
 -0.100768 0.111778 0.922662
 -0.0981294 0.127848 0.894968
 -0.0945238 0.134683 0.875735
 -0.121913 0.101086 0.929705
 -0.11745 0.109184 0.921777
 -0.105011 0.121421 0.89164
 -0.0991599 0.127177 0.877465
 -0.149399 0.0895448 0.927741
 -0.147361 0.101414 0.928625
 -0.141806 0.133711 0.931007
 -0.140302 0.142381 0.931607
 -0.144583 0.117562 0.929816
 -0.111231 0.115302 0.906708
 -0.0994485 0.119813 0.908815
 -0.0722664 0.119466 0.935157
