 0.0629632 -0.133405 0.798582
 0.0364669 -0.157019 0.824757
 0.0354424 -0.102407 0.814468
 0.0571049 -0.0887256 0.825032
 0.0753663 -0.0771921 0.833938
 0.0606248 -0.0870931 0.777848
 0.0774108 -0.0823351 0.766123
 0.101714 -0.0754464 0.749148
 0.111597 -0.0726035 0.742427
 0.0823129 -0.0957891 0.7698
 0.0909266 -0.0821202 0.758532
 0.104975 -0.0598267 0.740153
 0.11406 -0.0454263 0.728333
 0.100265 -0.116477 0.780852
 0.105789 -0.11181 0.790654
 0.0795523 -0.11843 0.812575
 0.0672118 -0.121544 0.822886
 0.109566 -0.14202 0.776422
 0.119134 -0.139123 0.76965
 0.145554 -0.130912 0.751924
 0.15266 -0.128695 0.747193
 0.132344 -0.135017 0.760787
 0.0926705 -0.11512 0.801615
 0.0979509 -0.0709734 0.749343
 0.0895622 -0.0788907 0.757635
