 -0.021105 -0.0795238 1.00729
 -0.00412361 -0.118205 1.01995
 0.0142053 -0.0667357 1.02862
 0.0192751 -0.0432411 1.01483
 0.0235486 -0.0234391 1.00319
 -0.00751419 -0.0309339 1.01317
 -0.0144832 -0.0118417 1.0078
 -0.013279 0.00979028 0.986426
 -0.0127905 0.0185199 0.977796
 -0.0276711 -0.0295887 0.99894
 -0.0296083 -0.0111435 0.992304
 -0.0264996 0.014662 0.973422
 -0.0242384 0.0310621 0.960951
 -0.0484171 -0.0397187 0.988063
 -0.0511259 -0.0280898 0.985658
 -0.0528729 0.00302729 0.970121
 -0.0536946 0.0176636 0.962813
 -0.0635021 -0.0653754 0.9801
 -0.0661103 -0.0538236 0.977742
 -0.0717149 -0.0226479 0.969008
 -0.0722286 -0.0146815 0.965258
 -0.0689126 -0.0382357 0.973375
 -0.0519994 -0.0125313 0.97789
 -0.0280539 0.00175922 0.982863
 -0.0138811 -0.00102569 0.997113
