 0.0767951 -0.10588 0.867856
 0.0614227 -0.145381 0.880026
 0.0274071 -0.103919 0.908201
 0.0221631 -0.0817198 0.923941
 0.022103 -0.06495 0.940207
 0.0553865 -0.0621883 0.853264
 0.0684149 -0.0460173 0.850002
 0.0872731 -0.0225892 0.84534
 0.0948854 -0.0131323 0.843458
 0.0795784 -0.0570998 0.852698
 0.0820865 -0.0382096 0.84771
 0.0861771 -0.00740023 0.839575
 0.088816 0.0124783 0.834332
 0.103865 -0.0634694 0.855282
 0.105401 -0.0518797 0.851865
 0.10953 -0.0174933 0.848225
 0.111412 -0.00123478 0.847574
 0.12461 -0.0852875 0.862683
 0.132557 -0.0765627 0.860129
 0.154183 -0.0528212 0.853179
 0.159988 -0.0464467 0.851318
 0.14337 -0.0646919 0.856654
 0.107465 -0.0346865 0.850045
 0.0841318 -0.0228049 0.843642
 0.077844 -0.0343033 0.847671
