 -0.0744843 -0.035269 0.983556
 -0.0546157 -0.0742897 0.978318
 -0.0271012 -0.0248033 0.976696
 -0.0191454 0.00172499 0.975694
 -0.0128552 0.0240591 0.972969
 -0.0612934 0.00894212 1.00481
 -0.0555613 0.0173917 0.986431
 -0.0327711 0.0107072 0.9674
 -0.0234737 0.00270711 0.966709
 -0.0834729 0.0135981 0.994972
 -0.0865374 0.0330562 0.995027
 -0.0824539 0.0599408 0.977919
 -0.0795736 0.076979 0.966473
 -0.106004 0.00626507 0.984216
 -0.109797 0.017701 0.986001
 -0.114478 0.0514272 0.978696
 -0.110767 0.0617415 0.966524
 -0.121281 -0.0160173 0.97027
 -0.128598 -0.00695072 0.967098
 -0.136169 0.0163261 0.945178
 -0.136223 0.0216298 0.938131
 -0.132384 0.00468768 0.956138
 -0.112137 0.0345641 0.982348
 -0.0844956 0.0464985 0.986473
 -0.0441662 0.0140494 0.976916
