 0.107367 -0.14691 0.85237
 0.090008 -0.14284 0.812035
 0.13721 -0.122683 0.832675
 0.158649 -0.114484 0.848205
 0.17667 -0.107533 0.861348
 0.149741 -0.1302 0.874852
 0.150878 -0.1286 0.895781
 0.152525 -0.126282 0.926082
 0.153183 -0.125336 0.938313
 0.131189 -0.137427 0.888995
 0.121727 -0.121124 0.894712
 0.118863 -0.111568 0.864173
 0.118548 -0.108074 0.843746
 0.110075 -0.149889 0.896824
 0.104225 -0.139809 0.900359
 0.0954783 -0.125641 0.869773
 0.0981208 -0.130542 0.854368
 0.0924034 -0.171009 0.896329
 0.0926913 -0.173229 0.908195
 0.0934747 -0.17927 0.940483
 0.093425 -0.180432 0.949226
 0.093083 -0.17625 0.924339
 0.0998515 -0.132725 0.885066
 0.120295 -0.116346 0.879443
 0.151702 -0.127441 0.910932
