 -0.115183 -0.0419571 1.03617
 -0.120563 -0.0815257 1.05489
 -0.0720571 -0.0622008 1.03373
 -0.062921 -0.0584167 1.00784
 -0.0687646 -0.0653121 0.986301
 -0.076594 -0.00912318 1.03256
 -0.0758451 0.000383251 1.01383
 -0.0707618 0.00264701 0.983908
 -0.0679085 0.000713873 0.972116
 -0.0967312 -0.00194365 1.01597
 -0.0955227 0.00373148 0.997151
 -0.087232 -0.00580161 0.967613
 -0.0802605 -0.0188322 0.95308
 -0.117436 -0.00160366 1.00685
 -0.112065 0.00231131 0.996646
 -0.100712 -0.0100299 0.966125
 -0.0963897 -0.0185745 0.952835
 -0.146197 -0.0100028 1.00871
 -0.141064 -0.00261021 1.00066
 -0.128592 -0.0080602 0.970757
 -0.125642 -0.0109671 0.962969
 -0.134828 -0.0053352 0.98571
 -0.106388 -0.00385927 0.981385
 -0.0913774 -0.00103506 0.982382
 -0.0733035 0.00151513 0.998868
