 -0.0465263 0.0648077 1.07752
 -0.0768037 0.0332225 1.08304
 -0.0428118 0.0350289 1.03744
 -0.0248461 0.0421597 1.01758
 -0.00970113 0.0481709 1.00084
 -0.0121351 0.0754217 1.04167
 -0.000765606 0.0926065 1.04583
 0.00786187 0.121782 1.0466
 0.011328 0.133564 1.04691
 -0.0101498 0.0950722 1.06148
 0.000542242 0.11136 1.06437
 -0.000448112 0.142819 1.05793
 -0.00108705 0.163115 1.05377
 -0.0160423 0.107339 1.08452
 -0.00945513 0.117296 1.08693
 0.00899411 0.14608 1.09356
 0.00813016 0.162181 1.09067
 -0.0316778 0.106474 1.10546
 -0.0262239 0.115662 1.09983
 -0.0179789 0.142322 1.08248
 -0.0163514 0.149551 1.0777
 -0.0221014 0.128992 1.09116
 -0.000230514 0.131688 1.09024
 4.7065e-005 0.12709 1.06115
 0.00354813 0.107194 1.04622
