 -0.0789902 0.0358764 0.999108
 -0.0770358 0.0236103 1.04142
 -0.0257335 0.0489207 1.0246
 -0.00564571 0.0504941 1.00557
 0.0109573 0.0505549 0.989139
 -0.0497139 0.0641965 0.968759
 -0.0388165 0.0470723 0.963292
 -0.0254863 0.0402513 0.989788
 -0.0231092 0.0420942 1.0017
 -0.067748 0.0565197 0.95371
 -0.0636075 0.062213 0.935313
 -0.0495455 0.055916 0.907121
 -0.0396478 0.0493476 0.890136
 -0.0864966 0.0340197 0.954857
 -0.0803156 0.0241373 0.951323
 -0.0620934 0.00911151 0.976915
 -0.0535223 0.00204396 0.988952
 -0.112585 0.0269838 0.960001
 -0.112172 0.0308803 0.948579
 -0.110151 0.0400536 0.917093
 -0.109608 0.0425154 0.90864
 -0.111162 0.035467 0.932836
 -0.0712045 0.0166244 0.964119
 -0.0565765 0.0590645 0.921217
 -0.0321514 0.0436618 0.97654
