 -0.215021 0.0300582 0.948173
 -0.22237 -0.0133203 0.95119
 -0.174216 0.0125394 0.940254
 -0.174763 0.0228448 0.914533
 -0.177634 0.0299277 0.892456
 -0.173837 0.0596061 0.951495
 -0.169719 0.0793687 0.945633
 -0.163255 0.105759 0.931922
 -0.160515 0.114234 0.92346
 -0.193803 0.0754235 0.944188
 -0.191156 0.0926431 0.934996
 -0.186366 0.117837 0.915645
 -0.183083 0.13219 0.901057
 -0.216015 0.0808249 0.939961
 -0.211021 0.0909564 0.935404
 -0.196742 0.119701 0.921892
 -0.191826 0.124992 0.90719
 -0.245441 0.0717701 0.939699
 -0.240785 0.0828995 0.939186
 -0.227685 0.112631 0.934283
 -0.224168 0.120612 0.932967
 -0.234235 0.0977652 0.936734
 -0.203882 0.105329 0.928648
 -0.188761 0.10524 0.925321
 -0.166487 0.0925639 0.938777
