 -0.0869027 -0.0905624 0.992894
 -0.0734605 -0.132537 0.991385
 -0.0413915 -0.0875161 0.981302
 -0.0394276 -0.0686075 0.961136
 -0.0422016 -0.0586249 0.940197
 -0.0643825 -0.0462129 1.0032
 -0.0649668 -0.0254379 1.00004
 -0.0613325 -0.00345722 0.979311
 -0.059364 0.00352295 0.969395
 -0.0861314 -0.0421234 0.992485
 -0.0833585 -0.0293644 0.977736
 -0.0787318 -0.00895314 0.953362
 -0.0747073 -0.000819441 0.934727
 -0.109795 -0.0472795 0.985253
 -0.10841 -0.038263 0.977182
 -0.104368 -0.0127412 0.953836
 -0.102338 -0.00115551 0.942436
 -0.132651 -0.0665293 0.984735
 -0.140038 -0.0570031 0.984037
 -0.158284 -0.0308894 0.975988
 -0.158077 -0.0277787 0.967738
 -0.149161 -0.0439462 0.980012
 -0.106389 -0.0255021 0.965509
 -0.0810452 -0.0191588 0.965549
 -0.0631497 -0.0144476 0.989677
