 -0.0473707 0.06562 0.925473
 -0.0549089 0.0223932 0.921066
 -0.00718131 0.0487451 0.907339
 0.00262698 0.0668606 0.888801
 0.00954577 0.0817719 0.8722
 -0.00601439 0.0940168 0.933441
 -0.00313795 0.0957524 0.91269
 0.00102658 0.0982652 0.882647
 0.00277142 0.0987667 0.870497
 -0.0282217 0.111206 0.931682
 -0.0318925 0.130534 0.932671
 -0.0285591 0.138342 0.901687
 -0.0264085 0.14338 0.881697
 -0.0483631 0.116013 0.92359
 -0.0435983 0.125382 0.917436
 -0.0321373 0.145176 0.891176
 -0.0276368 0.152021 0.876992
 -0.0776543 0.108272 0.924567
 -0.0736113 0.119645 0.924234
 -0.0626096 0.150593 0.923329
 -0.0596204 0.158863 0.922647
 -0.0681104 0.135119 0.923782
 -0.0378678 0.135279 0.904306
 -0.0302258 0.134438 0.917179
 -0.00105568 0.0970088 0.897668
