 0.0142818 -0.0695095 0.925811
 0.020592 -0.113118 0.927625
 0.0671669 -0.0855472 0.953556
 0.0840472 -0.0644932 0.947244
 0.0952918 -0.0483027 0.934705
 0.0405819 -0.028952 0.941418
 0.0366097 -0.00858076 0.938084
 0.0485756 0.00039876 0.911581
 0.0534057 0.00402341 0.900882
 0.0202082 -0.0209885 0.925577
 0.0205 -0.00696212 0.91175
 0.0213623 0.015552 0.888848
 0.0284048 0.0217145 0.870354
 0.00146389 -0.0237377 0.912546
 0.0063384 -0.0157499 0.904749
 0.0202753 0.00708817 0.882458
 0.0269043 0.0176118 0.871799
 -0.0234916 -0.0388223 0.906613
 -0.0239302 -0.0284058 0.900521
 -0.0150568 -0.0119272 0.873515
 -0.0126745 -0.00750464 0.866265
 -0.0194935 -0.0201665 0.887018
 0.0133069 -0.00433089 0.893604
 0.0209311 0.00429495 0.900299
 0.0425926 -0.004091 0.924832
