 0.091751 -0.11655 0.915471
 0.0848027 -0.15575 0.934442
 0.134454 -0.14819 0.905636
 0.149769 -0.14353 0.883012
 0.155481 -0.144076 0.860366
 0.131623 -0.0853144 0.911629
 0.133484 -0.0709229 0.89642
 0.140557 -0.0680942 0.866955
 0.14342 -0.0670081 0.855058
 0.110373 -0.0733977 0.898191
 0.107863 -0.0565794 0.888248
 0.111219 -0.047427 0.857636
 0.115205 -0.0481074 0.837307
 0.0902282 -0.0733612 0.887213
 0.0945874 -0.0657748 0.878739
 0.107052 -0.0440878 0.85451
 0.113247 -0.0363168 0.84149
 0.0620219 -0.0835544 0.887821
 0.0642592 -0.0738338 0.881016
 0.070369 -0.0474345 0.862432
 0.0720478 -0.0404417 0.857325
 0.0673141 -0.0606341 0.871724
 0.10082 -0.0549313 0.866625
 0.109541 -0.0520032 0.872942
 0.13702 -0.0695086 0.881688
