 -0.146979 -0.0989478 1.06486
 -0.133531 -0.139702 1.07501
 -0.0852191 -0.106405 1.0618
 -0.0707456 -0.0871966 1.04803
 -0.0597887 -0.0715806 1.03454
 -0.123886 -0.0540166 1.05956
 -0.125037 -0.0354643 1.04974
 -0.124634 -0.0156493 1.02664
 -0.12437 -0.00807733 1.01697
 -0.14848 -0.0489751 1.05459
 -0.152659 -0.0303239 1.04983
 -0.158338 -0.00188625 1.036
 -0.160373 0.0124571 1.02118
 -0.171801 -0.0554513 1.0514
 -0.172724 -0.0439041 1.04763
 -0.174566 -0.0126298 1.03243
 -0.175032 0.000947789 1.02328
 -0.193333 -0.0775511 1.05343
 -0.199903 -0.0678558 1.05049
 -0.216609 -0.0430276 1.03692
 -0.220986 -0.0365099 1.0329
 -0.208256 -0.0554417 1.04371
 -0.173645 -0.028267 1.04003
 -0.155499 -0.0161051 1.04291
 -0.124836 -0.0255568 1.03819
