 -0.134987 -0.0600776 1.0262
 -0.138119 -0.104035 1.02455
 -0.0906204 -0.0787283 1.00392
 -0.076318 -0.0627253 0.986387
 -0.0664762 -0.050156 0.96933
 -0.0983923 -0.0273581 1.03925
 -0.0953825 -0.0169742 1.02122
 -0.0891204 -0.00614319 0.99348
 -0.0865926 -0.00177118 0.982281
 -0.118204 -0.0124503 1.03086
 -0.115487 0.00670755 1.02717
 -0.105433 0.00224568 0.99699
 -0.0990951 -0.0018428 0.977684
 -0.141147 -0.00843584 1.023
 -0.138206 0.00332755 1.02185
 -0.126654 0.00476902 0.989024
 -0.123429 -0.00276487 0.974842
 -0.167685 -0.0206864 1.01542
 -0.162494 -0.0128685 1.00782
 -0.149669 -0.00393896 0.978913
 -0.146227 -0.00154201 0.971155
 -0.156082 -0.00840371 0.993365
 -0.13243 0.00404829 1.00543
 -0.11046 0.00447662 1.01208
 -0.0922514 -0.0115587 1.00735
