 0.130486 -0.0840503 0.909557
 0.12826 -0.126974 0.919425
 0.174271 -0.101936 0.898082
 0.164415 -0.106267 0.872545
 0.148097 -0.120663 0.881046
 0.167148 -0.0489247 0.911073
 0.170765 -0.031728 0.899538
 0.177971 -0.0149665 0.875179
 0.181209 -0.0112035 0.863941
 0.145863 -0.0401234 0.897333
 0.14621 -0.0319904 0.879395
 0.147622 -0.0206396 0.849374
 0.149951 -0.016749 0.829149
 0.123647 -0.0348401 0.894778
 0.127186 -0.0235653 0.891828
 0.136038 -0.0320583 0.859236
 0.139811 -0.0373446 0.844198
 0.0962096 -0.048876 0.89153
 0.0958187 -0.0379488 0.886407
 0.0947549 -0.0082144 0.872465
 0.0946034 -0.000444757 0.868294
 0.0952868 -0.0230816 0.879436
 0.131612 -0.0278118 0.875532
 0.146916 -0.026315 0.864385
 0.174368 -0.0233472 0.887358
