 -0.0557046 -0.0901014 1.02154
 -0.0649313 -0.133214 1.02056
 -0.0133969 -0.11231 1.00944
 0.00923704 -0.0969422 1.00502
 0.028297 -0.0839791 1.00121
 -0.0153651 -0.0625339 1.03543
 -0.00467044 -0.0546892 1.01912
 -0.0103798 -0.0796828 1.00272
 -0.0126844 -0.0897717 0.996102
 -0.0311441 -0.0498078 1.02158
 -0.0216507 -0.044218 1.00525
 -0.0293963 -0.0720304 0.991155
 -0.0395602 -0.0785566 1.008
 -0.0545906 -0.0471058 1.0096
 -0.0502203 -0.0477823 0.998253
 -0.0426201 -0.0815068 0.994054
 -0.0477801 -0.0845673 1.0093
 -0.0821192 -0.0467807 1.00879
 -0.0777867 -0.0474514 0.997534
 -0.0660312 -0.0493524 0.966911
 -0.0690557 -0.0573346 0.96469
 -0.0719089 -0.0484019 0.982222
 -0.0464202 -0.0646445 0.996153
 -0.0255235 -0.0581242 0.998202
 -0.0075251 -0.067186 1.01092
