 -0.0565227 -0.0972204 1.0044
 -0.0664465 -0.138652 1.01579
 -0.0171833 -0.114593 1.0084
 -0.00329988 -0.0986975 0.990437
 0.00832065 -0.0853219 0.97521
 -0.0132868 -0.0716891 0.996716
 -0.0155503 -0.0519286 0.989913
 -0.0188273 -0.0233194 0.980063
 -0.0201552 -0.0120646 0.975321
 -0.0333005 -0.0540083 0.992287
 -0.0318732 -0.0350509 0.987131
 -0.0295454 -0.00413213 0.97872
 -0.028121 0.0146774 0.97013
 -0.0575027 -0.0463713 0.990652
 -0.0557739 -0.0347412 0.987473
 -0.0508309 -0.00148956 0.978383
 -0.0485103 0.0140855 0.973874
 -0.0847761 -0.0545934 0.993364
 -0.0794573 -0.0441537 0.990443
 -0.0649867 -0.0157857 0.982351
 -0.061122 -0.00834155 0.979623
 -0.072222 -0.0299697 0.986397
 -0.0533024 -0.0181154 0.982928
 -0.0307093 -0.0195915 0.982925
 -0.0171888 -0.037624 0.984988
