 -0.054777 -0.0361421 1.08999
 -0.0700421 -0.0742622 1.10607
 -0.106194 -0.0295931 1.12299
 -0.117327 -0.00485136 1.12864
 -0.126712 0.0160058 1.1334
 -0.0757411 0.00862985 1.07832
 -0.0629005 0.0234673 1.07078
 -0.0442437 0.045074 1.06023
 -0.0367128 0.0537957 1.05597
 -0.0505605 0.0115668 1.07263
 -0.0443138 0.0288228 1.06547
 -0.0340846 0.0570432 1.05402
 -0.0273695 0.0754613 1.04729
 -0.027972 0.00401663 1.07106
 -0.0264181 0.0153352 1.06684
 -0.0219752 0.0476966 1.05476
 -0.0198855 0.0629181 1.04909
 -0.00760159 -0.0189729 1.07527
 -0.000259538 -0.0103448 1.07944
 0.018699 0.0124282 1.09364
 0.0193924 0.0144252 1.10221
 0.00921975 0.00104172 1.08654
 -0.0241967 0.0315159 1.0608
 -0.0391992 0.042933 1.05974
 -0.0535721 0.0342706 1.06551
