 -0.0901862 -0.142996 0.966061
 -0.0707367 -0.182339 0.961739
 -0.049477 -0.133808 0.97776
 -0.050894 -0.113139 0.959354
 -0.0522712 -0.0961612 0.943364
 -0.075519 -0.0976626 0.983665
 -0.0689671 -0.0923098 0.964422
 -0.0475482 -0.101515 0.944858
 -0.0383558 -0.109422 0.942885
 -0.102067 -0.0953832 0.974672
 -0.115547 -0.0812041 0.97238
 -0.108999 -0.0697933 0.943071
 -0.104774 -0.0624315 0.924161
 -0.125383 -0.103659 0.96502
 -0.134104 -0.0951789 0.964409
 -0.123322 -0.0862409 0.932525
 -0.118251 -0.0820367 0.917528
 -0.137814 -0.124371 0.955026
 -0.138404 -0.112875 0.95138
 -0.134839 -0.087495 0.930818
 -0.132317 -0.0844093 0.92295
 -0.136622 -0.100185 0.941099
 -0.128713 -0.0907099 0.948467
 -0.112273 -0.0754987 0.957726
 -0.0582576 -0.0969122 0.95464
