 -0.0873372 -0.134311 1.03688
 -0.0758699 -0.17668 1.04115
 -0.0426089 -0.132506 1.03464
 -0.0381687 -0.11348 1.01499
 -0.037102 -0.100976 0.995279
 -0.0630922 -0.090027 1.04248
 -0.0716256 -0.0751783 1.03029
 -0.0744816 -0.0625274 1.00276
 -0.0734923 -0.0598711 0.990804
 -0.0854901 -0.0842136 1.03253
 -0.0851044 -0.0674578 1.02218
 -0.0779325 -0.0596956 0.991845
 -0.0733055 -0.0546878 0.972272
 -0.109552 -0.088242 1.02853
 -0.109717 -0.0761834 1.02682
 -0.100308 -0.0804685 0.993564
 -0.0958823 -0.0824841 0.977923
 -0.13158 -0.109551 1.02397
 -0.128352 -0.109848 1.01234
 -0.109341 -0.135981 1.01828
 -0.104238 -0.142996 1.01988
 -0.118847 -0.122915 1.01531
 -0.105013 -0.078326 1.01019
 -0.0815185 -0.0635767 1.00701
 -0.0730536 -0.0688528 1.01652
