 -0.137686 -0.124239 0.936737
 -0.107339 -0.156236 0.936626
 -0.0979876 -0.101389 0.942911
 -0.0996397 -0.0758527 0.93227
 -0.101036 -0.0543578 0.923225
 -0.140259 -0.0775448 0.956568
 -0.149155 -0.0622954 0.945158
 -0.125895 -0.0633888 0.925561
 -0.11565 -0.0656191 0.919159
 -0.161616 -0.0797288 0.944128
 -0.170895 -0.0623581 0.943701
 -0.155713 -0.0544041 0.916528
 -0.141786 -0.0638242 0.904408
 -0.171443 -0.0960976 0.922767
 -0.168146 -0.0899723 0.912769
 -0.158285 -0.0728597 0.884087
 -0.148576 -0.071026 0.871023
 -0.18562 -0.11927 0.916374
 -0.182685 -0.112241 0.907005
 -0.174172 -0.0937266 0.881229
 -0.17181 -0.0888489 0.874271
 -0.178428 -0.102984 0.894117
 -0.163216 -0.081416 0.898428
 -0.163304 -0.0583811 0.930115
 -0.137525 -0.0628421 0.93536
