 -0.165762 -0.0579039 1.03153
 -0.15312 -0.097131 1.04723
 -0.117384 -0.0584258 1.02666
 -0.107701 -0.0431074 1.00569
 -0.100332 -0.0318218 0.986605
 -0.145432 -0.0113556 1.03119
 -0.135976 -0.0156216 1.0129
 -0.117433 -0.0291074 0.992891
 -0.1096 -0.0351947 0.985644
 -0.169291 -0.00973952 1.01762
 -0.177696 0.00491155 1.00749
 -0.161723 -0.0041571 0.981132
 -0.151375 -0.0100829 0.964179
 -0.18878 -0.0167105 1.01002
 -0.18984 -0.0050268 1.00674
 -0.174178 -0.0120619 0.976445
 -0.166875 -0.0215489 0.965267
 -0.207908 -0.0407299 1.00573
 -0.202479 -0.0431769 0.995224
 -0.17918 -0.0662851 0.996898
 -0.177458 -0.0700586 1.00468
 -0.19083 -0.054731 0.996061
 -0.182009 -0.00854433 0.991594
 -0.169709 0.000377223 0.994311
 -0.126705 -0.0223645 1.0029
