 0.155665 -0.034198 0.920714
 0.170977 -0.0431978 0.961079
 0.197859 -0.0264341 0.915729
 0.200389 -0.032085 0.888716
 0.202408 -0.0370767 0.865982
 0.176756 -0.0188066 0.877142
 0.175858 -0.0238333 0.856751
 0.177322 -0.0436553 0.833704
 0.179104 -0.0553908 0.830537
 0.153855 -0.0264044 0.872268
 0.154294 -0.037132 0.855754
 0.156109 -0.0591096 0.832391
 0.157735 -0.0749718 0.819149
 0.124788 -0.0300315 0.878543
 0.117937 -0.0323038 0.868732
 0.116543 -0.0630431 0.852426
 0.115887 -0.0775017 0.844756
 0.108281 -0.0351402 0.898557
 0.10848 -0.0414103 0.88824
 0.109565 -0.0607918 0.861729
 0.110619 -0.068688 0.857944
 0.109022 -0.051101 0.874985
 0.11724 -0.0476734 0.860579
 0.155202 -0.0481208 0.844072
 0.17659 -0.0337443 0.845227
