 -0.152105 -0.107481 0.987826
 -0.183485 -0.127525 1.01146
 -0.184376 -0.0789074 0.985076
 -0.179812 -0.0557708 0.970519
 -0.175962 -0.0362659 0.958249
 -0.149077 -0.063575 0.962463
 -0.137395 -0.0506738 0.950675
 -0.120481 -0.0319956 0.933608
 -0.112554 -0.0227656 0.931906
 -0.128312 -0.074767 0.968787
 -0.121772 -0.0658136 0.985068
 -0.111104 -0.0512108 1.01162
 -0.105919 -0.04255 1.02972
 -0.111732 -0.0934623 0.974948
 -0.107688 -0.0879261 0.985015
 -0.0994129 -0.0727144 1.01523
 -0.0955208 -0.0655594 1.02944
 -0.102921 -0.119556 0.974706
 -0.0958189 -0.111505 0.969179
 -0.076448 -0.0895311 0.954295
 -0.0708471 -0.0830097 0.952322
 -0.0861334 -0.100518 0.961737
 -0.10355 -0.0803202 1.00012
 -0.116438 -0.0585122 0.998345
 -0.128938 -0.0413347 0.942141
