 -0.167164 -0.0466066 0.973434
 -0.134566 -0.0753853 0.966087
 -0.131599 -0.0251249 0.989765
 -0.139936 -0.00280273 0.975614
 -0.147021 0.0139331 0.960933
 -0.170472 -0.00159939 0.996749
 -0.165999 0.0081128 0.978651
 -0.14781 0.0154401 0.955376
 -0.13799 0.016064 0.948021
 -0.193558 -0.00558886 0.988883
 -0.20488 0.00961792 0.99423
 -0.207116 0.0340673 0.973509
 -0.196135 0.0313089 0.956147
 -0.212277 -0.0203445 0.972253
 -0.22078 -0.0122287 0.969063
 -0.229863 0.0111296 0.944884
 -0.217979 0.0109105 0.933613
 -0.21809 -0.0452573 0.961526
 -0.22503 -0.0359352 0.964804
 -0.232484 -0.00767244 0.949795
 -0.233223 -0.000863915 0.944237
 -0.228757 -0.0218038 0.957299
 -0.225322 -0.000549556 0.956973
 -0.205998 0.0218426 0.98387
 -0.156905 0.0117764 0.967013
