 -0.199216 -0.0515977 0.776038
 -0.239512 -0.0348869 0.769576
 -0.194598 -0.00933168 0.790322
 -0.175012 -0.00888534 0.809923
 -0.160374 -0.0102333 0.828082
 -0.152945 -0.0316947 0.782604
 -0.156089 -0.0312413 0.803384
 -0.185784 -0.0264078 0.798785
 -0.188492 -0.0259352 0.786812
 -0.156744 -0.0547709 0.789649
 -0.159679 -0.0543568 0.809123
 -0.182647 -0.0322395 0.805191
 -0.186098 -0.0266145 0.785543
 -0.166752 -0.0784534 0.790776
 -0.168574 -0.0781907 0.802817
 -0.193465 -0.0542169 0.798527
 -0.1949 -0.0509349 0.782544
 -0.179971 -0.100084 0.780007
 -0.170491 -0.101643 0.787322
 -0.152167 -0.104693 0.814425
 -0.147249 -0.105511 0.8217
 -0.161329 -0.103168 0.800873
 -0.181019 -0.0662038 0.800672
 -0.171163 -0.0432981 0.807157
 -0.170936 -0.0288245 0.801084
