 -0.0385855 -0.0620324 0.985528
 -0.0409341 -0.105942 0.982173
 0.000329021 -0.0772506 1.00733
 0.0176622 -0.0585566 1.0182
 0.035381 -0.0440794 1.01348
 -0.0181326 -0.0298341 1.01907
 -0.00535995 -0.0179251 1.00737
 0.0131979 -0.000765854 0.990416
 0.0206889 0.00616061 0.983573
 -0.0270991 -0.0156692 0.997069
 -0.0207681 0.000586839 0.987921
 0.00647399 0.00206324 0.970956
 0.0240496 0.00301576 0.960011
 -0.0409845 -0.0104332 0.980896
 -0.0389245 0.00112055 0.984155
 -0.00909783 0.000898154 0.966181
 0.00225255 -0.00608598 0.956658
 -0.0558625 -0.0221816 0.956364
 -0.0455203 -0.0222587 0.950132
 -0.0200049 -0.0407732 0.940869
 -0.0174699 -0.0491276 0.942122
 -0.0327626 -0.031516 0.945501
 -0.0240112 0.00100935 0.975168
 -0.00714707 0.00132504 0.979439
 0.00391896 -0.00934549 0.998893
