 -0.178601 -0.0987023 1.00613
 -0.18368 -0.142415 1.00326
 -0.138932 -0.115015 0.981696
 -0.131104 -0.0980169 0.961255
 -0.127288 -0.0847256 0.942424
 -0.138826 -0.0677092 1.01226
 -0.136256 -0.0546579 0.99598
 -0.132577 -0.0468637 0.966791
 -0.131101 -0.0439792 0.954941
 -0.161088 -0.0534735 1.00568
 -0.163211 -0.0387657 0.992745
 -0.163103 -0.0248467 0.96379
 -0.162846 -0.0164625 0.944836
 -0.182556 -0.0483947 1.00291
 -0.178436 -0.0387775 0.996677
 -0.169851 -0.0230521 0.966815
 -0.167173 -0.0198114 0.950984
 -0.211348 -0.0579309 1.00456
 -0.207156 -0.0478366 0.999426
 -0.196428 -0.0236156 0.979987
 -0.193995 -0.0187728 0.973029
 -0.201792 -0.0357261 0.989707
 -0.174144 -0.0309148 0.981746
 -0.163157 -0.0318062 0.978268
 -0.134417 -0.0507608 0.981386
