 -0.0679977 -0.16073 0.93184
 -0.0697268 -0.197834 0.908068
 -0.0519551 -0.189487 0.959787
 -0.0360001 -0.173132 0.97547
 -0.0225501 -0.159344 0.988692
 -0.0526239 -0.149128 0.978842
 -0.0548014 -0.128757 0.983552
 -0.0579541 -0.0992647 0.99037
 -0.0592267 -0.0873598 0.993122
 -0.060001 -0.127352 0.96978
 -0.0569611 -0.113394 0.983342
 -0.0520029 -0.0906284 1.00546
 -0.0488041 -0.0759411 1.01973
 -0.06259 -0.117621 0.942076
 -0.0513678 -0.115449 0.937869
 -0.0432247 -0.135744 0.910766
 -0.0528565 -0.147099 0.90394
 -0.0810449 -0.110884 0.922772
 -0.0699195 -0.10873 0.918602
 -0.0740613 -0.131844 0.895619
 -0.079234 -0.137962 0.891931
 -0.0719904 -0.120287 0.90711
 -0.0472963 -0.125596 0.924318
 -0.054482 -0.102011 0.994402
 -0.0563778 -0.114011 0.986961
