 -0.0780104 -0.0634065 1.05854
 -0.0794276 -0.106997 1.05201
 -0.033182 -0.0757425 1.0418
 -0.0176761 -0.0555698 1.03081
 -0.00738847 -0.0392113 1.01768
 -0.0425084 -0.0308627 1.07468
 -0.0436072 -0.0132511 1.06326
 -0.039332 0.00334654 1.03811
 -0.0365126 0.00765118 1.02695
 -0.0653023 -0.0161623 1.06773
 -0.069736 0.00277376 1.0646
 -0.060938 0.0103473 1.03465
 -0.0531745 0.00781127 1.0156
 -0.0858461 -0.0123412 1.06308
 -0.0828326 -0.000826301 1.06566
 -0.0720968 0.00373806 1.03285
 -0.0698869 -0.00247238 1.01785
 -0.112434 -0.0244453 1.05269
 -0.110751 -0.017925 1.04267
 -0.0978611 -0.0241095 1.01309
 -0.0941514 -0.0308064 1.00871
 -0.104306 -0.0210172 1.02788
 -0.0774647 0.00145588 1.04925
 -0.065337 0.00656056 1.04963
 -0.0414696 -0.00495228 1.05068
