 -0.225869 -0.0195626 0.951348
 -0.213804 -0.0618665 0.948248
 -0.187684 -0.0194728 0.972602
 -0.183225 -0.00993155 0.946968
 -0.180254 -0.00402485 0.92456
 -0.209136 0.0204928 0.977725
 -0.219658 0.0382099 0.97357
 -0.234892 0.0638609 0.967554
 -0.238727 0.074513 0.962785
 -0.230186 0.0293564 0.962955
 -0.238051 0.0473913 0.96201
 -0.249288 0.0772963 0.95861
 -0.256447 0.0966117 0.956314
 -0.245481 0.0256663 0.940375
 -0.244537 0.0348327 0.93241
 -0.235136 0.0566384 0.906938
 -0.222605 0.0467969 0.903138
 -0.263326 0.00946976 0.929186
 -0.263846 0.0213988 0.930984
 -0.265259 0.0538594 0.935876
 -0.265638 0.0625729 0.93719
 -0.264552 0.0376291 0.93343
 -0.239836 0.0457356 0.919674
 -0.243669 0.0623438 0.96031
 -0.227275 0.0510354 0.970562
