 0.040844 -0.128695 0.772292
 0.00810346 -0.117655 0.744888
 0.0614765 -0.102995 0.744127
 0.0561829 -0.0914739 0.76877
 0.0477716 -0.0825387 0.78865
 0.090337 -0.11761 0.775077
 0.0975366 -0.105659 0.7908
 0.0857383 -0.081263 0.804653
 0.080971 -0.0714158 0.810241
 0.0792087 -0.126081 0.795097
 0.0750735 -0.110443 0.806338
 0.0638861 -0.0832096 0.819196
 0.0499945 -0.0703196 0.810801
 0.0626907 -0.138751 0.810315
 0.0604563 -0.129245 0.817596
 0.0376741 -0.104121 0.809693
 0.0268404 -0.0925865 0.805462
 0.0441512 -0.158589 0.815099
 0.0416169 -0.149003 0.821991
 0.0255492 -0.13076 0.799886
 0.0212361 -0.125863 0.793952
 0.0335831 -0.139881 0.810938
 0.0490652 -0.116683 0.813644
 0.0694798 -0.0968261 0.812767
 0.0916374 -0.0934608 0.797726
