 -0.0841729 -0.0276362 1.03809
 -0.0650229 -0.0673549 1.03738
 -0.0370576 -0.0209923 1.05528
 -0.0267908 0.003688 1.04797
 -0.018136 0.0244933 1.0418
 -0.0790621 0.0139498 1.06681
 -0.0644074 0.0212523 1.05362
 -0.0421935 0.02795 1.03393
 -0.0329699 0.0259496 1.02606
 -0.0967088 0.0203323 1.05073
 -0.102485 0.0387778 1.05452
 -0.096946 0.0696772 1.04769
 -0.09337 0.0896115 1.04328
 -0.111958 0.0156026 1.03116
 -0.115531 0.027008 1.0335
 -0.125706 0.0596372 1.04017
 -0.119071 0.0730626 1.03354
 -0.121399 -0.00450043 1.00952
 -0.124941 0.00680668 1.01185
 -0.133567 0.038044 1.01728
 -0.135883 0.046429 1.01873
 -0.129254 0.0224253 1.01456
 -0.120619 0.0433226 1.03684
 -0.0997157 0.0542275 1.05111
 -0.0533004 0.0246011 1.04378
