 -0.0578052 -0.0389571 1.08976
 -0.064657 -0.0794313 1.10587
 -0.101527 -0.0375419 1.12104
 -0.115608 -0.0139616 1.12475
 -0.126997 0.00613448 1.12825
 -0.086251 0.0028545 1.08498
 -0.0759872 0.0189842 1.07624
 -0.0588066 0.0440736 1.07498
 -0.0518716 0.0542011 1.07447
 -0.0606685 0.00837741 1.07454
 -0.0511019 0.0234405 1.0662
 -0.0354805 0.0480267 1.05265
 -0.0253437 0.0639483 1.04409
 -0.0405251 0.00525994 1.06888
 -0.0412855 0.016839 1.06518
 -0.0434595 0.0499451 1.05459
 -0.039609 0.0618184 1.0652
 -0.0169056 -0.0147956 1.06784
 -0.0135053 -0.00873981 1.07771
 -0.00425259 0.0077388 1.10459
 -0.0019922 0.00368308 1.11209
 -0.00887892 -0.000500501 1.09115
 -0.0423725 0.0333921 1.05988
 -0.0432912 0.0357336 1.05943
 -0.0673969 0.0315289 1.07561
