 -0.0772437 -0.0112517 0.9712
 -0.0557438 -0.0456226 0.953844
 -0.0358561 -0.00332845 0.983757
 -0.0358755 0.0237752 0.977974
 -0.0363088 0.0462083 0.971465
 -0.0655971 0.0247011 1.00514
 -0.0604989 0.03905 0.990648
 -0.0531121 0.0598192 0.969665
 -0.0501304 0.0682029 0.961194
 -0.0919158 0.0291758 0.996496
 -0.106308 0.0421429 1.00007
 -0.101625 0.0656279 0.978649
 -0.0968693 0.0796147 0.964111
 -0.112389 0.026316 0.97981
 -0.119043 0.0363716 0.978089
 -0.116943 0.0632756 0.956077
 -0.115671 0.0757872 0.945582
 -0.125161 0.00880419 0.964969
 -0.126318 0.0207645 0.96616
 -0.123795 0.0525249 0.958126
 -0.121361 0.0589942 0.952648
 -0.125056 0.0366447 0.962143
 -0.117993 0.0498236 0.967083
 -0.103966 0.0538854 0.989357
 -0.0568055 0.0494346 0.980157
