 0.0739636 -0.123465 0.814386
 0.0783753 -0.151451 0.848181
 0.051614 -0.103091 0.845367
 0.0539154 -0.0767467 0.837077
 0.0571813 -0.054713 0.83003
 0.0506312 -0.0788272 0.807811
 0.0608371 -0.0672171 0.793566
 0.0756133 -0.0504079 0.772942
 0.0846374 -0.0429918 0.769135
 0.0611359 -0.0832649 0.785516
 0.0578267 -0.06852 0.772881
 0.0812931 -0.0466988 0.775182
 0.0964328 -0.0326206 0.776667
 0.0743207 -0.0972278 0.769652
 0.0716207 -0.088017 0.762154
 0.0884228 -0.0582201 0.755629
 0.0963258 -0.0442048 0.75256
 0.0907844 -0.123055 0.764848
 0.100826 -0.117282 0.768259
 0.128147 -0.101589 0.777582
 0.134613 -0.0988984 0.782944
 0.114487 -0.109435 0.77292
 0.0800217 -0.0731185 0.758891
 0.0695599 -0.0576094 0.774032
 0.0682252 -0.0588125 0.783254
