 -0.137447 -0.139048 0.940564
 -0.11273 -0.175394 0.944151
 -0.0999695 -0.122525 0.954268
 -0.103298 -0.102244 0.935677
 -0.106535 -0.0871739 0.918121
 -0.129542 -0.0895461 0.948765
 -0.123347 -0.0871857 0.928816
 -0.0979558 -0.103633 0.925496
 -0.0939483 -0.1097 0.935397
 -0.1543 -0.0930338 0.936845
 -0.16502 -0.082295 0.924284
 -0.143791 -0.0883926 0.900954
 -0.130095 -0.0923265 0.885902
 -0.173578 -0.105406 0.927129
 -0.177964 -0.0977829 0.918703
 -0.165987 -0.0956292 0.886074
 -0.159603 -0.0954342 0.87099
 -0.186852 -0.129739 0.926086
 -0.183264 -0.128379 0.914637
 -0.168479 -0.141614 0.888448
 -0.16451 -0.145167 0.881418
 -0.175871 -0.134997 0.901542
 -0.171976 -0.0967061 0.902388
 -0.154406 -0.0853438 0.912619
 -0.110651 -0.0954091 0.927156
