 -0.0651524 -0.0238441 1.09648
 -0.0603722 -0.0675842 1.09351
 -0.0233311 -0.0285011 1.07858
 -0.0136032 -0.00554996 1.06647
 -0.00620607 0.0136264 1.05536
 -0.0331009 0.0154598 1.09932
 -0.0347093 0.0357112 1.09392
 -0.037038 0.0650312 1.0861
 -0.037978 0.0768665 1.08294
 -0.0556948 0.0262792 1.09894
 -0.0543561 0.0458755 1.09745
 -0.052242 0.0767862 1.08896
 -0.0510714 0.0938587 1.07726
 -0.0806004 0.0254126 1.09738
 -0.0791712 0.0372758 1.09502
 -0.0750846 0.0711942 1.08826
 -0.0731642 0.0871357 1.08503
 -0.106334 0.00836131 1.09847
 -0.107985 0.0186178 1.09231
 -0.112477 0.0465226 1.07555
 -0.113563 0.0534052 1.07015
 -0.110231 0.0325702 1.08393
 -0.0771279 0.054235 1.09164
 -0.0532991 0.0613309 1.0932
 -0.0358737 0.0503712 1.09001
