 -0.0333392 -0.0833131 1.00381
 -0.0278823 -0.125003 1.01711
 0.00652856 -0.0818099 1.02035
 0.0156799 -0.0636854 1.00149
 0.0216242 -0.051405 0.982525
 -0.00464833 -0.0414131 1.005
 -0.00758632 -0.0224462 0.99643
 -0.011686 0.00488561 0.983686
 -0.0133408 0.0159183 0.978541
 -0.0251481 -0.0339313 0.993408
 -0.0225841 -0.0154337 0.987141
 -0.0184017 0.0147346 0.976918
 -0.0157033 0.034198 0.970322
 -0.0487657 -0.0374453 0.985158
 -0.0476979 -0.0256077 0.982496
 -0.0446448 0.00823744 0.974886
 -0.0399063 0.0191161 0.963594
 -0.072167 -0.0572152 0.980391
 -0.0707353 -0.0457518 0.976878
 -0.0668396 -0.0145583 0.967316
 -0.0657938 -0.00618497 0.96475
 -0.0687874 -0.030155 0.972097
 -0.0461714 -0.00868514 0.978691
 -0.0204929 -0.000349587 0.982029
 -0.00963615 -0.00878029 0.990058
