 -0.0183428 -0.1053 0.986487
 -0.0130231 -0.149059 0.985214
 0.0270655 -0.110617 0.991991
 0.039111 -0.0904762 0.97725
 0.0489985 -0.0737968 0.964217
 0.00772883 -0.0667443 1.00683
 0.0120838 -0.0547576 0.990121
 0.0281279 -0.0520093 0.964406
 0.0349365 -0.0516444 0.954187
 -0.00929067 -0.0589241 0.989503
 -0.00180145 -0.0490665 0.974181
 0.013492 -0.0403235 0.947315
 0.0200985 -0.0597997 0.944738
 -0.0333175 -0.0572992 0.975868
 -0.0330341 -0.0474748 0.968674
 -0.0114066 -0.0568517 0.943041
 -0.00110226 -0.0655606 0.933752
 -0.054228 -0.0722867 0.967527
 -0.0544937 -0.0602645 0.968624
 -0.0543666 -0.0274471 0.970245
 -0.0543325 -0.018638 0.97068
 -0.0544301 -0.0438558 0.969434
 -0.0222204 -0.0521632 0.955858
 0.00584527 -0.044695 0.960748
 0.0201059 -0.0533835 0.977264
