 -0.146759 -0.0261217 0.861912
 -0.105861 -0.0381166 0.873239
 -0.111127 0.000493526 0.830219
 -0.119717 0.0182419 0.810745
 -0.125548 0.0240193 0.788872
 -0.169749 0.0182772 0.852948
 -0.186332 0.0159014 0.840249
 -0.2017 0.0124384 0.81421
 -0.201044 0.0114077 0.801986
 -0.186081 0.000672477 0.846037
 -0.197796 0.00711998 0.831572
 -0.211727 0.0153672 0.803823
 -0.219057 0.0199393 0.784982
 -0.195758 -0.0222103 0.846315
 -0.204664 -0.0168176 0.839993
 -0.22066 -0.0058458 0.811071
 -0.226084 -0.00175215 0.796168
 -0.191129 -0.052127 0.852315
 -0.199761 -0.0468981 0.845686
 -0.220497 -0.0339033 0.823759
 -0.225754 -0.0305594 0.817516
 -0.210129 -0.0404007 0.834722
 -0.212662 -0.0113317 0.825532
 -0.204762 0.0112436 0.817698
 -0.194016 0.0141699 0.827229
