 -0.149253 -0.14432 0.966146
 -0.137038 -0.18559 0.975761
 -0.104395 -0.141276 0.967131
 -0.0997833 -0.125928 0.94452
 -0.100881 -0.122072 0.921505
 -0.126786 -0.0988535 0.969015
 -0.122103 -0.0889044 0.951099
 -0.115318 -0.0745103 0.925156
 -0.112006 -0.070634 0.913979
 -0.149993 -0.0940138 0.958535
 -0.153621 -0.0759262 0.95163
 -0.155272 -0.0506958 0.931809
 -0.148974 -0.0497721 0.912084
 -0.170493 -0.102092 0.947619
 -0.168929 -0.0928371 0.939856
 -0.164454 -0.0663847 0.917653
 -0.162284 -0.0540691 0.907074
 -0.1929 -0.12262 0.947142
 -0.194428 -0.110816 0.945112
 -0.198143 -0.0788638 0.938411
 -0.199107 -0.0703012 0.936528
 -0.196286 -0.0948398 0.941761
 -0.166692 -0.0796109 0.928755
 -0.154446 -0.063311 0.941719
 -0.11871 -0.0817073 0.938128
