 -0.0657702 -0.0829662 1.05473
 -0.0635108 -0.110348 1.08922
 -0.026116 -0.0994182 1.04995
 -0.0110971 -0.0906228 1.02838
 -0.000456472 -0.0843296 1.00856
 -0.0338565 -0.0697582 1.01748
 -0.0423598 -0.0565611 1.0035
 -0.0546975 -0.0375168 0.98322
 -0.0596777 -0.0298294 0.975033
 -0.0582728 -0.0564199 1.01333
 -0.0668469 -0.0456598 0.999231
 -0.0808753 -0.0282387 0.976169
 -0.0899279 -0.017005 0.961287
 -0.0785098 -0.0506055 1.01649
 -0.0776379 -0.0462081 1.00516
 -0.0765033 -0.0367039 0.971677
 -0.0759696 -0.0322335 0.955928
 -0.102606 -0.0509957 1.0358
 -0.101378 -0.0459447 1.0249
 -0.0980367 -0.0322014 0.995246
 -0.0971513 -0.0285375 0.987272
 -0.0997073 -0.0390731 1.01008
 -0.0770706 -0.041456 0.988419
 -0.0738611 -0.0369493 0.9877
 -0.0485286 -0.047039 0.99336
