 0.0375994 -0.0833568 0.949266
 0.0203219 -0.120095 0.932043
 0.0593055 -0.113865 0.970795
 0.082768 -0.100098 0.976092
 0.102547 -0.0884935 0.980557
 0.072951 -0.0736059 0.984414
 0.0877692 -0.0735849 0.969504
 0.0831764 -0.103316 0.964898
 0.0783047 -0.114502 0.966329
 0.0671571 -0.0557626 0.968766
 0.0813095 -0.0553815 0.95507
 0.10332 -0.0561738 0.931681
 0.11752 -0.0566849 0.916592
 0.0533755 -0.0416997 0.952125
 0.0619614 -0.0416875 0.943486
 0.0442263 -0.0657765 0.925655
 0.03034 -0.0701626 0.933155
 0.0297767 -0.0322044 0.941564
 0.0393538 -0.0304622 0.934419
 0.0494449 -0.0432123 0.905867
 0.0465556 -0.0492316 0.900104
 0.0443993 -0.0368372 0.920143
 0.0530939 -0.053732 0.934571
 0.0923147 -0.0557777 0.943376
 0.0854728 -0.0884504 0.967201
