 -0.0600298 -0.057332 0.95931
 -0.0416436 -0.095341 0.972041
 -0.0163352 -0.0458157 0.96654
 -0.013303 -0.0327565 0.942285
 -0.0113954 -0.0238636 0.920765
 -0.0461422 -0.00851382 0.961338
 -0.0396864 -0.00680854 0.941405
 -0.0237582 -0.0132601 0.916287
 -0.0173287 -0.0158644 0.906148
 -0.0665866 -0.0104736 0.945951
 -0.066264 0.000334733 0.929486
 -0.055882 0.00441376 0.899358
 -0.0478801 0.0047347 0.880241
 -0.0867485 -0.0201878 0.937169
 -0.0862451 -0.0109098 0.929294
 -0.0730478 -0.00667214 0.897347
 -0.0668404 -0.0046789 0.88232
 -0.105077 -0.0445411 0.935981
 -0.103965 -0.0368558 0.926734
 -0.097202 -0.0217046 0.898373
 -0.0939066 -0.0207719 0.890245
 -0.100583 -0.0292802 0.912553
 -0.0796465 -0.00879099 0.913321
 -0.061073 0.00237425 0.914422
 -0.0317223 -0.0100343 0.928846
