 0.0290786 -0.0805873 0.916801
 0.0242138 -0.120802 0.934236
 0.0648978 -0.0844446 0.948564
 0.0823881 -0.0631795 0.951716
 0.0971324 -0.0452531 0.954372
 0.0558723 -0.0392735 0.92927
 0.0597696 -0.0256985 0.9137
 0.0662438 -0.00670779 0.890816
 0.0688572 0.00095796 0.881579
 0.0415855 -0.0335636 0.905793
 0.0395242 -0.0183745 0.893421
 0.0361623 0.00639844 0.873244
 0.0417261 0.0172057 0.856455
 0.0252583 -0.0379777 0.885819
 0.0241397 -0.0283396 0.878457
 0.0211639 -0.000879841 0.857247
 0.0219974 0.0108614 0.845856
 0.00942684 -0.0563432 0.874812
 0.0181592 -0.0582261 0.866688
 0.041921 -0.0633496 0.84458
 0.0487576 -0.0670889 0.840448
 0.0300401 -0.0607879 0.855634
 0.0226518 -0.0146097 0.867852
 0.0378433 -0.00598802 0.883332
 0.0630067 -0.0162032 0.902258
