 -0.135322 -0.0470767 1.03741
 -0.134001 -0.0724284 1.07347
 -0.0784553 -0.0454195 1.07429
 -0.0532009 -0.0471817 1.06301
 -0.0419314 -0.0650729 1.05308
 -0.131087 0.0027774 1.02864
 -0.120031 0.00555474 1.01098
 -0.103933 0.00955126 0.985462
 -0.0963927 0.0108632 0.975853
 -0.129859 -0.0112619 1.00558
 -0.116637 -0.00952365 0.991084
 -0.0950718 -0.00668859 0.96744
 -0.0811589 -0.00485952 0.952185
 -0.138738 -0.0281328 0.988359
 -0.13926 -0.0220375 0.977826
 -0.104829 -0.025628 0.974042
 -0.0886336 -0.0273168 0.972261
 -0.141912 -0.0564637 0.986362
 -0.141861 -0.0474768 0.978297
 -0.114757 -0.0367264 0.96315
 -0.107482 -0.0338406 0.959084
 -0.128309 -0.0421016 0.970724
 -0.122044 -0.0238328 0.975934
 -0.105854 -0.00810612 0.979262
 -0.111982 0.007553 0.998221
