 0.0153046 0.0425141 0.870587
 0.0165781 -0.00156511 0.870131
 0.0612045 0.0267882 0.846442
 0.0754941 0.0440114 0.830095
 0.0875403 0.0585305 0.816315
 0.0484599 0.0790641 0.88263
 0.0554488 0.0965359 0.873261
 0.0605837 0.0807901 0.847728
 0.0626564 0.0744341 0.837421
 0.02924 0.0849554 0.868762
 0.0355955 0.0853319 0.850121
 0.0413389 0.0658152 0.825257
 0.0450443 0.0532237 0.809215
 0.00565759 0.0844218 0.858492
 0.0095979 0.08471 0.84697
 0.013421 0.0620229 0.820828
 0.0132776 0.0481078 0.812188
 -0.0211737 0.0781388 0.85887
 -0.0172778 0.0783696 0.847443
 -0.00366434 0.0692998 0.818947
 2.10578e-005 0.0667396 0.811354
 -0.0104711 0.0738347 0.833195
 0.0115094 0.0733664 0.833899
 0.0384672 0.0755735 0.837689
 0.0580162 0.088663 0.860494
