 -0.183157 -0.0734859 1.00973
 -0.192586 -0.116342 1.01412
 -0.148504 -0.0917249 0.991515
 -0.142147 -0.0717072 0.973434
 -0.136788 -0.0548323 0.958192
 -0.144402 -0.0473059 0.989913
 -0.146901 -0.0282896 0.981309
 -0.154212 -0.00535975 0.962681
 -0.157163 0.00389604 0.955162
 -0.164063 -0.0291255 0.998281
 -0.168569 -0.0102197 0.995075
 -0.176629 0.020141 0.988338
 -0.181829 0.0397286 0.983991
 -0.180883 -0.0216632 1.00917
 -0.175998 -0.0107685 1.00676
 -0.169605 0.0179361 0.988108
 -0.166598 0.0314376 0.979334
 -0.207593 -0.0291554 1.02295
 -0.209148 -0.0175255 1.0201
 -0.213625 0.0139681 1.01187
 -0.214827 0.022422 1.00966
 -0.211387 -0.00177869 1.01599
 -0.172802 0.00358381 0.997434
 -0.172599 0.00496065 0.991706
 -0.150557 -0.0168247 0.971995
