 -0.0195391 -0.0950626 0.999645
 -0.0344133 -0.128438 1.02434
 -0.053369 -0.0767159 1.01925
 -0.0560351 -0.0495561 1.01443
 -0.0451461 -0.0289878 1.01647
 -0.0339186 -0.0468979 0.992325
 -0.019289 -0.0354326 0.982506
 0.0035983 -0.0182519 0.97215
 0.0128471 -0.011314 0.967998
 -0.0105702 -0.0515297 0.977355
 0.0027466 -0.0409432 0.967425
 0.0244659 -0.0236771 0.95123
 0.0344541 -0.0195344 0.968913
 0.00610875 -0.0619777 0.969332
 0.00968172 -0.0508518 0.965897
 0.0200954 -0.019012 0.956383
 0.0297703 -0.00751321 0.962901
 0.0201617 -0.089321 0.96606
 0.0270608 -0.0831655 0.958294
 0.0530628 -0.0639143 0.952557
 0.0601329 -0.058757 0.951458
 0.0400618 -0.0735399 0.955425
 0.0148886 -0.0349319 0.96114
 0.0136062 -0.0323102 0.959328
 -0.00784533 -0.0268422 0.977328
