 -0.0723713 0.0237521 0.963428
 -0.081257 -0.0194165 0.964953
 -0.0348562 0.0031104 0.942264
 -0.0143838 0.0191538 0.932696
 0.00194221 0.0328746 0.923157
 -0.0298301 0.0514959 0.96428
 -0.0240144 0.0683415 0.953132
 -0.0249019 0.0593217 0.924079
 -0.0261547 0.0529965 0.913622
 -0.049267 0.0653952 0.956661
 -0.0455554 0.0744766 0.93958
 -0.046371 0.0650071 0.908891
 -0.0468971 0.0588978 0.889092
 -0.0752317 0.0668491 0.952166
 -0.074627 0.0662953 0.940014
 -0.0709863 0.0528781 0.908085
 -0.06917 0.0458841 0.893385
 -0.101636 0.0669832 0.960002
 -0.103458 0.0784304 0.956619
 -0.108415 0.10958 0.947412
 -0.109617 0.117492 0.943705
 -0.105936 0.0940051 0.952015
 -0.0728067 0.0595867 0.924049
 -0.0459632 0.0697419 0.924236
 -0.0244581 0.0638316 0.938605
