 -0.148321 -0.0803566 1.02215
 -0.119304 -0.112871 1.02891
 -0.114472 -0.0584613 1.03765
 -0.119092 -0.0385111 1.01898
 -0.122971 -0.0276298 0.998673
 -0.1477 -0.0300016 1.0288
 -0.157646 -0.0124132 1.023
 -0.144141 -0.0134878 0.99575
 -0.136223 -0.0202785 0.98926
 -0.1726 -0.0366428 1.01854
 -0.188637 -0.0263008 1.01365
 -0.177826 -0.0222386 0.983672
 -0.159416 -0.0314456 0.981243
 -0.190105 -0.05077 1.01023
 -0.198261 -0.0419339 1.00829
 -0.20436 -0.0222639 0.98021
 -0.207228 -0.0130119 0.967001
 -0.197346 -0.0783189 1.004
 -0.205457 -0.072778 0.996979
 -0.227529 -0.0577006 0.977871
 -0.233089 -0.0536894 0.972323
 -0.216493 -0.0652393 0.987425
 -0.201311 -0.0320989 0.994251
 -0.183231 -0.0242697 0.998662
 -0.150893 -0.0129505 1.00938
