 0.0151233 -0.0922304 0.924547
 0.00899774 -0.132441 0.941589
 0.0576988 -0.120746 0.913366
 0.070176 -0.116144 0.889051
 0.0732795 -0.117173 0.865919
 0.0541501 -0.0597645 0.922795
 0.0547955 -0.0515394 0.903461
 0.0557304 -0.0396321 0.875468
 0.056328 -0.0353461 0.863971
 0.0328821 -0.0487374 0.908237
 0.0303372 -0.0340945 0.895309
 0.0323776 -0.0233043 0.865118
 0.0336943 -0.0163438 0.845639
 0.0137789 -0.0490043 0.897822
 0.0193414 -0.0424679 0.88918
 0.0352623 -0.0239726 0.864337
 0.0427508 -0.0152731 0.852652
 -0.0151022 -0.058825 0.897947
 -0.0108523 -0.0523245 0.888701
 0.00105877 -0.0371904 0.862079
 0.00436507 -0.0346389 0.85431
 -0.00489674 -0.0447574 0.87539
 0.0273019 -0.0332203 0.876759
 0.0313574 -0.0286994 0.880213
 0.055263 -0.0455858 0.889465
