 -0.0742174 -0.143593 0.962273
 -0.0751438 -0.187669 0.961147
 -0.0629042 -0.154873 1.00455
 -0.0539785 -0.134136 1.02063
 -0.0464543 -0.116655 1.03418
 -0.077027 -0.108756 0.999133
 -0.0704406 -0.089611 1.00479
 -0.045563 -0.0734495 1.01158
 -0.0347515 -0.0681778 1.01408
 -0.0742871 -0.0953209 0.974518
 -0.0731983 -0.0768051 0.967886
 -0.0703877 -0.0466465 0.957176
 -0.0685717 -0.0271895 0.950267
 -0.0716441 -0.0927484 0.948292
 -0.0709709 -0.0812993 0.944191
 -0.0690459 -0.048565 0.932465
 -0.0681405 -0.033168 0.92695
 -0.0697613 -0.106199 0.925955
 -0.0691025 -0.0948147 0.921985
 -0.0673096 -0.0638358 0.911182
 -0.0665402 -0.0555313 0.908312
 -0.068206 -0.0793252 0.916583
 -0.0700084 -0.0649321 0.938328
 -0.071793 -0.0617258 0.962531
 -0.0580018 -0.0815303 1.00818
