 -0.105643 0.0408421 0.883471
 -0.1336 0.0358832 0.849728
 -0.0809124 0.0527394 0.85012
 -0.0548964 0.0605304 0.855644
 -0.0436691 0.0769998 0.867831
 -0.0573073 0.0558247 0.887879
 -0.0409343 0.0595831 0.900516
 -0.0172857 0.0651984 0.918831
 -0.00773975 0.067465 0.926224
 -0.0714589 0.0563532 0.907794
 -0.07741 0.0749912 0.910079
 -0.0926083 0.089712 0.885903
 -0.0978431 0.0831446 0.866954
 -0.0903521 0.0505539 0.924267
 -0.0940492 0.0620781 0.925636
 -0.109374 0.0786475 0.899116
 -0.114306 0.0771828 0.883565
 -0.10911 0.0335858 0.935167
 -0.104613 0.0383953 0.945288
 -0.119988 0.0666727 0.938683
 -0.124115 0.0742632 0.93691
 -0.1123 0.052534 0.941986
 -0.101712 0.0703628 0.912376
 -0.0850092 0.0823516 0.897991
 -0.02911 0.0623908 0.909673
