 -0.172086 -0.127193 1.00976
 -0.137616 -0.152502 1.02053
 -0.134212 -0.098193 1.00581
 -0.136207 -0.0878805 0.98016
 -0.137889 -0.0791872 0.95854
 -0.182995 -0.0778128 1.01453
 -0.174383 -0.0740933 0.995716
 -0.157049 -0.074922 0.970715
 -0.148004 -0.07917 0.963569
 -0.199204 -0.0891263 0.998291
 -0.20114 -0.0805038 0.980687
 -0.173221 -0.0890626 0.967293
 -0.154822 -0.0954557 0.960205
 -0.216564 -0.10598 0.99351
 -0.224547 -0.0969978 0.991525
 -0.210101 -0.091037 0.960404
 -0.203305 -0.0882333 0.945766
 -0.218257 -0.136162 0.986847
 -0.219299 -0.128929 0.977235
 -0.215499 -0.113922 0.948253
 -0.214479 -0.109893 0.940473
 -0.217399 -0.121425 0.962744
 -0.217324 -0.0940174 0.975964
 -0.18718 -0.0847832 0.97399
 -0.165716 -0.0745077 0.983216
