 -0.00845698 -0.117339 0.881561
 0.0147634 -0.149276 0.901199
 0.021268 -0.094308 0.91384
 0.0289128 -0.0686126 0.906815
 0.0408888 -0.0525064 0.894858
 -0.0284419 -0.0731984 0.896806
 -0.0370434 -0.0621081 0.881157
 -0.0399823 -0.0426749 0.85792
 -0.0404838 -0.0346808 0.848605
 -0.0326283 -0.0758031 0.869204
 -0.0371345 -0.0639575 0.854125
 -0.0399254 -0.0433539 0.829634
 -0.0393303 -0.0296043 0.814135
 -0.0324999 -0.0851336 0.848491
 -0.0355984 -0.0746252 0.843168
 -0.0360529 -0.0435801 0.827397
 -0.0362667 -0.0289777 0.819979
 -0.0264663 -0.109825 0.833019
 -0.0286376 -0.0985488 0.829285
 -0.0345459 -0.0678651 0.819125
 -0.0352685 -0.0595451 0.816288
 -0.0315918 -0.0832069 0.824205
 -0.0358257 -0.0591026 0.835283
 -0.0385299 -0.0536557 0.841879
 -0.0385129 -0.0523915 0.869539
