 -0.148827 -0.172528 0.981578
 -0.136255 -0.214745 0.983696
 -0.0873102 -0.214779 1.03284
 -0.0691628 -0.208161 1.05271
 -0.0538631 -0.202579 1.06947
 -0.143281 -0.132069 1.01179
 -0.126865 -0.1222 1.00313
 -0.107272 -0.142107 0.99104
 -0.099395 -0.150183 0.986177
 -0.157855 -0.124121 0.98902
 -0.166195 -0.107786 0.981833
 -0.149085 -0.0881536 0.963019
 -0.132459 -0.100437 0.964541
 -0.169906 -0.12684 0.965593
 -0.175062 -0.11674 0.961149
 -0.151703 -0.0997736 0.941676
 -0.140657 -0.0918545 0.932533
 -0.175535 -0.144059 0.946747
 -0.1765 -0.133722 0.940581
 -0.168933 -0.108044 0.921528
 -0.166321 -0.101397 0.916352
 -0.172716 -0.120883 0.931054
 -0.163382 -0.108257 0.951412
 -0.15764 -0.09797 0.972426
 -0.117068 -0.132153 0.997083
