 -0.178506 -0.0414326 0.833954
 -0.203137 -0.0752682 0.820051
 -0.155198 -0.0788769 0.848916
 -0.133371 -0.0744373 0.832426
 -0.122861 -0.0719134 0.811715
 -0.146047 -0.0343168 0.872372
 -0.132958 -0.02129 0.882415
 -0.113861 -0.00249115 0.896843
 -0.106153 0.00509715 0.902667
 -0.145029 -0.0190314 0.853352
 -0.130184 -0.0251506 0.841942
 -0.138283 -0.0559756 0.837898
 -0.143508 -0.0758627 0.835289
 -0.152334 -0.00529113 0.832853
 -0.143155 -0.00907485 0.825798
 -0.147297 -0.0428338 0.81832
 -0.158844 -0.0536706 0.822507
 -0.17107 0.00761129 0.817326
 -0.16197 0.00386019 0.810331
 -0.16405 -0.0278891 0.802129
 -0.17092 -0.0325104 0.805169
 -0.16301 -0.0120145 0.80623
 -0.145226 -0.0259543 0.822059
 -0.134234 -0.0405631 0.83992
 -0.12341 -0.0118906 0.889629
