 -0.0505468 -0.0791356 1.0346
 -0.0784972 -0.102228 1.05971
 -0.0233344 -0.111321 1.05486
 0.00373545 -0.111432 1.04892
 0.0262078 -0.111773 1.04254
 -0.000652737 -0.0814089 1.02535
 0.00591799 -0.0670895 1.01143
 0.015013 -0.0478279 0.989697
 0.0186828 -0.0400577 0.980918
 -0.011852 -0.0615698 1.00902
 -0.00680287 -0.0518484 0.992645
 0.00108318 -0.0370833 0.965224
 0.00617095 -0.0275574 0.947533
 -0.0258184 -0.0467442 1.00253
 -0.0162272 -0.0421926 0.996556
 -0.0223378 -0.0640086 0.970108
 -0.031535 -0.0759559 0.963707
 -0.055642 -0.0382766 1.00233
 -0.0461748 -0.0339063 0.99624
 -0.0204132 -0.0220142 0.97967
 -0.016312 -0.0232888 0.971967
 -0.033294 -0.0279603 0.987955
 -0.0192825 -0.0531006 0.983332
 -0.00285985 -0.0444658 0.978935
 0.0104655 -0.0574587 1.00057
