 -0.0483754 -0.0352931 1.00957
 -0.0636061 -0.0741962 1.02369
 -0.0105265 -0.0677398 1.00418
 -0.00381343 -0.0609751 0.978157
 0.00184565 -0.0552725 0.956219
 -0.00215995 -0.0159977 1.00108
 -0.00205094 -0.00240749 0.985046
 -0.00190082 0.0171379 0.961718
 -0.00184473 0.0249508 0.952237
 -0.0196824 0.0020727 0.992397
 -0.0156999 0.0158213 0.978865
 -0.00962421 0.0361298 0.954724
 -0.00572752 0.0491179 0.939048
 -0.0407738 0.0109771 0.989006
 -0.0349262 0.0178516 0.980826
 -0.0188947 0.0359374 0.955754
 -0.0126551 0.041763 0.941774
 -0.0708678 0.00958002 0.994818
 -0.0667569 0.0202533 0.990947
 -0.0560397 0.0465267 0.974379
 -0.0531689 0.0535506 0.969883
 -0.0613983 0.03339 0.982663
 -0.0269105 0.0268945 0.96829
 -0.0126621 0.0259755 0.966794
 -0.00197588 0.00736521 0.973382
