 -0.202687 -0.09551 1.0112
 -0.190311 -0.135261 0.99666
 -0.155389 -0.0901886 0.990147
 -0.154367 -0.0663153 0.976109
 -0.153513 -0.0461942 0.964268
 -0.178082 -0.0545419 1.02842
 -0.184888 -0.0347114 1.0269
 -0.194741 -0.00600075 1.0247
 -0.197101 0.00415938 1.01821
 -0.201778 -0.0475449 1.02889
 -0.202749 -0.0285153 1.03388
 -0.202941 0.00172204 1.02303
 -0.203065 0.02123 1.01603
 -0.226553 -0.0517494 1.02552
 -0.227277 -0.039975 1.02855
 -0.229349 -0.00631041 1.03722
 -0.229531 0.00891364 1.03117
 -0.248819 -0.0716805 1.01762
 -0.255058 -0.0616264 1.01521
 -0.272036 -0.0342678 1.00866
 -0.275589 -0.0272843 1.00461
 -0.263547 -0.0479471 1.01193
 -0.228313 -0.0231427 1.03288
 -0.202845 -0.0133966 1.02846
 -0.189815 -0.0203561 1.0258
