 -0.115127 -0.129031 0.927872
 -0.119582 -0.171976 0.918889
 -0.0751038 -0.140995 0.902593
 -0.0670484 -0.120853 0.885346
 -0.0612645 -0.104123 0.870099
 -0.0757751 -0.0986079 0.938172
 -0.0806215 -0.0781914 0.939421
 -0.076634 -0.0754062 0.909378
 -0.0750244 -0.074282 0.897251
 -0.099036 -0.0829467 0.936966
 -0.103567 -0.0638512 0.935281
 -0.0981741 -0.0653629 0.903646
 -0.0933154 -0.0729185 0.884967
 -0.124211 -0.07856 0.93149
 -0.126103 -0.0677275 0.926253
 -0.117791 -0.0812602 0.895261
 -0.113881 -0.0876255 0.880683
 -0.148473 -0.0889488 0.932177
 -0.147664 -0.0849917 0.920798
 -0.13834 -0.11008 0.901739
 -0.135932 -0.118276 0.899543
 -0.143002 -0.0975361 0.911268
 -0.121947 -0.0744938 0.910757
 -0.100871 -0.0646071 0.919464
 -0.0786277 -0.0767988 0.9244
