 0.10901 -0.0413912 0.891638
 0.0732599 -0.0672018 0.892385
 0.126117 -0.0801418 0.882189
 0.150755 -0.0755246 0.870368
 0.171522 -0.0716308 0.860401
 0.158672 -0.0493848 0.884565
 0.169852 -0.0316242 0.883367
 0.185902 -0.00588438 0.880893
 0.191 0.00383065 0.875366
 0.154345 -0.0217794 0.886936
 0.164092 -0.00522359 0.882588
 0.17999 0.0217784 0.875496
 0.190246 0.0391991 0.870921
 0.144556 -0.00363801 0.892558
 0.155759 0.00109186 0.891862
 0.18623 0.0153002 0.882786
 0.199795 0.0220365 0.876548
 0.117161 0.00992793 0.89772
 0.12797 0.0149071 0.895676
 0.154653 0.0287502 0.882409
 0.161815 0.0324661 0.878847
 0.141311 0.0218287 0.889042
 0.170994 0.00819602 0.887324
 0.172041 0.00827743 0.879042
 0.177877 -0.0187543 0.88213
