 -0.0915017 -0.0316736 0.892751
 -0.0652432 -0.0666449 0.898436
 -0.053035 -0.0126908 0.897843
 -0.0591283 0.00517522 0.877552
 -0.0649595 0.0177524 0.858747
 -0.0843815 0.0186185 0.892302
 -0.0823643 0.0213205 0.871553
 -0.0786268 0.023478 0.841427
 -0.0734904 0.0123195 0.841265
 -0.108107 0.0157011 0.885622
 -0.114513 0.0319069 0.876438
 -0.104378 0.020006 0.84837
 -0.0976378 0.00295366 0.858035
 -0.132357 -0.00147644 0.880973
 -0.14088 0.00414308 0.874331
 -0.163412 0.0192976 0.852527
 -0.171254 0.0249698 0.839312
 -0.142663 -0.0254748 0.883739
 -0.141516 -0.0238965 0.871823
 -0.137933 -0.0205911 0.839329
 -0.134212 -0.0285776 0.838927
 -0.139725 -0.0222438 0.855576
 -0.152146 0.0117203 0.863429
 -0.109445 0.0259564 0.862404
 -0.0804956 0.0223992 0.85649
