 -0.117803 -0.110821 0.982749
 -0.115466 -0.154811 0.980695
 -0.0745444 -0.117384 0.97977
 -0.0638512 -0.0945167 0.968333
 -0.0548369 -0.0752399 0.958691
 -0.0840095 -0.0735687 0.989853
 -0.0925698 -0.0543711 0.989618
 -0.0882064 -0.0524055 0.959563
 -0.0851216 -0.0547508 0.947905
 -0.109254 -0.0619014 0.9856
 -0.116726 -0.0439646 0.982368
 -0.125117 -0.0184007 0.964812
 -0.13053 -0.00190787 0.953485
 -0.135288 -0.0609829 0.982798
 -0.139783 -0.0496634 0.982674
 -0.149439 -0.019358 0.968494
 -0.153975 -0.00510996 0.961807
 -0.156715 -0.0760727 0.978811
 -0.154713 -0.0641648 0.978791
 -0.148177 -0.0335187 0.968906
 -0.146304 -0.0262643 0.964252
 -0.151445 -0.0488417 0.973848
 -0.144611 -0.0345107 0.975584
 -0.120921 -0.0311827 0.97359
 -0.0903881 -0.0533883 0.97459
