 0.138309 -0.0404863 0.851066
 0.115868 -0.0402534 0.889029
 0.159977 -0.0115777 0.934379
 0.184957 -0.00602541 0.945019
 0.206184 -0.00179958 0.953816
 0.184191 -0.024169 0.836616
 0.193294 -0.0415746 0.829129
 0.206605 -0.0680272 0.822106
 0.211978 -0.078705 0.819271
 0.174112 -0.0399686 0.819157
 0.185281 -0.0553083 0.81387
 0.202058 -0.08255 0.810947
 0.212808 -0.100195 0.809303
 0.157469 -0.0504665 0.805485
 0.166831 -0.0561456 0.800151
 0.185113 -0.0856742 0.802709
 0.193713 -0.0995633 0.803913
 0.128185 -0.0577823 0.80274
 0.137402 -0.0638424 0.797828
 0.157677 -0.0896171 0.795773
 0.163119 -0.0965358 0.795221
 0.147539 -0.0767297 0.7968
 0.175972 -0.0709099 0.80143
 0.19367 -0.0689291 0.812409
 0.19995 -0.0548009 0.825617
