 -0.0201195 -0.130814 0.925369
 -0.0260474 -0.174405 0.922295
 0.0204163 -0.145378 0.930201
 0.030214 -0.125886 0.913109
 0.0375911 -0.109871 0.897783
 0.0194584 -0.100836 0.936098
 0.0224763 -0.088775 0.919148
 0.0277686 -0.0752611 0.892397
 0.0299049 -0.0698062 0.881599
 0.00114629 -0.0883634 0.925524
 0.0081978 -0.0801448 0.90907
 0.0190979 -0.0689267 0.881008
 0.0240384 -0.0680226 0.860899
 -0.0228672 -0.0839685 0.917768
 -0.0186089 -0.0792215 0.907391
 -0.00895924 -0.0738926 0.874357
 -0.0140774 -0.0889496 0.870433
 -0.0512454 -0.0891923 0.919376
 -0.0486025 -0.0878867 0.907667
 -0.0387261 -0.116183 0.894197
 -0.0397478 -0.120236 0.901964
 -0.0436643 -0.102035 0.900932
 -0.0137841 -0.0765571 0.890874
 0.0136479 -0.0745357 0.895039
 0.0251224 -0.0820181 0.905773
