 -0.171685 -0.0701179 1.03811
 -0.153855 -0.105923 1.05669
 -0.124079 -0.0656947 1.03046
 -0.117668 -0.0522329 1.0071
 -0.112263 -0.0408846 0.987405
 -0.156758 -0.021973 1.03183
 -0.147931 -0.0271072 1.01346
 -0.13044 -0.0386351 0.991381
 -0.120804 -0.0459268 0.989169
 -0.18034 -0.0261317 1.01782
 -0.187997 -0.0186609 1.00128
 -0.189047 -0.0148844 0.969391
 -0.184762 -0.0163267 0.949163
 -0.199916 -0.0343796 1.0134
 -0.201875 -0.0236848 1.00791
 -0.187279 -0.032071 0.97742
 -0.180361 -0.036244 0.963171
 -0.216881 -0.0603035 1.01366
 -0.212796 -0.0608225 1.00231
 -0.197027 -0.0895021 0.999403
 -0.192891 -0.0972836 0.999038
 -0.204911 -0.0751623 1.00086
 -0.194577 -0.0278779 0.992663
 -0.188522 -0.0167726 0.985334
 -0.139186 -0.0328712 1.00242
