 -0.077481 -0.0643673 0.973876
 -0.0699575 -0.10748 0.968441
 -0.0366202 -0.0676491 0.987479
 -0.0308819 -0.0441146 0.974016
 -0.0267695 -0.0249627 0.961284
 -0.0499414 -0.0251744 0.990778
 -0.0602635 -0.00686839 0.990302
 -0.0502126 -0.00193806 0.962001
 -0.0460314 -0.000169882 0.950586
 -0.0754684 -0.0155838 0.983689
 -0.0852435 0.00151637 0.983482
 -0.0898296 0.0257335 0.962875
 -0.0884317 0.0370026 0.945536
 -0.100368 -0.0167995 0.974746
 -0.106391 -0.00621453 0.974557
 -0.106164 0.0151229 0.947036
 -0.104285 0.0230769 0.932841
 -0.118562 -0.0330937 0.965425
 -0.115719 -0.0225156 0.960343
 -0.107984 0.00626871 0.946513
 -0.105908 0.0139953 0.942801
 -0.111852 -0.00812344 0.953428
 -0.106277 0.00445416 0.960796
 -0.0875366 0.0136249 0.973179
 -0.055238 -0.00440323 0.976151
