 -0.114733 0.0841218 0.990295
 -0.11068 0.0430217 1.00576
 -0.0722703 0.0820525 0.997913
 -0.0572339 0.104525 0.991833
 -0.0445583 0.123468 0.986708
 -0.0824458 0.12239 0.981732
 -0.0818142 0.137047 0.966678
 -0.0771648 0.1154 0.945797
 -0.075288 0.106662 0.937368
 -0.104135 0.122789 0.970514
 -0.101169 0.116188 0.952193
 -0.0871972 0.0891594 0.94188
 -0.0808901 0.0780842 0.958225
 -0.129067 0.118539 0.965752
 -0.127234 0.114457 0.954423
 -0.111762 0.0846463 0.945222
 -0.10434 0.0704091 0.941978
 -0.154946 0.112999 0.973381
 -0.153355 0.109388 0.961969
 -0.140713 0.0839396 0.94547
 -0.136736 0.0762322 0.947076
 -0.147034 0.0966636 0.95372
 -0.119498 0.0995517 0.949823
 -0.0941832 0.102674 0.947037
 -0.0794895 0.126224 0.956237
