 0.151035 -0.107487 0.928726
 0.15171 -0.117873 0.97158
 0.159826 -0.0691745 0.946622
 0.176033 -0.0604964 0.925884
 0.192212 -0.0580684 0.909205
 0.157879 -0.0646771 0.902255
 0.166289 -0.0652491 0.882998
 0.18213 -0.0669373 0.857067
 0.188524 -0.0676188 0.846599
 0.155556 -0.0820931 0.884897
 0.162221 -0.074974 0.867782
 0.192211 -0.0761275 0.856319
 0.212331 -0.078608 0.852
 0.151525 -0.105943 0.877375
 0.15632 -0.101791 0.866977
 0.170069 -0.089934 0.837259
 0.1823 -0.0874064 0.826662
 0.142816 -0.134528 0.884699
 0.143192 -0.129167 0.873886
 0.144216 -0.114578 0.844463
 0.148343 -0.111855 0.837159
 0.143704 -0.121872 0.859175
 0.163195 -0.0958623 0.852118
 0.177216 -0.0755507 0.862051
 0.174209 -0.0660932 0.870032
