 -0.0661521 -0.027898 1.09006
 -0.0561418 -0.0704194 1.08402
 -0.0194589 -0.0322432 1.10412
 -0.0127947 -0.00864113 1.09121
 -0.00717674 0.0112553 1.08033
 -0.0413327 0.0123249 1.10867
 -0.0445577 0.0324763 1.10363
 -0.0447219 0.0585616 1.08795
 -0.0447882 0.0690911 1.08162
 -0.0626597 0.0217777 1.10055
 -0.0609141 0.0413606 1.09934
 -0.0529441 0.0672221 1.08202
 -0.0478021 0.083907 1.07085
 -0.0866714 0.0197781 1.09189
 -0.0866943 0.0319276 1.09275
 -0.0818182 0.0646017 1.08174
 -0.0794614 0.0799005 1.07638
 -0.108561 0.00132322 1.08086
 -0.113469 0.0117595 1.07728
 -0.122772 0.0389442 1.06134
 -0.122978 0.0446779 1.05464
 -0.118121 0.0253519 1.06931
 -0.0842562 0.0482646 1.08725
 -0.0569291 0.0542913 1.09068
 -0.0446398 0.0455189 1.09579
