 0.092864 -0.109283 0.919583
 0.0906907 -0.14822 0.940175
 0.141134 -0.156764 0.904743
 0.151221 -0.164395 0.880084
 0.159724 -0.170828 0.859296
 0.124972 -0.0699439 0.920902
 0.129525 -0.0655992 0.900845
 0.143716 -0.0727051 0.874876
 0.149444 -0.0755735 0.864394
 0.105491 -0.0648501 0.901334
 0.103038 -0.0525171 0.886171
 0.0990383 -0.0324023 0.861442
 0.101479 -0.0252435 0.842144
 0.0870046 -0.0665014 0.890859
 0.0899133 -0.0554298 0.886698
 0.102994 -0.0288542 0.868385
 0.109602 -0.017042 0.85916
 0.0632184 -0.0851226 0.883883
 0.0661021 -0.0741465 0.879758
 0.0739505 -0.0442803 0.868531
 0.0762518 -0.0364215 0.865255
 0.0700263 -0.0592134 0.874145
 0.0964534 -0.042142 0.877542
 0.101038 -0.0424597 0.873807
 0.136621 -0.0691522 0.887861
