 -0.184961 -0.0838733 0.967728
 -0.168198 -0.124633 0.969302
 -0.155696 -0.0798533 0.9993
 -0.147146 -0.0577525 0.98493
 -0.139862 -0.0397296 0.971971
 -0.177795 -0.0412684 0.994442
 -0.166744 -0.029295 0.981161
 -0.142369 -0.026827 0.963105
 -0.13253 -0.0258307 0.955816
 -0.194976 -0.035025 0.97455
 -0.200191 -0.0170775 0.968329
 -0.17706 -0.00795633 0.947984
 -0.161062 -0.00427109 0.935331
 -0.201463 -0.0451433 0.951144
 -0.192968 -0.040993 0.943465
 -0.168589 -0.0293305 0.921502
 -0.157106 -0.0238798 0.91117
 -0.220336 -0.0600579 0.937421
 -0.223239 -0.0484596 0.939113
 -0.229696 -0.0164179 0.942467
 -0.230997 -0.00771031 0.942994
 -0.226467 -0.0324387 0.94079
 -0.180778 -0.0351617 0.932483
 -0.188626 -0.0125169 0.958156
 -0.154556 -0.028061 0.972133
