 -0.0774814 -0.0632038 0.967946
 -0.0751112 -0.107234 0.968669
 -0.0347421 -0.0694237 0.967667
 -0.0237452 -0.0458304 0.958155
 -0.0144792 -0.0259417 0.950131
 -0.0433192 -0.0256238 0.967004
 -0.0396526 -0.00493362 0.966408
 -0.0343676 0.0249414 0.964
 -0.0322343 0.0370006 0.963028
 -0.0690376 -0.0141277 0.96704
 -0.0771327 0.0038285 0.966808
 -0.0903357 0.0331146 0.96643
 -0.0988537 0.0520088 0.966186
 -0.0918414 -0.0220697 0.958243
 -0.0919508 -0.0222755 0.946065
 -0.0980106 -0.0565627 0.9467
 -0.0994346 -0.0650866 0.960614
 -0.116832 -0.028728 0.967717
 -0.11551 -0.0167275 0.967502
 -0.112185 0.0141168 0.956676
 -0.111293 0.0223963 0.95377
 -0.113848 -0.00130534 0.962089
 -0.0949807 -0.0394191 0.946382
 -0.0837342 0.0184715 0.966619
 -0.0370101 0.0100039 0.965204
