 -0.0722276 -0.0835838 1.00962
 -0.0829163 -0.124647 1.02163
 -0.0272832 -0.110701 1.01625
 -0.014847 -0.104341 0.992312
 -0.00441087 -0.0990026 0.972103
 -0.0306204 -0.0547819 1.01403
 -0.0283251 -0.0401932 0.999072
 -0.0215074 -0.0291944 0.971525
 -0.0185061 -0.0257409 0.960124
 -0.0492445 -0.0407472 0.999009
 -0.0481554 -0.0256231 0.986436
 -0.0413831 -0.013919 0.957294
 -0.0356706 -0.0120188 0.93746
 -0.0685707 -0.0374829 0.9877
 -0.0626291 -0.0301304 0.98002
 -0.0456342 -0.0206124 0.951152
 -0.0376634 -0.0163516 0.937492
 -0.0975181 -0.0449602 0.985006
 -0.0908838 -0.0384809 0.977272
 -0.0732876 -0.0286386 0.951328
 -0.0685642 -0.0259966 0.944363
 -0.0820857 -0.0335597 0.9643
 -0.0541316 -0.0253714 0.965586
 -0.0447692 -0.0197711 0.971865
 -0.0249162 -0.0346938 0.985299
