 -0.163912 -0.0963855 0.945192
 -0.187539 -0.120912 0.97321
 -0.13424 -0.106205 0.975001
 -0.109101 -0.100766 0.964679
 -0.0896726 -0.0997098 0.951748
 -0.115577 -0.0808754 0.943337
 -0.11007 -0.0689731 0.926909
 -0.101367 -0.0544397 0.901625
 -0.0970519 -0.0538329 0.890139
 -0.128951 -0.0707208 0.920712
 -0.124876 -0.0596798 0.904917
 -0.11823 -0.0416723 0.879154
 -0.113942 -0.0300546 0.862534
 -0.145806 -0.0665757 0.906096
 -0.138695 -0.0599033 0.898798
 -0.117686 -0.0434492 0.876423
 -0.107805 -0.0357099 0.865899
 -0.174599 -0.0715624 0.900396
 -0.165981 -0.0657124 0.894287
 -0.141457 -0.0580565 0.873803
 -0.134874 -0.0560124 0.8683
 -0.153719 -0.0618844 0.884045
 -0.128191 -0.0516763 0.88761
 -0.121553 -0.0506761 0.892035
 -0.105718 -0.0617064 0.914267
