 0.0784171 -0.157413 0.78512
 0.0641352 -0.190491 0.81055
 0.103983 -0.162558 0.849343
 0.130693 -0.164738 0.856406
 0.153209 -0.166575 0.86236
 0.0731953 -0.106894 0.78599
 0.0856284 -0.0970739 0.772174
 0.107747 -0.0831167 0.756611
 0.116676 -0.0774828 0.750329
 0.0892269 -0.112475 0.764878
 0.0991124 -0.0999002 0.753382
 0.115421 -0.079394 0.73479
 0.125942 -0.0661642 0.722795
 0.102553 -0.126255 0.752411
 0.109143 -0.11617 0.750622
 0.127985 -0.0873333 0.745507
 0.137737 -0.0742499 0.744078
 0.107641 -0.154606 0.741817
 0.115953 -0.149013 0.735075
 0.14658 -0.13729 0.733041
 0.15494 -0.134549 0.733664
 0.131266 -0.143152 0.734058
 0.118564 -0.101751 0.748065
 0.107267 -0.0896471 0.744086
 0.0966878 -0.0900953 0.764393
