 0.104324 0.0156917 1.02211
 0.0648694 -0.00351241 1.01771
 0.114459 -0.0255908 1.00398
 0.13918 -0.0265489 0.991491
 0.159651 -0.0268016 0.980236
 0.151878 -0.00128995 1.02762
 0.17192 0.00460784 1.0253
 0.197036 0.0114939 1.00955
 0.205348 0.0136318 1.00076
 0.152577 0.0268711 1.02724
 0.166003 0.0412726 1.02782
 0.188063 0.0643893 1.02448
 0.201782 0.0781014 1.01718
 0.145553 0.046824 1.02665
 0.157361 0.0494982 1.02798
 0.191307 0.057007 1.02598
 0.201782 0.0589612 1.01354
 0.120834 0.0653087 1.02373
 0.132446 0.0683506 1.02504
 0.164263 0.0765571 1.02493
 0.172344 0.0785412 1.02201
 0.148354 0.0724538 1.02498
 0.174334 0.0532526 1.02698
 0.177033 0.052831 1.02615
 0.184478 0.00805087 1.01742
