 0.0966573 -0.0830041 0.999614
 0.0626858 -0.111094 1.00091
 0.116459 -0.121409 1.01077
 0.136915 -0.120275 0.992104
 0.151976 -0.119249 0.974274
 0.144072 -0.0834582 1.01783
 0.154899 -0.0841512 0.999827
 0.149902 -0.111311 0.987034
 0.147886 -0.122274 0.98187
 0.140416 -0.0595946 1.00337
 0.151346 -0.0444908 0.997008
 0.169171 -0.0198569 0.986637
 0.180671 -0.003964 0.979946
 0.127265 -0.0410498 0.990041
 0.133783 -0.031084 0.987481
 0.152417 -0.00259034 0.98016
 0.157763 -0.00944209 0.966276
 0.104171 -0.0356961 0.978577
 0.114956 -0.0302672 0.978514
 0.14462 -0.0162074 0.977093
 0.152763 -0.013452 0.975119
 0.129788 -0.0232373 0.977803
 0.1431 -0.0168372 0.98382
 0.160258 -0.0321738 0.991823
 0.152401 -0.0977309 0.99343
