 -0.0926283 -0.0862825 0.902784
 -0.0667164 -0.121416 0.896537
 -0.0506241 -0.0679329 0.899531
 -0.0579428 -0.0488842 0.880779
 -0.0641242 -0.0328534 0.864948
 -0.0845894 -0.0378785 0.915922
 -0.0824885 -0.0327252 0.895651
 -0.0683264 -0.0342979 0.868759
 -0.0626097 -0.0349327 0.857903
 -0.109806 -0.040054 0.908586
 -0.119412 -0.0253603 0.899651
 -0.104587 -0.0324547 0.872046
 -0.0950223 -0.0370317 0.854237
 -0.130948 -0.0521757 0.902245
 -0.136247 -0.0424464 0.897185
 -0.126148 -0.0436158 0.863877
 -0.121398 -0.0441658 0.848211
 -0.144163 -0.0778568 0.899585
 -0.142957 -0.0748963 0.887941
 -0.133561 -0.083198 0.857569
 -0.130103 -0.0910949 0.855705
 -0.138259 -0.0790472 0.872755
 -0.131198 -0.0430311 0.880531
 -0.112 -0.0289075 0.885849
 -0.0754074 -0.0335116 0.882205
