 0.0834993 -0.107606 0.869139
 0.0840924 -0.151702 0.869346
 0.12591 -0.115548 0.867227
 0.140033 -0.0925103 0.861075
 0.148771 -0.073007 0.851637
 0.119112 -0.071432 0.867306
 0.116593 -0.0516574 0.860635
 0.112947 -0.0230275 0.850977
 0.111475 -0.0114709 0.847078
 0.0951277 -0.0585369 0.868343
 0.0911978 -0.039235 0.868421
 0.0847838 -0.00775496 0.86845
 0.0806183 0.0125394 0.86782
 0.0728552 -0.056845 0.86936
 0.0754491 -0.0449458 0.869177
 0.0828649 -0.0109245 0.868645
 0.0858448 0.00396453 0.862502
 0.0456089 -0.0715647 0.870694
 0.0460409 -0.0623817 0.862865
 0.0430839 -0.0835316 0.837894
 0.042768 -0.0902421 0.843609
 0.0445624 -0.0729567 0.850379
 0.079157 -0.0279352 0.868911
 0.0879908 -0.023495 0.868436
 0.11477 -0.0373424 0.855806
