 0.0520137 -0.0512099 0.886462
 0.0784364 -0.0861601 0.891474
 0.0904139 -0.046287 0.852071
 0.0770068 -0.055672 0.829706
 0.0656958 -0.0636413 0.810881
 0.0595527 -0.00154138 0.878952
 0.0592772 -0.00443759 0.858133
 0.0666066 -0.0249795 0.836907
 0.0715309 -0.0358951 0.839649
 0.0376875 -0.0109144 0.87343
 0.0375206 -0.0138345 0.853951
 0.0504334 -0.0429445 0.858193
 0.0558284 -0.0524161 0.875822
 0.0171338 -0.0263995 0.873804
 0.0170307 -0.0282051 0.861759
 0.0465605 -0.0465968 0.86333
 0.0572926 -0.0516126 0.874642
 0.000144848 -0.0444 0.885885
 -9.51362e-005 -0.0460986 0.873933
 0.0272101 -0.0642637 0.875953
 0.0327006 -0.0669924 0.882293
 0.0135575 -0.0551811 0.874943
 0.0317956 -0.0374009 0.862544
 0.043977 -0.0283895 0.856072
 0.0629419 -0.0147085 0.84752
