 -0.19895 0.0396419 0.946906
 -0.205353 -0.00395124 0.948762
 -0.155586 -0.00122704 0.911496
 -0.141599 0.00345347 0.888033
 -0.129808 0.00739912 0.868255
 -0.163016 0.0712072 0.964011
 -0.16305 0.0895426 0.95373
 -0.152566 0.10162 0.927837
 -0.148334 0.106495 0.917385
 -0.180569 0.0852322 0.947787
 -0.178612 0.100565 0.935577
 -0.172153 0.121454 0.912038
 -0.1618 0.119737 0.894164
 -0.199038 0.0904997 0.937769
 -0.193626 0.101299 0.936209
 -0.173396 0.123871 0.919062
 -0.163711 0.127705 0.906421
 -0.225508 0.0796212 0.926086
 -0.221466 0.0909624 0.927004
 -0.208932 0.121335 0.926802
 -0.205365 0.12939 0.926369
 -0.215199 0.106149 0.926903
 -0.183511 0.112585 0.927636
 -0.175382 0.111009 0.923808
 -0.157808 0.0955812 0.940783
