 0.106913 -0.232191 1.04085
 0.0905445 -0.273138 1.04139
 0.142491 -0.260993 1.02199
 0.166419 -0.249567 1.01393
 0.186023 -0.239733 1.00589
 0.15293 -0.212039 1.04837
 0.164718 -0.194651 1.04913
 0.182404 -0.170015 1.04658
 0.189543 -0.160071 1.04554
 0.136253 -0.198743 1.03648
 0.140192 -0.200569 1.01726
 0.12196 -0.226994 1.01604
 0.116558 -0.226941 1.03605
 0.113413 -0.189713 1.02878
 0.115848 -0.190843 1.0169
 0.103231 -0.216496 0.997015
 0.093445 -0.229312 0.999892
 0.0865242 -0.1848 1.03217
 0.0889238 -0.183173 1.02045
 0.0953149 -0.191485 0.989306
 0.0970304 -0.193716 0.980947
 0.0921193 -0.187329 1.00488
 0.10954 -0.203669 1.00696
 0.131076 -0.213782 1.01665
 0.173561 -0.182333 1.04786
