 0.129021 0.0592804 0.899754
 0.117038 0.0168414 0.899373
 0.175367 0.0233335 0.890807
 0.197121 0.0343854 0.877668
 0.211703 0.0439088 0.862096
 0.171429 0.0842911 0.912253
 0.174807 0.099113 0.897735
 0.181999 0.113693 0.872007
 0.1852 0.118375 0.861109
 0.155858 0.102473 0.905192
 0.164547 0.120099 0.906542
 0.175417 0.118165 0.876372
 0.180826 0.113802 0.856844
 0.133832 0.110836 0.896833
 0.13956 0.121535 0.897869
 0.151466 0.119603 0.8652
 0.156217 0.117137 0.84972
 0.105058 0.104127 0.887439
 0.111345 0.114142 0.884993
 0.117362 0.102962 0.854687
 0.118545 0.0992958 0.846753
 0.114354 0.108552 0.86984
 0.145513 0.120569 0.881535
 0.169982 0.119132 0.891457
 0.178403 0.106403 0.884871
