 -0.220267 0.0284691 0.944718
 -0.221341 -0.0156111 0.943948
 -0.175505 0.0165254 0.941172
 -0.157866 0.0369164 0.934761
 -0.142996 0.0541059 0.929356
 -0.185952 0.0630996 0.958981
 -0.177335 0.0796767 0.949346
 -0.16456 0.102564 0.93388
 -0.159108 0.108701 0.92474
 -0.205656 0.0765015 0.947956
 -0.202887 0.0945564 0.940583
 -0.195215 0.118835 0.920992
 -0.187473 0.12141 0.901938
 -0.226844 0.0785576 0.937631
 -0.222121 0.0888996 0.933262
 -0.207519 0.11526 0.915808
 -0.20102 0.116753 0.900847
 -0.254032 0.0660842 0.931224
 -0.250935 0.0777418 0.931784
 -0.241382 0.109146 0.930316
 -0.23849 0.117368 0.928968
 -0.246159 0.0934438 0.93105
 -0.21482 0.10208 0.924535
 -0.199051 0.106696 0.930787
 -0.170948 0.0911204 0.941613
