 -0.109746 -0.174301 0.822079
 -0.0859233 -0.21024 0.812823
 -0.1013 -0.190488 0.862423
 -0.0863214 -0.168277 0.855327
 -0.0735039 -0.149823 0.848926
 -0.126206 -0.152424 0.864865
 -0.108593 -0.140987 0.865793
 -0.0784042 -0.144028 0.868171
 -0.0662478 -0.145514 0.869138
 -0.125488 -0.138946 0.84451
 -0.109018 -0.128179 0.845408
 -0.092595 -0.152157 0.831718
 -0.105669 -0.16781 0.828019
 -0.125722 -0.132699 0.819538
 -0.115517 -0.126073 0.820076
 -0.0967449 -0.154352 0.812288
 -0.0943704 -0.170146 0.808653
 -0.132413 -0.137046 0.793176
 -0.122296 -0.130476 0.793709
 -0.0912783 -0.140131 0.798642
 -0.0829522 -0.142723 0.799966
 -0.106787 -0.135304 0.796176
 -0.106131 -0.140212 0.816182
 -0.100807 -0.140168 0.838563
 -0.0934985 -0.142507 0.866982
