 -0.109651 -0.106105 1.05624
 -0.104219 -0.14873 1.06616
 -0.0667094 -0.108477 1.06039
 -0.0560769 -0.0863341 1.04755
 -0.0471139 -0.0676677 1.03674
 -0.0784281 -0.0663484 1.05127
 -0.0877186 -0.0491046 1.04364
 -0.101161 -0.0241551 1.03255
 -0.106563 -0.0141282 1.02794
 -0.103216 -0.0571877 1.0455
 -0.108284 -0.0394241 1.03866
 -0.116506 -0.0105504 1.02723
 -0.121322 0.00692741 1.01718
 -0.125729 -0.0583812 1.04385
 -0.124447 -0.0465439 1.04129
 -0.120341 -0.0138484 1.03002
 -0.118103 -8.53539e-007 1.02156
 -0.15106 -0.0762281 1.04485
 -0.149661 -0.0648203 1.04115
 -0.145795 -0.0339659 1.03054
 -0.144689 -0.0259497 1.02703
 -0.147728 -0.0493931 1.03584
 -0.122394 -0.0301961 1.03565
 -0.112395 -0.0249873 1.03295
 -0.0944396 -0.0366299 1.03809
