 -0.0850117 0.012084 0.961777
 -0.0615678 -0.017 0.93834
 -0.0441449 0.0263956 0.968128
 -0.051178 0.0524817 0.961955
 -0.0579915 0.0735246 0.954433
 -0.0735427 0.0482049 0.995599
 -0.0717341 0.0622106 0.980029
 -0.0603963 0.0756185 0.95517
 -0.0547186 0.0798634 0.945137
 -0.0974192 0.0501545 0.985774
 -0.101759 0.0659288 0.974804
 -0.108837 0.091656 0.956912
 -0.0934838 0.0895679 0.943145
 -0.124299 0.0412679 0.98134
 -0.133386 0.0488343 0.984258
 -0.149406 0.0780309 0.974077
 -0.156933 0.0917648 0.969278
 -0.135986 0.0231504 0.965811
 -0.145268 0.0305039 0.968172
 -0.167403 0.0547682 0.967216
 -0.173344 0.0612815 0.96696
 -0.156335 0.0426361 0.967694
 -0.141396 0.0634326 0.979168
 -0.105298 0.0787924 0.965858
 -0.0660652 0.0689145 0.967599
