 0.130742 -0.0317627 0.931693
 0.143693 -0.0373402 0.973477
 0.173312 -0.0397542 0.926712
 0.1834 -0.0399603 0.900901
 0.191671 -0.0405143 0.879058
 0.154778 -0.0271179 0.887185
 0.151497 -0.033255 0.867349
 0.146747 -0.0421404 0.838631
 0.14483 -0.0457277 0.827039
 0.130927 -0.0255387 0.880908
 0.129568 -0.0231217 0.861407
 0.12758 -0.0495838 0.843298
 0.12766 -0.0687931 0.851083
 0.106255 -0.0261168 0.886352
 0.105383 -0.025614 0.874214
 0.104279 -0.0602816 0.871104
 0.104342 -0.0754691 0.87724
 0.0842432 -0.0272757 0.908139
 0.0838328 -0.0392536 0.906667
 0.086098 -0.0433271 0.939193
 0.086734 -0.0435032 0.947988
 0.0849654 -0.0412904 0.92293
 0.104831 -0.0429478 0.872659
 0.128574 -0.0363528 0.852352
 0.149122 -0.0376977 0.85299
