 -0.00311804 0.0729822 0.912567
 -0.00259116 0.0290759 0.916663
 0.0400455 0.0591015 0.894717
 0.0477429 0.0744185 0.872941
 0.0542318 0.0873307 0.854585
 0.0321085 0.109494 0.915051
 0.0320163 0.128092 0.905252
 0.0338853 0.147952 0.882267
 0.0352294 0.152745 0.871036
 0.0088215 0.121817 0.908794
 0.00605039 0.140449 0.903033
 0.00153086 0.170836 0.893637
 0.000111188 0.187466 0.881346
 -0.0134131 0.123254 0.905312
 -0.0106332 0.13496 0.903416
 -0.0018956 0.16651 0.891541
 0.00221421 0.181349 0.885955
 -0.0404977 0.108358 0.903165
 -0.0418964 0.120279 0.901846
 -0.0457023 0.152717 0.898256
 -0.0467239 0.161425 0.897292
 -0.0437993 0.136498 0.900051
 -0.00626438 0.150735 0.897479
 0.00379063 0.155643 0.898335
 0.0329508 0.138022 0.89376
