 -0.112782 -0.091477 0.947928
 -0.107096 -0.134374 0.939422
 -0.0700085 -0.0938324 0.927031
 -0.0690238 -0.0736145 0.908102
 -0.0708671 -0.0584874 0.890393
 -0.0816836 -0.0527997 0.958751
 -0.0801707 -0.0478071 0.938388
 -0.0779804 -0.0405789 0.908906
 -0.0768569 -0.0382709 0.896892
 -0.104683 -0.046761 0.950889
 -0.104499 -0.0401157 0.932347
 -0.0981618 -0.0404229 0.900853
 -0.0931726 -0.0424685 0.88084
 -0.130274 -0.0441554 0.949938
 -0.130517 -0.0337769 0.943567
 -0.125819 -0.0517478 0.91411
 -0.123586 -0.0618412 0.901405
 -0.154486 -0.060028 0.950894
 -0.154226 -0.0562076 0.939442
 -0.142088 -0.0691149 0.91177
 -0.138706 -0.0767218 0.914683
 -0.148157 -0.0626613 0.925606
 -0.128168 -0.0427624 0.928839
 -0.101331 -0.0402693 0.9166
 -0.0790756 -0.044193 0.923647
