 -0.174791 -0.127469 1.01261
 -0.154411 -0.166097 1.01872
 -0.138011 -0.1148 1.03137
 -0.139438 -0.11035 1.00406
 -0.141471 -0.113539 0.981001
 -0.163256 -0.0790334 1.02266
 -0.154224 -0.0772606 1.00376
 -0.12895 -0.0921037 0.995571
 -0.128454 -0.0973775 1.00666
 -0.182535 -0.082091 1.00582
 -0.179441 -0.0761451 0.987297
 -0.173534 -0.0670612 0.957053
 -0.169614 -0.0612792 0.937539
 -0.201264 -0.0941393 0.993229
 -0.198231 -0.0911247 0.981824
 -0.189185 -0.0828158 0.949238
 -0.18493 -0.0789076 0.93391
 -0.220724 -0.113251 0.991989
 -0.217895 -0.110286 0.980631
 -0.190612 -0.126268 0.971697
 -0.18362 -0.131618 0.972238
 -0.204253 -0.118277 0.976164
 -0.193708 -0.0869702 0.965531
 -0.176487 -0.0716032 0.972175
 -0.141587 -0.0846821 0.999667
