 0.0363972 -0.154126 0.937415
 0.0186229 -0.167131 0.975621
 0.0226609 -0.10691 0.976917
 0.0441726 -0.0897384 0.973686
 0.0628166 -0.075899 0.971101
 0.040974 -0.109539 0.913514
 0.0533227 -0.0989343 0.900212
 0.0757672 -0.0839442 0.886148
 0.0859718 -0.078239 0.882375
 0.0522073 -0.125407 0.898145
 0.0594271 -0.115602 0.882662
 0.0868801 -0.100853 0.874856
 0.104592 -0.0913373 0.86982
 0.0596349 -0.148553 0.891362
 0.0636894 -0.142507 0.881596
 0.0918802 -0.125648 0.870031
 0.107041 -0.11945 0.870232
 0.0612915 -0.178642 0.898475
 0.0718447 -0.176748 0.904029
 0.0716569 -0.175376 0.936858
 0.0686261 -0.175498 0.94514
 0.0717508 -0.176062 0.920443
 0.0777848 -0.134077 0.875813
 0.0731536 -0.108227 0.878759
 0.0645449 -0.0914392 0.89318
