 -0.0953069 -0.077908 0.902944
 -0.0736669 -0.0917979 0.867117
 -0.0588931 -0.0932194 0.920409
 -0.0562254 -0.0915154 0.947941
 -0.0539772 -0.0900705 0.97115
 -0.0853122 -0.0774443 0.952745
 -0.0764065 -0.0585045 0.950781
 -0.0619711 -0.0561133 0.924095
 -0.0569957 -0.0576177 0.912964
 -0.102572 -0.0624023 0.944243
 -0.0942263 -0.0446545 0.942403
 -0.0844317 -0.0523311 0.912784
 -0.0781262 -0.0573128 0.893678
 -0.12124 -0.0528424 0.929304
 -0.116117 -0.0418482 0.928194
 -0.0905211 -0.0557064 0.909074
 -0.0931496 -0.071805 0.907581
 -0.141746 -0.0552287 0.91108
 -0.137516 -0.0439288 0.910602
 -0.112183 -0.0541821 0.892362
 -0.106883 -0.0596351 0.887893
 -0.124849 -0.0490554 0.901482
 -0.103319 -0.0487773 0.918634
 -0.089329 -0.0484928 0.927594
 -0.0691888 -0.0573089 0.937438
