 -0.1539 -0.0721841 1.00523
 -0.138337 -0.113315 1.00853
 -0.1138 -0.0649794 1.01957
 -0.112827 -0.0460013 0.999399
 -0.119746 -0.0587741 0.981102
 -0.134892 -0.0259802 1.01441
 -0.146708 -0.0105507 1.00639
 -0.132857 -0.013572 0.979463
 -0.126544 -0.0157641 0.969155
 -0.160161 -0.0231875 1.00286
 -0.16953 -0.00929404 0.992504
 -0.151894 -0.0166498 0.966677
 -0.1393 -0.0233091 0.951623
 -0.18515 -0.0305524 0.996432
 -0.193015 -0.0215394 0.994139
 -0.21484 0.00428706 0.985809
 -0.224891 0.0164331 0.981362
 -0.199545 -0.0514789 0.990238
 -0.20542 -0.0410388 0.988722
 -0.221406 -0.0126298 0.984599
 -0.225697 -0.005004 0.983492
 -0.213413 -0.0268343 0.986661
 -0.203928 -0.00862618 0.989974
 -0.160712 -0.0129719 0.97959
 -0.139783 -0.0120614 0.992929
