 -0.186136 -0.0753343 0.99892
 -0.185535 -0.119035 0.993027
 -0.144769 -0.0819276 0.988389
 -0.144837 -0.0588865 0.972989
 -0.145627 -0.0397582 0.959599
 -0.151394 -0.0384096 0.995804
 -0.156705 -0.0207867 0.98565
 -0.164394 0.00472778 0.970949
 -0.167628 0.0136831 0.963185
 -0.173563 -0.0263544 0.99968
 -0.173913 -0.00737778 0.994409
 -0.175606 0.0219421 0.981386
 -0.178753 0.0348385 0.965468
 -0.197647 -0.0257412 1.00388
 -0.196581 -0.0144218 0.999515
 -0.193539 0.0179384 0.987014
 -0.192702 0.0324028 0.979373
 -0.223138 -0.0407298 1.01198
 -0.221827 -0.0287937 1.01325
 -0.219437 0.00394093 1.01171
 -0.219081 0.0126148 1.01015
 -0.220632 -0.0124264 1.01248
 -0.19506 0.00175829 0.993264
 -0.174759 0.00728217 0.987898
 -0.160549 -0.00802947 0.978299
