 -0.00747736 -0.0308573 0.987016
 -0.019367 -0.0727307 0.994092
 0.0359732 -0.0702655 0.971956
 0.0577948 -0.062557 0.95671
 0.0677282 -0.0569234 0.936329
 0.0358811 -0.00479552 0.991601
 0.0387914 0.00874915 0.975792
 0.0439236 0.0241817 0.950067
 0.0459952 0.0304112 0.939683
 0.016242 0.0124661 0.981249
 0.0153681 0.0303742 0.973092
 0.0220948 0.0305166 0.941677
 0.0264346 0.0306085 0.92141
 -0.00532194 0.0104239 0.968027
 -0.00256119 0.00881222 0.956274
 0.00141404 -0.0254384 0.961155
 -0.00206955 -0.0251208 0.977157
 -0.0325801 0.0119571 0.970468
 -0.029728 0.00921933 0.959058
 -0.0258401 -0.0231601 0.963068
 -0.0263803 -0.0290536 0.969608
 -0.027784 -0.00697039 0.961063
 -0.000573577 -0.00831308 0.958715
 0.0187315 0.0304454 0.957384
 0.0413575 0.0164654 0.962929
