 0.109 -0.227669 1.02941
 0.0903365 -0.267614 1.02849
 0.144448 -0.257543 1.01584
 0.169518 -0.247051 1.01041
 0.190652 -0.238206 1.00584
 0.155449 -0.210207 1.04026
 0.168257 -0.193631 1.04202
 0.186803 -0.169633 1.04455
 0.194289 -0.159947 1.04557
 0.142868 -0.189682 1.03468
 0.154873 -0.17415 1.03631
 0.174451 -0.148819 1.03898
 0.187327 -0.132594 1.03975
 0.118726 -0.185586 1.01815
 0.121917 -0.186809 1.00646
 0.104004 -0.214185 0.994525
 0.094172 -0.227151 0.992645
 0.0919893 -0.179157 1.0197
 0.0970373 -0.177402 1.00887
 0.0986842 -0.189758 0.978466
 0.0939554 -0.197037 0.976901
 0.0978607 -0.18358 0.993667
 0.112961 -0.200497 1.00049
 0.164662 -0.161484 1.03764
 0.17753 -0.181632 1.04328
