 -0.0933274 -0.152867 0.910162
 -0.0728916 -0.191944 0.90974
 -0.0515879 -0.140892 0.906767
 -0.0558487 -0.120448 0.888548
 -0.0648048 -0.115068 0.867651
 -0.0779405 -0.104567 0.913396
 -0.0772258 -0.102276 0.892512
 -0.0632839 -0.129168 0.889567
 -0.0636143 -0.130675 0.901755
 -0.106053 -0.104738 0.911511
 -0.120867 -0.0917624 0.911115
 -0.11873 -0.0902993 0.879093
 -0.117349 -0.0893565 0.858433
 -0.124672 -0.1145 0.903519
 -0.12633 -0.105562 0.895413
 -0.127898 -0.0899504 0.864324
 -0.12758 -0.0863083 0.848357
 -0.143346 -0.13776 0.907513
 -0.145289 -0.128066 0.90058
 -0.138614 -0.145886 0.873793
 -0.136822 -0.150669 0.866603
 -0.141951 -0.136976 0.887186
 -0.127114 -0.0977563 0.879868
 -0.119798 -0.0910309 0.895104
 -0.0702548 -0.115722 0.89104
