 0.0185056 -0.0999417 0.935737
 0.0160555 -0.143029 0.944808
 0.0610348 -0.113728 0.929801
 0.0623122 -0.104849 0.903579
 0.0604479 -0.0997623 0.880854
 0.0561114 -0.0658209 0.934408
 0.0534958 -0.0542895 0.917028
 0.0534863 -0.0471348 0.887447
 0.0547105 -0.0476287 0.875233
 0.0362148 -0.052532 0.928221
 0.0416925 -0.0338837 0.92502
 0.0471908 -0.0392627 0.893827
 0.0499039 -0.0455181 0.874254
 0.0118869 -0.0525267 0.918978
 0.0157747 -0.0443583 0.910822
 0.0202963 -0.0549846 0.877969
 0.0216984 -0.0621386 0.8633
 -0.0163759 -0.0634537 0.92199
 -0.013018 -0.0520221 0.920028
 -0.00485985 -0.0472448 0.888559
 -0.00266995 -0.0459624 0.880112
 -0.00893893 -0.0496334 0.904293
 0.0180355 -0.0496714 0.894395
 0.0444416 -0.0365732 0.909424
 0.053491 -0.0507122 0.902237
