 -0.094798 -0.101172 1.05464
 -0.0769138 -0.13605 1.07485
 -0.043267 -0.0877786 1.07704
 -0.0321748 -0.06298 1.07156
 -0.0230099 -0.0434359 1.06263
 -0.0816739 -0.0523916 1.04931
 -0.0834855 -0.0355905 1.03681
 -0.0849474 -0.0122998 1.01728
 -0.085518 -0.00291654 1.00937
 -0.103674 -0.054383 1.03632
 -0.10995 -0.0380531 1.02726
 -0.119827 -0.0116033 1.01194
 -0.124585 0.00446911 0.999744
 -0.123039 -0.0665886 1.02826
 -0.125723 -0.0556398 1.02365
 -0.133396 -0.0243357 1.01046
 -0.135781 -0.0103039 1.00235
 -0.138217 -0.0935629 1.02647
 -0.142285 -0.0892117 1.01596
 -0.153354 -0.0773714 0.987381
 -0.156299 -0.0742093 0.979692
 -0.147819 -0.0832915 1.00167
 -0.129559 -0.0399878 1.01705
 -0.114889 -0.0248282 1.0196
 -0.0842164 -0.0239451 1.02704
