 0.0351171 -0.177781 0.963681
 0.0240676 -0.220112 0.969225
 0.0812128 -0.208499 0.973763
 0.104537 -0.202986 0.959848
 0.124199 -0.198338 0.948118
 0.0640624 -0.144794 0.989259
 0.0738212 -0.13207 0.975667
 0.0963517 -0.128689 0.955488
 0.105966 -0.129615 0.947897
 0.058089 -0.136349 0.964953
 0.0718487 -0.131872 0.951587
 0.0907178 -0.157455 0.946936
 0.102891 -0.17396 0.943936
 0.0469222 -0.136828 0.943879
 0.0575159 -0.136548 0.937875
 0.0538507 -0.170234 0.92984
 0.0467764 -0.185002 0.929459
 0.0235481 -0.141377 0.927931
 0.0332107 -0.144551 0.921422
 0.0593768 -0.153516 0.903685
 0.0664005 -0.155922 0.898924
 0.0462937 -0.149033 0.912554
 0.0556833 -0.153391 0.933858
 0.0812833 -0.144663 0.949262
 0.0850864 -0.130379 0.965578
