 -0.0773258 -0.0301747 1.02861
 -0.059462 -0.0704909 1.02806
 -0.0332718 -0.0225911 1.04056
 -0.0259502 -0.0010068 1.02479
 -0.0197781 0.0171887 1.0115
 -0.0666882 0.0132628 1.0527
 -0.0597024 0.0250335 1.03674
 -0.0349301 0.0178805 1.02057
 -0.0249632 0.0118487 1.01668
 -0.0864333 0.0191471 1.03776
 -0.0907717 0.0383459 1.03699
 -0.0950574 0.0698673 1.0325
 -0.089903 0.086751 1.02163
 -0.106041 0.0131141 1.0217
 -0.110494 0.024435 1.02229
 -0.123197 0.056817 1.02396
 -0.129172 0.0720482 1.02474
 -0.118134 -0.00796124 1.00456
 -0.125627 0.00111439 1.00186
 -0.145329 0.0260999 0.993663
 -0.150331 0.0329077 0.991129
 -0.135478 0.0136071 0.997762
 -0.116846 0.040626 1.02313
 -0.0929146 0.0541066 1.03474
 -0.0473162 0.021457 1.02866
