 -0.103852 -0.239441 0.934563
 -0.0850739 -0.276994 0.921072
 -0.0663891 -0.238779 0.956518
 -0.0616575 -0.217167 0.97321
 -0.0576687 -0.198949 0.987281
 -0.0903754 -0.202209 0.96638
 -0.0838214 -0.1887 0.951668
 -0.064484 -0.20966 0.941038
 -0.0683144 -0.217554 0.949636
 -0.107875 -0.197663 0.949962
 -0.0993143 -0.18803 0.935065
 -0.0893095 -0.212624 0.916976
 -0.0834009 -0.229348 0.906251
 -0.13343 -0.197986 0.944371
 -0.136284 -0.187362 0.9496
 -0.129152 -0.155444 0.937639
 -0.121282 -0.158957 0.923709
 -0.149125 -0.215406 0.924089
 -0.148784 -0.20426 0.919458
 -0.141423 -0.178701 0.900167
 -0.136284 -0.177803 0.893055
 -0.145104 -0.19148 0.909812
 -0.132718 -0.171403 0.943619
 -0.0943119 -0.200327 0.92602
 -0.0741527 -0.19918 0.946353
