 0.0392185 -0.0312397 0.978718
 0.0273988 -0.0730059 0.986508
 0.0840142 -0.0661616 0.972547
 0.100697 -0.0579417 0.952
 0.111306 -0.051857 0.932095
 0.082032 -0.00455529 0.984646
 0.0829476 0.0114421 0.97104
 0.0873375 0.0264061 0.944905
 0.0891743 0.032231 0.934246
 0.0624231 0.0125553 0.973849
 0.0608096 0.0313216 0.968084
 0.068841 0.0322922 0.936992
 0.0740225 0.0329183 0.916933
 0.042448 0.016753 0.960895
 0.0465127 0.024541 0.952459
 0.0587288 0.0332628 0.921035
 0.0623781 0.0252118 0.907245
 0.014564 0.0107509 0.959586
 0.0202036 0.0134037 0.949244
 0.0122729 -0.0161134 0.937182
 0.00779859 -0.0196502 0.94391
 0.0162382 -0.00135481 0.943213
 0.0526208 0.0289019 0.936747
 0.0648253 0.0318069 0.952538
 0.0851426 0.0189241 0.957972
