 -0.043229 -0.129244 0.903804
 -0.050164 -0.131653 0.947288
 -0.0118659 -0.103642 0.918847
 0.00218691 -0.12231 0.903945
 0.00413902 -0.145531 0.90228
 -0.00971083 -0.10505 0.874284
 -0.00280343 -0.100992 0.85485
 0.0159311 -0.124919 0.856512
 0.0176323 -0.132897 0.865698
 -0.0217818 -0.124101 0.864915
 -0.00965622 -0.139587 0.865991
 0.00721944 -0.153268 0.889659
 0.018107 -0.162095 0.904928
 -0.0402975 -0.141542 0.860996
 -0.0327998 -0.151118 0.861661
 -0.0196316 -0.157103 0.893339
 -0.0134378 -0.159919 0.908239
 -0.0663968 -0.150296 0.861886
 -0.0589637 -0.159789 0.862545
 -0.0671273 -0.169336 0.892907
 -0.0714334 -0.169023 0.900598
 -0.0630455 -0.164563 0.877726
 -0.0262157 -0.15411 0.8775
 -0.00121839 -0.146428 0.877825
 0.00656383 -0.112956 0.855681
