 -0.138555 -0.153501 0.933746
 -0.116484 -0.19168 0.933497
 -0.0973307 -0.141379 0.948181
 -0.0951576 -0.135586 0.921167
 -0.0939303 -0.134285 0.897873
 -0.132658 -0.109011 0.957537
 -0.145043 -0.093875 0.949829
 -0.128439 -0.0833198 0.926609
 -0.121737 -0.0790591 0.917236
 -0.155581 -0.107305 0.941243
 -0.169463 -0.094094 0.936687
 -0.151374 -0.0834782 0.912351
 -0.136137 -0.0807155 0.898574
 -0.173094 -0.114752 0.92406
 -0.180564 -0.105534 0.921307
 -0.162199 -0.0926874 0.894653
 -0.150948 -0.104404 0.896758
 -0.181466 -0.135943 0.90951
 -0.178382 -0.129192 0.899985
 -0.169508 -0.1111 0.874032
 -0.166699 -0.106504 0.867048
 -0.173945 -0.120146 0.887009
 -0.171382 -0.0991106 0.90798
 -0.160419 -0.0887861 0.924519
 -0.136741 -0.0885974 0.938219
