 0.115367 -0.0828465 0.913838
 0.0963974 -0.113136 0.939674
 0.127867 -0.119449 0.894617
 0.143785 -0.117286 0.872035
 0.157204 -0.115462 0.852997
 0.144511 -0.0845773 0.872271
 0.150032 -0.0655869 0.865146
 0.157495 -0.0380845 0.854461
 0.160508 -0.0269829 0.850148
 0.139083 -0.0576716 0.878191
 0.140358 -0.0402642 0.86906
 0.125867 -0.020855 0.847954
 0.116519 -0.00833295 0.834338
 0.12689 -0.0417856 0.887889
 0.124291 -0.0371613 0.876925
 0.0971456 -0.0350996 0.855208
 0.0816048 -0.0379669 0.850899
 0.116798 -0.0305489 0.91383
 0.112182 -0.0268448 0.903305
 0.0928167 -0.0203527 0.877566
 0.0876186 -0.01861 0.870657
 0.102499 -0.0235988 0.890435
 0.110718 -0.0361305 0.866067
 0.133112 -0.0305596 0.858507
 0.153764 -0.0518357 0.859803
