 0.0880408 -0.117974 0.91025
 0.0798221 -0.160523 0.918424
 0.139048 -0.156054 0.906554
 0.147343 -0.147663 0.881477
 0.150608 -0.141338 0.859226
 0.1298 -0.0890545 0.910169
 0.137373 -0.0781071 0.8939
 0.148327 -0.0623108 0.870305
 0.152583 -0.0567938 0.860187
 0.107839 -0.0728163 0.903251
 0.104325 -0.0540111 0.898556
 0.106061 -0.0468497 0.867286
 0.107181 -0.0422294 0.847111
 0.0878465 -0.0673443 0.899013
 0.0927457 -0.0563231 0.897315
 0.100866 -0.0564684 0.863451
 0.0981093 -0.0691571 0.853466
 0.0584741 -0.0769939 0.896703
 0.063331 -0.0660677 0.89502
 0.075411 -0.0527049 0.86754
 0.0786518 -0.0491246 0.860159
 0.069371 -0.0593863 0.88128
 0.0968057 -0.0563957 0.880383
 0.105193 -0.0504304 0.882921
 0.14285 -0.070209 0.882103
