 -0.191264 -0.0902355 0.976915
 -0.191244 -0.133926 0.982908
 -0.150035 -0.0973256 0.987654
 -0.136755 -0.0755434 0.976828
 -0.125563 -0.0571828 0.967693
 -0.156102 -0.0537287 0.980241
 -0.150841 -0.0338797 0.975744
 -0.142565 -0.00631771 0.96584
 -0.139213 0.00478189 0.96178
 -0.178059 -0.0424471 0.970234
 -0.178136 -0.0263487 0.958883
 -0.174993 -0.00925894 0.93186
 -0.171341 -0.00510307 0.911885
 -0.206062 -0.0406065 0.966594
 -0.210141 -0.0294093 0.964076
 -0.21781 -0.00168463 0.944448
 -0.219653 0.00853724 0.931782
 -0.227732 -0.0552138 0.963475
 -0.224963 -0.043695 0.961139
 -0.216102 -0.014974 0.947864
 -0.213586 -0.00780074 0.943392
 -0.220533 -0.0293345 0.954501
 -0.213975 -0.0155469 0.954262
 -0.176564 -0.0178038 0.945372
 -0.146703 -0.0200987 0.970792
