 0.0185918 -0.0728971 0.921277
 0.0274405 -0.115738 0.926859
 0.0689189 -0.0824885 0.954101
 0.0847811 -0.0604685 0.948483
 0.098079 -0.0419692 0.943311
 0.0408011 -0.0296451 0.935982
 0.040543 -0.00862581 0.93591
 0.0564048 6.1409e-005 0.911432
 0.0628075 0.00356807 0.901551
 0.0207109 -0.0227456 0.919776
 0.019259 -0.0056052 0.910178
 0.0222069 0.0184562 0.889095
 0.0328387 0.0205476 0.871426
 0.0033838 -0.0277417 0.904821
 0.00739068 -0.0181286 0.898506
 0.0191851 0.00887033 0.87994
 0.0247327 0.0215696 0.871208
 -0.0191755 -0.0462814 0.896735
 -0.0190637 -0.0364799 0.889684
 -0.0124047 -0.0158201 0.865017
 -0.00970707 -0.0114611 0.857839
 -0.0157342 -0.02615 0.87735
 0.0132879 -0.00462916 0.889223
 0.020733 0.00642549 0.899637
 0.0484739 -0.0042822 0.923671
