 -0.0436397 -0.135025 0.977087
 -0.0352913 -0.177589 0.969123
 0.00172718 -0.135609 0.963388
 0.0108806 -0.111564 0.953089
 0.015266 -0.0928355 0.939829
 -0.0157616 -0.0954468 0.992468
 -0.0208873 -0.0791514 0.980217
 -0.0283084 -0.0555589 0.962482
 -0.0280315 -0.0494802 0.951809
 -0.0393352 -0.0859868 0.985656
 -0.0415546 -0.0675855 0.978987
 -0.0395559 -0.0465152 0.954817
 -0.0366383 -0.0370543 0.936608
 -0.0614777 -0.0887693 0.976639
 -0.0592747 -0.0788688 0.969895
 -0.0529759 -0.0505618 0.950614
 -0.0500133 -0.0372473 0.941544
 -0.0864466 -0.105065 0.974431
 -0.0866347 -0.0962022 0.966232
 -0.0871465 -0.072084 0.943924
 -0.0862959 -0.0675081 0.936432
 -0.0868906 -0.0841431 0.955078
 -0.0561253 -0.0647153 0.960254
 -0.0405553 -0.0570503 0.966902
 -0.0245979 -0.0673551 0.97135
