 -0.210721 -0.0985916 1.01164
 -0.198782 -0.139872 1.00173
 -0.167736 -0.0950698 0.984787
 -0.157503 -0.0701391 0.978322
 -0.152663 -0.049931 0.967644
 -0.185787 -0.0565861 1.02557
 -0.193182 -0.0369498 1.02684
 -0.20266 -0.00838095 1.02235
 -0.206486 0.00315106 1.02053
 -0.209331 -0.0491357 1.02462
 -0.210096 -0.0297988 1.0283
 -0.211265 0.00187574 1.03354
 -0.209791 0.0151433 1.01768
 -0.234039 -0.0533177 1.02145
 -0.234601 -0.041557 1.02457
 -0.236198 -0.00791134 1.03341
 -0.236948 0.00792017 1.03755
 -0.256463 -0.0732869 1.01373
 -0.260881 -0.0623308 1.01623
 -0.27079 -0.0315004 1.01067
 -0.273373 -0.0232632 1.00886
 -0.265835 -0.0469156 1.01345
 -0.2354 -0.0247342 1.02899
 -0.210681 -0.0139615 1.03092
 -0.197921 -0.0226654 1.02459
