 -0.169578 -0.0577252 0.818809
 -0.170781 -0.0997755 0.805575
 -0.129155 -0.0714882 0.828897
 -0.111853 -0.0532523 0.840565
 -0.0972668 -0.0378794 0.8504
 -0.137658 -0.0300847 0.847046
 -0.133009 -0.0114109 0.855505
 -0.126241 0.0156431 0.867692
 -0.123509 0.0265637 0.872611
 -0.157256 -0.0132832 0.839732
 -0.158604 0.00577128 0.84454
 -0.160802 0.0368485 0.852383
 -0.16222 0.0568983 0.857443
 -0.174033 -0.0133181 0.818071
 -0.167753 -0.010349 0.808065
 -0.160955 -0.0440201 0.80234
 -0.165087 -0.0575896 0.810532
 -0.200647 -0.0162516 0.811617
 -0.194396 -0.0132029 0.801746
 -0.201435 -0.0422818 0.788163
 -0.204549 -0.0504063 0.78672
 -0.197915 -0.0277423 0.794954
 -0.164354 -0.0271846 0.805203
 -0.159703 0.0213099 0.848461
 -0.129625 0.00211612 0.861598
