 0.0919235 -0.064445 0.97609
 0.0972156 -0.108191 0.977847
 0.135467 -0.0686691 0.970229
 0.132385 -0.0559173 0.945817
 0.129786 -0.0451675 0.925238
 0.123283 -0.0245628 0.978571
 0.126269 -0.0179325 0.958848
 0.129544 -0.0199739 0.92866
 0.130866 -0.0207981 0.916474
 0.101251 -0.0180448 0.96962
 0.103882 -0.00949398 0.952071
 0.105289 -0.0296729 0.927112
 0.105385 -0.0468303 0.915483
 0.0717973 -0.01736 0.968078
 0.067516 -0.00814553 0.961362
 0.0786523 -0.0235373 0.932176
 0.0857296 -0.0350203 0.922883
 0.0506049 -0.0328287 0.970589
 0.052337 -0.0287554 0.959355
 0.0566143 -0.0234959 0.927204
 0.0572654 -0.0264049 0.918903
 0.0544757 -0.0261256 0.943279
 0.0730842 -0.0158414 0.946769
 0.104586 -0.0195835 0.939591
 0.127907 -0.0189532 0.943754
