 -0.0650294 -0.110225 0.994467
 -0.0438096 -0.148274 0.987626
 -0.033605 -0.107865 1.024
 -0.0301729 -0.0813098 1.01686
 -0.0270312 -0.0608738 1.00598
 -0.0588831 -0.07115 1.02634
 -0.062231 -0.0533978 1.01559
 -0.0532125 -0.0324897 0.995393
 -0.0495722 -0.02405 0.987242
 -0.0808741 -0.0655427 1.00966
 -0.0932555 -0.0506227 1.00618
 -0.0880372 -0.0263533 0.985786
 -0.0835059 -0.0112418 0.972343
 -0.0992128 -0.0701337 0.991087
 -0.107484 -0.0613192 0.989587
 -0.13081 -0.035882 0.984943
 -0.120863 -0.0287473 0.974059
 -0.10678 -0.0872719 0.972854
 -0.108129 -0.0752728 0.972779
 -0.111802 -0.0426216 0.972574
 -0.107699 -0.0365992 0.967605
 -0.109965 -0.0589472 0.972676
 -0.119147 -0.0486006 0.987265
 -0.0906463 -0.038488 0.995983
 -0.0577218 -0.0429437 1.00549
