 -0.0741547 -0.0300993 0.983938
 -0.0566096 -0.0689521 0.972649
 -0.0245741 -0.0237334 0.985497
 -0.0204714 0.00255542 0.977744
 -0.0180583 0.0241884 0.969259
 -0.0562655 0.0121885 1.00566
 -0.0562692 0.0242126 0.988419
 -0.0363614 0.0166338 0.966682
 -0.0276312 0.00832501 0.964301
 -0.0797912 0.0179449 0.999284
 -0.0826374 0.0374319 0.998875
 -0.082028 0.0655783 0.983398
 -0.0778573 0.0752903 0.965568
 -0.10287 0.0118849 0.987684
 -0.104622 0.0233403 0.983935
 -0.10963 0.0560928 0.973215
 -0.111978 0.0714941 0.968156
 -0.121946 -0.0091346 0.980251
 -0.1303 -0.000523165 0.981614
 -0.123207 0.0119773 0.952067
 -0.120045 0.0139381 0.94407
 -0.126754 0.00572707 0.96684
 -0.107126 0.0397166 0.978575
 -0.0823327 0.0515051 0.991136
 -0.0463153 0.0204232 0.977551
