 -0.0897311 -0.0918671 0.942445
 -0.100745 -0.0820765 0.90088
 -0.0699061 -0.0538665 0.937122
 -0.0554971 -0.043807 0.958551
 -0.0433629 -0.0353264 0.976625
 -0.0620856 -0.0689764 0.978389
 -0.057696 -0.0676628 0.998904
 -0.0513408 -0.0657609 1.02861
 -0.0533673 -0.0627037 1.04033
 -0.0718696 -0.0932121 0.988914
 -0.070984 -0.103375 1.00576
 -0.0695396 -0.119951 1.03325
 -0.0694094 -0.13017 1.05128
 -0.0928699 -0.107588 0.984991
 -0.102721 -0.102428 0.989959
 -0.107418 -0.0835736 0.961059
 -0.098258 -0.0836735 0.94748
 -0.100012 -0.131911 0.974506
 -0.109888 -0.126203 0.978467
 -0.112679 -0.108511 0.95092
 -0.107656 -0.108477 0.943671
 -0.111284 -0.117357 0.964694
 -0.105069 -0.0930006 0.975509
 -0.0702618 -0.111663 1.01951
 -0.0545184 -0.0667118 1.01376
