 -0.167916 -0.102971 1.00519
 -0.16773 -0.146907 1.00899
 -0.12565 -0.1173 0.985411
 -0.118328 -0.102006 0.96349
 -0.114486 -0.0905047 0.943521
 -0.132279 -0.0668239 1.00707
 -0.133036 -0.0538725 0.99053
 -0.134131 -0.0351214 0.966583
 -0.134082 -0.0292209 0.955808
 -0.15347 -0.0559963 0.998533
 -0.150275 -0.0422396 0.984801
 -0.144893 -0.0248123 0.958354
 -0.141418 -0.0151634 0.940342
 -0.177653 -0.0541345 0.994799
 -0.174501 -0.0445518 0.987973
 -0.165493 -0.018076 0.967222
 -0.161261 -0.00590582 0.957108
 -0.205154 -0.0671695 0.996904
 -0.202668 -0.055372 0.996238
 -0.195615 -0.0235274 0.992263
 -0.193559 -0.0190355 0.984956
 -0.199141 -0.0394497 0.99425
 -0.169997 -0.0313139 0.977597
 -0.147584 -0.0335259 0.971578
 -0.133583 -0.044497 0.978556
