 0.0958998 -0.0288393 0.964899
 0.0971486 -0.0724324 0.95835
 0.138711 -0.0356885 0.957916
 0.138333 -0.0166295 0.937799
 0.137385 -0.00102139 0.920442
 0.130881 0.00700787 0.973353
 0.129592 0.0175931 0.955238
 0.133615 0.0181904 0.925077
 0.135601 0.0174031 0.912979
 0.10843 0.0149334 0.965594
 0.108879 0.0206605 0.946753
 0.116708 0.0122523 0.91675
 0.124822 -0.00432012 0.90731
 0.0841129 0.0173877 0.962499
 0.0859713 0.0239147 0.952385
 0.0880758 0.0249295 0.917639
 0.0858469 0.011348 0.908758
 0.0575703 0.00670326 0.967057
 0.059962 0.0185077 0.966197
 0.0612461 0.0159211 0.933467
 0.0610894 0.0128464 0.925202
 0.060604 0.0172144 0.949832
 0.0870235 0.0244221 0.935012
 0.112793 0.0164564 0.931751
 0.131603 0.0178917 0.940157
