 0.0146007 -0.115171 0.985509
 0.0130092 -0.159201 0.983593
 0.0589556 -0.127415 0.979158
 0.066737 -0.110822 0.95837
 0.0726412 -0.097261 0.940285
 0.0502359 -0.0812526 0.998152
 0.0567494 -0.0614439 0.995492
 0.0684824 -0.0388496 0.978816
 0.0732785 -0.0304616 0.97123
 0.0290228 -0.0668552 0.991685
 0.0289313 -0.0471635 0.992172
 0.0387316 -0.0419795 0.962019
 0.0451147 -0.0431228 0.942333
 0.00739891 -0.0639585 0.983155
 0.0110326 -0.052351 0.982511
 0.0241363 -0.0396364 0.952857
 0.0297483 -0.0367707 0.937737
 -0.01967 -0.0769033 0.975602
 -0.0228045 -0.0652602 0.974955
 -0.0309797 -0.0335624 0.972119
 -0.0331741 -0.0250537 0.971358
 -0.0268921 -0.0494113 0.973537
 0.0175845 -0.0459937 0.967684
 0.0338314 -0.0445715 0.977096
 0.0626159 -0.0501467 0.987154
