 -0.0925309 0.045569 0.877597
 -0.0622242 0.0143631 0.884843
 -0.0531728 0.065936 0.865124
 -0.0583042 0.0830456 0.843934
 -0.0639783 0.091313 0.822833
 -0.0917244 0.0963146 0.875493
 -0.0901916 0.0983886 0.85463
 -0.0762606 0.0861714 0.830487
 -0.0691502 0.0789197 0.823575
 -0.114993 0.0904193 0.86911
 -0.123797 0.105904 0.860701
 -0.115782 0.101388 0.829919
 -0.110363 0.0980647 0.810191
 -0.135146 0.0694348 0.862493
 -0.142225 0.0729495 0.853226
 -0.162465 0.0829983 0.826729
 -0.163766 0.0842421 0.810448
 -0.1439 0.0450196 0.867697
 -0.150842 0.0486942 0.858526
 -0.164693 0.0565057 0.829773
 -0.168334 0.0585688 0.822009
 -0.157768 0.0526 0.84415
 -0.152345 0.0779739 0.839977
 -0.119789 0.103646 0.84531
 -0.0832261 0.09228 0.842559
