 -0.140769 -0.187102 0.949525
 -0.112773 -0.220482 0.956362
 -0.104397 -0.166036 0.963712
 -0.105168 -0.138393 0.961888
 -0.105717 -0.115297 0.958413
 -0.142299 -0.13833 0.963639
 -0.13182 -0.132741 0.946295
 -0.116843 -0.15923 0.946793
 -0.110884 -0.169968 0.947136
 -0.16077 -0.143461 0.944548
 -0.164408 -0.133224 0.928117
 -0.1345 -0.138994 0.917901
 -0.119467 -0.149734 0.927295
 -0.17905 -0.154667 0.935955
 -0.185152 -0.144148 0.935272
 -0.170475 -0.130813 0.906645
 -0.162957 -0.125436 0.893122
 -0.185864 -0.181979 0.923501
 -0.191614 -0.174315 0.916152
 -0.198558 -0.154641 0.890768
 -0.199684 -0.149557 0.883649
 -0.195086 -0.164478 0.90346
 -0.177813 -0.13748 0.920959
 -0.149454 -0.136109 0.923009
 -0.124331 -0.145986 0.946544
