 -0.127008 -0.107229 1.02636
 -0.0954128 -0.137251 1.03309
 -0.0836256 -0.0825628 1.02275
 -0.0834135 -0.0621227 1.00403
 -0.0832341 -0.0449097 0.988237
 -0.133221 -0.0584638 1.03915
 -0.123831 -0.0525823 1.02129
 -0.102595 -0.0600121 1.0008
 -0.0940223 -0.0630112 0.992522
 -0.150872 -0.0662118 1.02066
 -0.153864 -0.0572262 1.00339
 -0.153542 -0.043564 0.974314
 -0.149491 -0.0357891 0.955532
 -0.165582 -0.0803675 1.00771
 -0.168291 -0.0718108 0.999478
 -0.164599 -0.0527401 0.970574
 -0.162609 -0.0439283 0.956911
 -0.173251 -0.107699 1.0019
 -0.169451 -0.103664 0.991174
 -0.138016 -0.113071 0.992898
 -0.131516 -0.116977 0.997402
 -0.153733 -0.108367 0.992036
 -0.166445 -0.0622755 0.985026
 -0.153703 -0.0503951 0.988851
 -0.113213 -0.0562972 1.01104
