 -0.06044 -0.082541 0.992146
 -0.0594909 -0.126493 0.988661
 -0.0169696 -0.0914576 0.978368
 -0.00567414 -0.0702112 0.964619
 -0.0112865 -0.0625059 0.943289
 -0.0255993 -0.0466784 1.0011
 -0.0256419 -0.0370866 0.982396
 -0.0241591 -0.026332 0.953964
 -0.0235576 -0.0219972 0.942485
 -0.0501514 -0.0341562 0.995947
 -0.0563726 -0.0161816 0.990827
 -0.0500589 -0.0158138 0.959328
 -0.0458567 -0.0159076 0.939032
 -0.070834 -0.0344619 0.987262
 -0.0676693 -0.0260427 0.979049
 -0.0619855 -0.0240869 0.944747
 -0.0609133 -0.0296979 0.929396
 -0.098124 -0.0464166 0.988678
 -0.0963573 -0.0345843 0.987041
 -0.0906873 -0.0306823 0.954913
 -0.0898351 -0.0341809 0.946861
 -0.0935223 -0.0326333 0.970977
 -0.0648274 -0.0250648 0.961898
 -0.0532158 -0.0159977 0.975077
 -0.0249005 -0.0317093 0.96818
