 -0.151207 -0.0600633 1.0018
 -0.114599 -0.084587 1.0036
 -0.119713 -0.0298885 1.0129
 -0.124797 -0.0142243 0.990609
 -0.128422 -0.00330766 0.970274
 -0.16487 -0.0148842 1.02057
 -0.182454 -0.00530068 1.01418
 -0.207911 0.00857438 1.00492
 -0.217892 0.0143856 1.00074
 -0.180747 -0.0233366 1.00184
 -0.182683 -0.0126131 0.985435
 -0.151738 -0.0139123 0.976897
 -0.134444 -0.0224228 0.984519
 -0.197248 -0.0381494 0.992865
 -0.205054 -0.0288219 0.992223
 -0.227374 -0.00215318 0.99039
 -0.23469 0.0114427 0.984919
 -0.19809 -0.0659865 0.979348
 -0.193986 -0.0605931 0.969354
 -0.167699 -0.0800074 0.965929
 -0.160643 -0.0852188 0.96501
 -0.180842 -0.0703003 0.967642
 -0.216214 -0.0154875 0.991306
 -0.16721 -0.0132627 0.981166
 -0.195183 0.00163685 1.00955
