 -0.189025 -0.125526 1.04772
 -0.172427 -0.164728 1.05923
 -0.142797 -0.119495 1.04424
 -0.135871 -0.0998159 1.02599
 -0.130033 -0.0832265 1.01062
 -0.172262 -0.077626 1.04991
 -0.177161 -0.0627323 1.03591
 -0.184256 -0.0411692 1.01563
 -0.186824 -0.0327126 1.0071
 -0.193722 -0.0758886 1.0378
 -0.194469 -0.058494 1.02859
 -0.193742 -0.0321992 1.01014
 -0.193 -0.0155719 0.997791
 -0.216016 -0.0849797 1.03004
 -0.217512 -0.0735181 1.0262
 -0.221649 -0.0408282 1.01494
 -0.222345 -0.0264035 1.00721
 -0.23407 -0.109794 1.02626
 -0.237494 -0.100578 1.01925
 -0.245484 -0.0765094 0.998358
 -0.247628 -0.0700489 0.992749
 -0.241489 -0.0885437 1.0088
 -0.219581 -0.0571732 1.02057
 -0.194106 -0.0453466 1.01937
 -0.180709 -0.0519507 1.02577
