 -0.0992794 -0.134992 0.926585
 -0.109139 -0.157176 0.963402
 -0.06285 -0.130031 0.949732
 -0.0430876 -0.126559 0.930615
 -0.0274777 -0.126776 0.913234
 -0.0607714 -0.105211 0.91208
 -0.0520275 -0.0935706 0.896916
 -0.0339419 -0.110869 0.879598
 -0.027384 -0.119746 0.874202
 -0.0790771 -0.106947 0.890731
 -0.0810024 -0.100047 0.872382
 -0.0841425 -0.0887939 0.842455
 -0.0818141 -0.089051 0.82186
 -0.0956186 -0.125112 0.88321
 -0.0896974 -0.134855 0.878926
 -0.076731 -0.16644 0.885782
 -0.0819551 -0.165225 0.901259
 -0.122741 -0.128863 0.880227
 -0.116408 -0.137796 0.875139
 -0.128213 -0.158858 0.897425
 -0.132839 -0.152332 0.901142
 -0.12231 -0.148327 0.886282
 -0.0832142 -0.150647 0.882354
 -0.0825724 -0.0944206 0.857418
 -0.0429847 -0.10222 0.888257
