 0.0289825 -0.131479 0.936776
 0.0405326 -0.173855 0.940731
 0.067431 -0.129882 0.962697
 0.0800542 -0.10521 0.962808
 0.0927581 -0.0922542 0.948091
 0.0363157 -0.0897179 0.964748
 0.0540336 -0.0856438 0.954195
 0.0808572 -0.0823633 0.940196
 0.0921394 -0.082485 0.935337
 0.0224529 -0.0818042 0.94279
 0.0173727 -0.0635838 0.937293
 0.0193626 -0.0345927 0.923593
 0.0206464 -0.0158888 0.914754
 0.0107582 -0.0846359 0.92311
 0.00853669 -0.0726777 0.923758
 0.0129008 -0.0383993 0.919437
 0.0149535 -0.0222761 0.917404
 0.0021255 -0.104093 0.901198
 0.000249345 -0.093367 0.89598
 -0.00485592 -0.0641798 0.881779
 -0.00622633 -0.056345 0.877967
 -0.00230329 -0.0787734 0.888879
 0.0107187 -0.0555385 0.921598
 0.0183677 -0.0490883 0.930443
 0.0674454 -0.0840036 0.947196
