 -0.154356 -0.116156 0.916547
 -0.129426 -0.15147 0.907816
 -0.119165 -0.107763 0.940138
 -0.118864 -0.0842456 0.954797
 -0.118806 -0.0632495 0.965042
 -0.148613 -0.0746008 0.945189
 -0.164823 -0.0612776 0.943913
 -0.151551 -0.0473916 0.920306
 -0.146194 -0.0417863 0.910777
 -0.172444 -0.0723715 0.930787
 -0.183953 -0.0576231 0.92462
 -0.162559 -0.0504957 0.901737
 -0.148747 -0.0459101 0.886979
 -0.188757 -0.0798257 0.912188
 -0.191452 -0.0704676 0.904872
 -0.177421 -0.0536546 0.877795
 -0.164417 -0.0636096 0.878092
 -0.201876 -0.100333 0.901426
 -0.208221 -0.0910973 0.896928
 -0.225489 -0.0659648 0.884687
 -0.229231 -0.0590929 0.880618
 -0.216855 -0.078531 0.890808
 -0.184437 -0.0620611 0.891334
 -0.173256 -0.0540594 0.913179
 -0.158187 -0.0543346 0.93211
