 -0.148901 -0.0962649 0.904069
 -0.150091 -0.138564 0.891651
 -0.111345 -0.110814 0.919753
 -0.095213 -0.0926306 0.933064
 -0.0816135 -0.0773024 0.944284
 -0.115714 -0.0674576 0.929544
 -0.106161 -0.0621918 0.911575
 -0.0928699 -0.0566169 0.88477
 -0.0876221 -0.0547758 0.873816
 -0.13245 -0.0563422 0.91566
 -0.123552 -0.0516228 0.898732
 -0.111883 -0.0589528 0.869711
 -0.108706 -0.0736229 0.855417
 -0.154121 -0.0508381 0.903467
 -0.14828 -0.0463957 0.893746
 -0.139213 -0.0560283 0.861532
 -0.141992 -0.0701515 0.853715
 -0.181303 -0.0555863 0.898378
 -0.175849 -0.0526929 0.888001
 -0.160066 -0.0744356 0.869086
 -0.157283 -0.0826246 0.867357
 -0.167957 -0.0635643 0.878543
 -0.143746 -0.051212 0.877639
 -0.117717 -0.0552878 0.884221
 -0.0995155 -0.0594043 0.898173
