 -0.0873966 -0.0358932 0.995504
 -0.0774645 -0.0787983 0.997809
 -0.0417794 -0.0613041 0.949918
 -0.0286688 -0.0473711 0.929868
 -0.0259831 -0.0426441 0.907147
 -0.0619523 0.00716731 1.00437
 -0.0560391 0.0122415 0.984844
 -0.0474779 0.019588 0.956578
 -0.0438568 0.0145128 0.945993
 -0.0830197 0.0138083 0.993416
 -0.0795983 0.0297745 0.982399
 -0.0700787 0.0237436 0.952313
 -0.0639371 0.0198527 0.932903
 -0.108149 0.0113273 0.989867
 -0.108332 0.0235047 0.990045
 -0.09796 0.0277069 0.957068
 -0.0932626 0.0221931 0.942376
 -0.130322 -0.00897239 0.982476
 -0.130691 0.00309643 0.982593
 -0.120802 0.00370238 0.951264
 -0.118141 0.00359171 0.942856
 -0.125746 0.0033994 0.966929
 -0.103146 0.0256058 0.973556
 -0.0748385 0.0267591 0.967356
 -0.0517585 0.0159148 0.970711
