 -0.129541 -0.117106 1.02813
 -0.0997445 -0.148342 1.03714
 -0.0869966 -0.0951787 1.02314
 -0.0871971 -0.075252 1.00388
 -0.0873662 -0.0584539 0.987648
 -0.13154 -0.0667574 1.03455
 -0.122938 -0.0639457 1.01558
 -0.105273 -0.0703137 0.991626
 -0.098143 -0.0728842 0.981958
 -0.152874 -0.0724891 1.02167
 -0.162082 -0.0572957 1.01317
 -0.177099 -0.0325156 0.99929
 -0.174275 -0.0237948 0.9807
 -0.167688 -0.0883195 1.01016
 -0.170886 -0.0784713 1.00375
 -0.164872 -0.0626275 0.973327
 -0.162043 -0.0551752 0.959018
 -0.177154 -0.117192 1.00645
 -0.172264 -0.115572 0.995524
 -0.142053 -0.123258 0.98514
 -0.13424 -0.126744 0.987285
 -0.157159 -0.119415 0.990332
 -0.167879 -0.0705494 0.988539
 -0.16959 -0.0449057 1.00623
 -0.114105 -0.0671297 1.0036
