 -0.140552 0.0454591 0.940921
 -0.137058 0.00315556 0.952879
 -0.0989026 0.043338 0.961089
 -0.0830133 0.0660173 0.95998
 -0.0689456 0.0779273 0.945625
 -0.120502 0.089047 0.957603
 -0.122476 0.10908 0.951548
 -0.119921 0.136531 0.938658
 -0.116911 0.14651 0.932156
 -0.136608 0.0954887 0.936467
 -0.140378 0.112908 0.928078
 -0.146523 0.141318 0.914395
 -0.150377 0.159628 0.905478
 -0.150981 0.0917004 0.919744
 -0.150286 0.103786 0.918403
 -0.148299 0.138342 0.914572
 -0.147244 0.154577 0.912671
 -0.167154 0.0708305 0.903696
 -0.170012 0.0810604 0.897952
 -0.177786 0.108897 0.882322
 -0.179858 0.116367 0.878115
 -0.173899 0.0949788 0.890137
 -0.149293 0.121064 0.916488
 -0.14345 0.127113 0.921237
 -0.121199 0.122806 0.945103
