 0.090634 -0.121851 0.900585
 0.0821974 -0.16484 0.905641
 0.141083 -0.155093 0.906386
 0.148201 -0.142694 0.882645
 0.154202 -0.132242 0.862631
 0.132842 -0.0935993 0.899842
 0.140022 -0.0818167 0.883984
 0.150417 -0.0647578 0.861023
 0.149719 -0.0696426 0.849773
 0.111705 -0.0767274 0.894752
 0.11089 -0.0581112 0.888366
 0.112704 -0.0556046 0.856388
 0.113874 -0.0539874 0.835757
 0.0906635 -0.070628 0.892769
 0.095705 -0.0598292 0.890255
 0.103288 -0.0521616 0.857142
 0.105709 -0.0513534 0.840962
 0.0609663 -0.0794455 0.892925
 0.0610726 -0.0676617 0.890292
 0.0631988 -0.058422 0.858832
 0.0638088 -0.058215 0.850035
 0.0621357 -0.0630419 0.874562
 0.0994966 -0.0559954 0.873698
 0.111797 -0.0568579 0.872377
 0.14522 -0.0732872 0.872504
