 0.143976 -0.0390666 0.916456
 0.166109 -0.0620911 0.946866
 0.191391 -0.0482391 0.897266
 0.198308 -0.0389269 0.872097
 0.199788 -0.0429285 0.849127
 0.155471 -0.000382462 0.885608
 0.161432 -0.0136098 0.870396
 0.170062 -0.0327603 0.848373
 0.173546 -0.0404918 0.839484
 0.135585 -0.0139633 0.879878
 0.140088 -0.0262166 0.865127
 0.148705 -0.046728 0.84195
 0.157322 -0.0609554 0.829584
 0.114417 -0.0291407 0.882264
 0.116176 -0.0362395 0.872524
 0.121204 -0.0565357 0.844676
 0.129794 -0.0680914 0.836867
 0.0951606 -0.0407596 0.897714
 0.0980608 -0.0472566 0.887957
 0.105969 -0.0649702 0.861437
 0.108092 -0.0697251 0.854318
 0.102015 -0.0561134 0.874697
 0.11869 -0.0463876 0.8586
 0.144396 -0.0364723 0.853539
 0.165747 -0.023185 0.859384
