 -0.0765719 -0.0535621 0.977735
 -0.0481643 -0.0870131 0.973393
 -0.0293346 -0.0329702 0.975583
 -0.0260564 -0.00549665 0.977166
 -0.0232971 0.0176705 0.978381
 -0.077122 -0.0104505 1.00459
 -0.0677516 -0.00041044 0.988677
 -0.0412452 0.000129641 0.973732
 -0.0305457 0.000347649 0.967699
 -0.099058 -0.00991583 0.989509
 -0.109942 0.00618028 0.986274
 -0.124124 0.0335057 0.977091
 -0.129124 0.051209 0.967541
 -0.115237 -0.0188986 0.974031
 -0.120746 -0.0080362 0.973946
 -0.135322 0.0235387 0.972125
 -0.141379 0.038642 0.970253
 -0.123368 -0.042458 0.957147
 -0.131566 -0.0345781 0.953083
 -0.150418 -0.0118153 0.938727
 -0.15534 -0.00566675 0.934758
 -0.140992 -0.0231967 0.945905
 -0.128034 0.00775125 0.973035
 -0.117033 0.019843 0.981683
 -0.0544984 -0.000140399 0.981205
