 -0.0309731 -0.0953147 0.957005
 -0.0324673 -0.137458 0.9441
 0.0134779 -0.104935 0.943129
 0.0247573 -0.0829395 0.930598
 0.0340235 -0.0644445 0.91974
 0.00471139 -0.0654674 0.9774
 0.0128632 -0.0496333 0.966233
 0.0246607 -0.0268105 0.949918
 0.0292825 -0.0190365 0.941603
 -0.0138494 -0.0517278 0.968976
 -0.00625165 -0.0375638 0.957589
 0.00609002 -0.0150513 0.938276
 0.0127504 -0.00759707 0.920118
 -0.0376828 -0.0481525 0.959593
 -0.0332125 -0.0406809 0.951076
 -0.0207275 -0.0213475 0.92494
 -0.0171989 -0.0215048 0.908945
 -0.0654573 -0.055973 0.957389
 -0.0648746 -0.0443601 0.960646
 -0.0626552 -0.0123027 0.967503
 -0.0620241 -0.00367658 0.969231
 -0.0637649 -0.0283314 0.964074
 -0.02697 -0.0310142 0.938008
 -8.08134e-005 -0.0263075 0.947932
 0.018762 -0.0382219 0.958075
