 0.000230235 -0.196541 0.904974
 -0.00504105 -0.229548 0.876206
 0.0412521 -0.207075 0.896509
 0.0611123 -0.19265 0.909376
 0.0774654 -0.179548 0.919707
 0.04037 -0.173379 0.925771
 0.0406365 -0.159593 0.909904
 0.048194 -0.181911 0.890641
 0.0480383 -0.189967 0.899914
 0.0187819 -0.161333 0.926601
 0.0188315 -0.147017 0.91307
 0.0209258 -0.142028 0.881402
 0.0222769 -0.138809 0.860971
 -0.00670359 -0.157551 0.926651
 -0.00670734 -0.149059 0.91792
 0.000817831 -0.165465 0.888138
 0.00443537 -0.17438 0.874881
 -0.0325727 -0.165504 0.931389
 -0.0324197 -0.157585 0.922275
 -0.0436557 -0.1808 0.901916
 -0.0437674 -0.186584 0.908574
 -0.0380377 -0.169192 0.912095
 -0.00294476 -0.157262 0.903029
 0.0198787 -0.144523 0.897236
 0.0444152 -0.170752 0.900273
