 -0.0665819 -0.0267932 1.08319
 -0.063919 -0.070276 1.09004
 -0.0185684 -0.0383847 1.07764
 -0.000431023 -0.0185252 1.07096
 0.0147335 -0.00190273 1.06467
 -0.0368865 0.0129503 1.09409
 -0.033807 0.0307322 1.08331
 -0.0261081 0.0517692 1.06271
 -0.0230004 0.0602609 1.05439
 -0.0568183 0.0231998 1.08137
 -0.0559758 0.042434 1.07721
 -0.0516519 0.0718601 1.06506
 -0.0487346 0.0907298 1.057
 -0.0784373 0.0221379 1.07075
 -0.0767142 0.0341812 1.07016
 -0.0678355 0.066542 1.06085
 -0.0636582 0.0817623 1.05647
 -0.101792 0.00452781 1.06047
 -0.104134 0.0139958 1.05335
 -0.108755 0.0384353 1.03188
 -0.1086 0.043675 1.02478
 -0.106445 0.0262156 1.04261
 -0.0722749 0.0503616 1.06551
 -0.0538138 0.0571471 1.07113
 -0.0299576 0.0412507 1.07301
