 -0.077889 -0.0571068 0.974628
 -0.0691819 -0.0993377 0.965379
 -0.0354967 -0.059007 0.982671
 -0.0331322 -0.0347903 0.969404
 -0.0327175 -0.0157078 0.955932
 -0.0502061 -0.0176072 0.990554
 -0.0545969 -0.00200733 0.977165
 -0.0557028 0.0151225 0.952034
 -0.0561416 0.0220281 0.941883
 -0.0768424 -0.00898138 0.987396
 -0.0873278 0.00755034 0.989579
 -0.0824335 0.0175068 0.959429
 -0.0770558 0.0203678 0.939617
 -0.0976433 -0.00982389 0.982952
 -0.0974975 0.00195354 0.986054
 -0.0907833 0.0106287 0.953003
 -0.0876251 0.0147092 0.937457
 -0.121092 -0.0276206 0.973548
 -0.120242 -0.0155804 0.973892
 -0.114374 0.00777395 0.951537
 -0.112798 0.014043 0.945536
 -0.117308 -0.00390324 0.962714
 -0.0941404 0.00629114 0.969529
 -0.0848807 0.0125285 0.974504
 -0.0551498 0.00655758 0.9646
