 0.102912 -0.130004 0.969148
 0.0895319 -0.168147 0.98678
 0.144515 -0.157634 0.976109
 0.169222 -0.147319 0.968952
 0.189832 -0.138928 0.961836
 0.14579 -0.102845 0.971149
 0.155756 -0.0858004 0.963933
 0.172586 -0.06732 0.94657
 0.179658 -0.0620361 0.938027
 0.131586 -0.0899803 0.955551
 0.14239 -0.0757066 0.947333
 0.160568 -0.0539303 0.93225
 0.172478 -0.0404828 0.921909
 0.108479 -0.087269 0.940265
 0.113148 -0.0803765 0.931374
 0.126501 -0.0606928 0.905939
 0.133197 -0.0535221 0.892822
 0.0807914 -0.0945468 0.937675
 0.0877998 -0.0869799 0.931396
 0.106898 -0.0665019 0.914204
 0.112158 -0.0645587 0.907397
 0.0973488 -0.0767409 0.9228
 0.119825 -0.0705346 0.918656
 0.151479 -0.0648184 0.939791
 0.164171 -0.0765602 0.955252
