 -0.15925 -0.140667 1.03464
 -0.134599 -0.173359 1.05102
 -0.111368 -0.131181 1.02034
 -0.10569 -0.108706 1.00515
 -0.103171 -0.0989433 0.984076
 -0.153079 -0.0905313 1.0293
 -0.144548 -0.0936018 1.01033
 -0.132196 -0.0980472 0.982873
 -0.126011 -0.103061 0.973517
 -0.177465 -0.0977375 1.01752
 -0.190287 -0.0896813 1.00492
 -0.208508 -0.0777548 0.981302
 -0.207662 -0.076486 0.960631
 -0.194826 -0.11182 1.01002
 -0.19935 -0.104355 1.00153
 -0.201136 -0.0922106 0.96894
 -0.199255 -0.0891739 0.952954
 -0.206749 -0.138107 1.01286
 -0.210585 -0.130884 1.00397
 -0.208519 -0.122529 0.972262
 -0.20767 -0.120594 0.963698
 -0.209552 -0.126706 0.988117
 -0.200243 -0.0982829 0.985235
 -0.199397 -0.083718 0.993112
 -0.138372 -0.0958245 0.996602
