 0.00961048 -0.102292 0.931302
 -0.00239777 -0.144492 0.93575
 0.0482018 -0.122331 0.931753
 0.0559372 -0.108049 0.909298
 0.0596866 -0.0972248 0.888936
 0.0539153 -0.0774724 0.932432
 0.0534365 -0.0617332 0.918506
 0.0548379 -0.0516747 0.889816
 0.0555825 -0.048982 0.877853
 0.0335883 -0.0590379 0.926415
 0.032225 -0.0406059 0.919602
 0.0341165 -0.0330412 0.888436
 0.0353369 -0.0281608 0.868329
 0.0138761 -0.0523844 0.920919
 0.0196777 -0.0435784 0.914824
 0.0219966 -0.0502116 0.880716
 0.0230289 -0.0534345 0.864689
 -0.0162751 -0.0576456 0.922715
 -0.0145095 -0.047505 0.916402
 -0.0113587 -0.0527648 0.884121
 -0.0109196 -0.0570514 0.876426
 -0.0129341 -0.0501349 0.900262
 0.0208372 -0.046895 0.89777
 0.0331708 -0.0368235 0.904019
 0.0541372 -0.056704 0.904161
