 -0.105435 -0.108204 1.05669
 -0.0889881 -0.145472 1.07359
 -0.0479087 -0.103761 1.0658
 -0.0343791 -0.08142 1.05654
 -0.0231167 -0.0627251 1.0482
 -0.0869354 -0.0616797 1.04812
 -0.0903667 -0.0423153 1.0407
 -0.0908925 -0.0210755 1.01891
 -0.0899367 -0.0151542 1.00819
 -0.110724 -0.0601761 1.04002
 -0.115233 -0.0423287 1.03301
 -0.122454 -0.0133524 1.02116
 -0.127087 0.00531708 1.01345
 -0.13329 -0.0700107 1.03509
 -0.135414 -0.0591441 1.03002
 -0.141486 -0.0280748 1.01551
 -0.143969 -0.01392 1.00765
 -0.152027 -0.0942734 1.0374
 -0.159058 -0.0877092 1.0301
 -0.174333 -0.0735381 1.00469
 -0.178411 -0.0697553 0.99785
 -0.166695 -0.0806237 1.0174
 -0.13845 -0.0436094 1.02276
 -0.118843 -0.0278405 1.02709
 -0.0906296 -0.0316954 1.0298
