 -0.14931 -0.030206 1.08116
 -0.136304 -0.0716766 1.08863
 -0.0868798 -0.0403043 1.0731
 -0.0695772 -0.0208372 1.06363
 -0.0597998 -0.00547203 1.049
 -0.125339 0.0141066 1.07468
 -0.126487 0.0324958 1.06456
 -0.128004 0.0579357 1.04792
 -0.128442 0.0666229 1.03925
 -0.149467 0.0202278 1.07269
 -0.151617 0.0395242 1.06937
 -0.154863 0.0696668 1.05874
 -0.156808 0.0882048 1.04967
 -0.173785 0.0144537 1.0716
 -0.174579 0.0261103 1.06816
 -0.176843 0.0594022 1.0582
 -0.177846 0.0746646 1.05234
 -0.195832 -0.00697444 1.07541
 -0.201672 0.00260969 1.07096
 -0.216777 0.0269455 1.05486
 -0.220552 0.0329018 1.04956
 -0.209224 0.0147776 1.06291
 -0.175711 0.0427562 1.06318
 -0.15324 0.0545955 1.06405
 -0.127246 0.0452157 1.05624
