 -0.0903278 -0.138046 1.03811
 -0.0830858 -0.181519 1.03969
 -0.04421 -0.141284 1.03735
 -0.034716 -0.121716 1.02018
 -0.0289132 -0.107706 1.0024
 -0.0637642 -0.0969163 1.05164
 -0.0639349 -0.0844347 1.03473
 -0.0641822 -0.0663639 1.01024
 -0.0637922 -0.0595679 1.00001
 -0.0852079 -0.0896169 1.03704
 -0.0857635 -0.076206 1.02262
 -0.0819348 -0.0597232 0.995315
 -0.0794646 -0.0490892 0.977697
 -0.107626 -0.0895108 1.03222
 -0.107091 -0.0773633 1.03293
 -0.0927593 -0.0709468 1.00184
 -0.0860171 -0.0679922 0.987212
 -0.129928 -0.108178 1.02148
 -0.126203 -0.0989938 1.01458
 -0.114803 -0.0775804 0.992417
 -0.111743 -0.0718324 0.986468
 -0.120503 -0.0882871 1.0035
 -0.0999251 -0.074155 1.01739
 -0.0838492 -0.0679646 1.00897
 -0.0640585 -0.0753993 1.02248
