 0.0481344 -0.0770634 0.967774
 0.0384698 -0.114714 0.988602
 0.0807416 -0.0797978 0.995965
 0.100301 -0.0656437 0.982358
 0.116789 -0.053712 0.970888
 0.085373 -0.0427227 0.971543
 0.0908781 -0.0259298 0.96016
 0.0988484 -0.00161706 0.943679
 0.102066 0.00819696 0.937027
 0.0684004 -0.0341924 0.951397
 0.068346 -0.0186295 0.939322
 0.0719898 0.00257913 0.915467
 0.0795969 0.00716265 0.89674
 0.0524525 -0.0471465 0.934931
 0.0590039 -0.0533531 0.926751
 0.0777352 -0.0710987 0.903364
 0.0865459 -0.0794472 0.892365
 0.025663 -0.0498676 0.929142
 0.0304733 -0.0395348 0.925154
 0.0481468 -0.0562783 0.903088
 0.0518855 -0.0624848 0.898058
 0.03931 -0.0479066 0.914121
 0.0683696 -0.0622259 0.915057
 0.0701679 -0.0080252 0.927395
 0.0948632 -0.0137734 0.95192
