 0.132 -0.0989969 0.861709
 0.11099 -0.060238 0.860642
 0.159644 -0.0698225 0.887364
 0.182947 -0.0798521 0.898518
 0.202592 -0.0883071 0.90792
 0.177377 -0.114559 0.878411
 0.180731 -0.135112 0.875547
 0.184522 -0.165258 0.873792
 0.186052 -0.177427 0.873083
 0.163819 -0.136831 0.867733
 0.166962 -0.156091 0.865049
 0.170248 -0.188048 0.864776
 0.172369 -0.208665 0.8646
 0.142916 -0.150232 0.858616
 0.143391 -0.162303 0.860171
 0.143458 -0.196383 0.867331
 0.143489 -0.212413 0.870699
 0.120014 -0.147498 0.846182
 0.116942 -0.155614 0.854578
 0.108585 -0.177702 0.877424
 0.105252 -0.18023 0.885189
 0.112764 -0.166658 0.866001
 0.143425 -0.179343 0.863751
 0.168605 -0.172069 0.864913
 0.182627 -0.150185 0.874669
