 0.0396967 0.00831826 0.398061
 0.0345333 0.0376684 0.401512
 -0.00893511 0.00966328 0.392908
 -0.0258547 -0.00807167 0.388526
 0.0134503 -0.0281297 0.390594
 0.012302 -0.0555246 0.38246
 0.0115512 -0.0734366 0.377141
 0.0338714 -0.0328731 0.391944
 0.0383399 -0.0658249 0.387887
 0.0416165 -0.0860309 0.380685
 0.0560091 -0.025264 0.395125
 0.0557948 -0.0535362 0.388673
 0.0556426 -0.0736192 0.384089
 0.0726442 -0.014521 0.398193
 0.0843436 -0.0342647 0.396673
 0.0936524 -0.0499737 0.395463
