 0.0348686 0.00793723 0.403922
 0.0333046 0.0376415 0.400022
 -0.0128505 0.0133863 0.394624
 -0.0296395 -0.00446644 0.390217
 0.00470223 -0.0261415 0.402613
 0.0130691 -0.0372505 0.377622
 0.0185397 -0.0445141 0.361282
 0.0242118 -0.0326268 0.406932
 0.0301953 -0.0390075 0.374595
 0.0297878 -0.0177362 0.370322
 0.0468874 -0.0269452 0.410343
 0.052014 -0.030395 0.382009
 0.0436763 -0.011936 0.378253
 0.0645281 -0.0176661 0.412405
 0.0662595 -0.0306598 0.393507
 0.0698651 -0.0305677 0.375566
