 0.0598905 0.0136106 0.391337
 0.0512403 0.0415071 0.398189
 0.000715847 0.0191255 0.389542
 -0.0184569 0.00404864 0.384532
 0.0381496 -0.0247808 0.380089
 0.0400159 -0.0521588 0.372031
 0.0412496 -0.0699803 0.366503
 0.059029 -0.027041 0.380623
 0.0611711 -0.0593448 0.372014
 0.0626215 -0.0799068 0.365232
 0.0801366 -0.0171141 0.384368
 0.0876042 -0.0443149 0.377634
 0.0929123 -0.0636197 0.372785
 0.0953959 -0.00477682 0.388429
 0.109534 -0.0224972 0.384543
 0.120783 -0.0365964 0.381451
