 0.0370061 0.00674579 0.428519
 0.0238455 0.0318214 0.438419
 -0.00975939 -0.00753175 0.430065
 -0.0209746 -0.0290665 0.424544
 0.022225 -0.0347544 0.417016
 0.0189001 -0.0270621 0.389671
 0.0139266 -0.00904757 0.389015
 0.0430185 -0.0325933 0.414941
 0.0387984 -0.0223287 0.383333
 0.0327038 -0.00277313 0.390498
 0.0619801 -0.0186449 0.416939
 0.0584487 -0.00986662 0.389526
 0.0436666 0.00323644 0.395371
 0.0748179 -0.00358964 0.420115
 0.0799873 -0.0246749 0.412519
 0.0840004 -0.0412017 0.405763
