 0.0394873 0.0211746 0.405288
 0.0332477 0.0505131 0.405853
 -0.0069217 0.0223185 0.386386
 0.00400429 0.0162166 0.36486
 0.0145202 -0.016805 0.402592
 0.0161057 -0.0205394 0.374281
 0.0172009 -0.00852219 0.359995
 0.0351496 -0.0206192 0.403697
 0.0371398 -0.0195938 0.370272
 0.0360066 0.0020727 0.370682
 0.0570495 -0.0119018 0.405278
 0.058773 -0.0109826 0.376344
 0.0474919 0.00625344 0.376219
 0.0733231 -0.000286092 0.406616
 0.0746881 0.000445926 0.383669
 0.0646666 0.0157576 0.383557
