 0.0679209 0.0210411 0.39791
 0.0590845 0.0496621 0.399568
 0.00912423 0.0274643 0.386503
 -0.00977573 0.0123133 0.380737
 0.0465051 -0.0188192 0.39285
 0.0489798 -0.0460557 0.384482
 0.0506732 -0.0634545 0.377841
 0.0673583 -0.0208553 0.394381
 0.0697438 -0.0541708 0.391806
 0.0712891 -0.0757514 0.390138
 0.0883501 -0.0103315 0.396967
 0.092303 -0.0389869 0.394907
 0.0951109 -0.0593421 0.393444
 0.103488 0.00259373 0.399276
 0.11779 -0.0153876 0.398214
 0.129169 -0.0296944 0.397368
