 0.0625735 -0.00343114 0.444017
 0.0566282 0.018745 0.463326
 0.0143036 0.0175032 0.429399
 -0.00202739 0.0123864 0.411313
 0.0379854 -0.0365973 0.42482
 0.0372999 -0.0590938 0.407173
 0.0368517 -0.0738031 0.395635
 0.0581206 -0.0368064 0.418831
 0.0508866 -0.0266861 0.387726
 0.0474193 -0.00582744 0.382849
 0.0795616 -0.0270123 0.420399
 0.0736562 -0.0106926 0.397165
 0.0694613 0.00090005 0.380661
 0.0955206 -0.0157034 0.424753
 0.0918421 -0.0206696 0.402599
 0.0889152 -0.0246209 0.384972
