 0.0395786 0.0153037 0.395078
 0.0323975 0.0443464 0.392852
 -0.0156285 0.0186406 0.389041
 -0.0340692 0.00194639 0.387921
 0.0159772 -0.0236289 0.39453
 0.0163782 -0.0521905 0.395958
 0.0169956 -0.0707168 0.393491
 0.0366409 -0.0266034 0.396877
 0.039367 -0.0599915 0.396643
 0.0412795 -0.0815443 0.394997
 0.0581554 -0.0170135 0.398681
 0.0585563 -0.0459718 0.400182
 0.0607313 -0.0470022 0.379723
 0.073973 -0.00475707 0.399745
 0.0872382 -0.0228623 0.394722
 0.0977927 -0.0372678 0.390725
