 0.0645838 0.00476585 0.40703
 0.059947 0.0307645 0.421263
 0.0202107 0.0209741 0.387385
 0.00468231 0.0115164 0.370372
 0.0376064 -0.0262679 0.38748
 0.0356758 -0.0498286 0.371383
 0.0344135 -0.0652337 0.360857
 0.0579886 -0.0312206 0.386305
 0.0747787 -0.0570419 0.373129
 0.0856546 -0.0737679 0.364594
 0.0803182 -0.0253806 0.391343
 0.0812962 -0.0506856 0.377211
 0.081991 -0.0686609 0.367173
 0.0971897 -0.0165747 0.397616
 0.0955011 -0.0365184 0.386285
 0.0941577 -0.0523867 0.377269
