 0.0498218 0.0127705 0.4084
 0.0448937 0.0421255 0.412142
 0.00441692 0.0172867 0.389651
 -0.00979799 0.000709692 0.377686
 0.0238364 -0.0228454 0.397027
 0.0231582 -0.049807 0.38751
 0.0227882 -0.0673226 0.380971
 0.0438877 -0.0280922 0.400457
 0.0421852 -0.0610514 0.394709
 0.0410823 -0.0824012 0.390986
 0.0656886 -0.0210843 0.406262
 0.0716786 -0.016515 0.378258
 0.0646896 0.000622471 0.369212
 0.082096 -0.010815 0.411447
 0.086898 -0.00727936 0.389234
 0.0777176 0.00854233 0.389768
