 0.0291028 0.0193274 0.379284
 0.0172683 0.0459852 0.386305
 -0.0110675 0.0242297 0.346613
 0.00699412 0.0316906 0.331182
 0.0124705 -0.0197367 0.362838
 0.0194548 -0.0463285 0.354961
 0.0240215 -0.0637154 0.34981
 0.0331723 -0.0204708 0.366337
 0.0388299 -0.00973461 0.335112
 0.0274492 0.00754983 0.328584
 0.0526247 -0.00927585 0.373711
 0.0575233 1.71566e-005 0.34668
 0.043207 0.0146289 0.349109
 0.0660637 0.00386207 0.380663
 0.0726523 0.0070686 0.358862
 0.0671743 0.0218794 0.349614
