 0.0542677 0.000515532 0.42115
 0.0477562 0.0233286 0.439512
 0.00572173 0.00371998 0.415014
 -0.00796398 -0.00727129 0.397354
 0.0296186 -0.0285228 0.396205
 0.029369 -0.0506467 0.378082
 0.0292058 -0.0651124 0.366233
 0.0503036 -0.0317849 0.394522
 0.0572655 -0.0184615 0.364585
 0.0565238 -0.00302421 0.349352
 0.0721471 -0.0253615 0.400823
 0.0744603 -0.00878884 0.377138
 0.0747738 0.00485195 0.361704
 0.0883323 -0.0166095 0.40876
 0.092873 -0.0341631 0.394609
 0.0964859 -0.0481296 0.383349
