 0.0534782 0.00736102 0.411504
 0.0494372 0.0369862 0.413958
 0.00484044 0.0102944 0.407144
 -0.0127848 -0.00695696 0.403716
 0.0258408 -0.0283121 0.405448
 0.0231832 -0.0566333 0.402479
 0.0214455 -0.0751509 0.400539
 0.0460789 -0.0337694 0.406856
 0.0514662 -0.0665781 0.402754
 0.0549559 -0.0878302 0.400098
 0.0685055 -0.0268915 0.409655
 0.0728669 -0.0554675 0.407332
 0.075965 -0.0757662 0.405682
 0.0855499 -0.0166811 0.41226
 0.0967096 -0.0367404 0.410815
 0.105589 -0.0527005 0.409664
