 0.0654539 0.0152911 0.402182
 0.058299 0.0443375 0.399922
 0.00574506 0.0242368 0.397218
 -0.0145802 0.00986784 0.396565
 0.0416799 -0.0235216 0.403389
 0.0425408 -0.0509116 0.395204
 0.0432114 -0.0679785 0.38759
 0.0624232 -0.0265715 0.404715
 0.0671626 -0.0591939 0.398751
 0.0702395 -0.0802542 0.394522
 0.0840451 -0.0170702 0.405279
 0.0846064 -0.0459857 0.403139
 0.085006 -0.0665244 0.401602
 0.0999516 -0.0048832 0.40536
 0.113147 -0.0236265 0.407246
 0.123679 -0.0385754 0.40796
