 0.059803 0.0178233 0.416511
 0.0457422 0.0442744 0.418135
 0.0132557 0.00371316 0.411267
 0.00512133 -0.0187621 0.404289
 0.046308 -0.0253003 0.410915
 0.0621169 -0.0352444 0.389255
 0.0670996 -0.0364284 0.37127
 0.0671461 -0.0234123 0.4128
 0.0746902 -0.0412684 0.385478
 0.0748321 -0.0333521 0.365274
 0.0857534 -0.00916816 0.415795
 0.0944954 -0.0335357 0.402725
 0.0992634 -0.0428343 0.384973
 0.0981662 0.00634243 0.41842
 0.104067 -0.0158118 0.416584
 0.1089 -0.0331066 0.413059
