 0.0588144 0.00776795 0.393162
 0.055331 0.0372375 0.388756
 0.000992149 0.0243867 0.378034
 -0.0149197 0.00859836 0.367192
 0.0311527 -0.0283509 0.391335
 0.0301338 -0.0563513 0.385599
 0.0297489 -0.0744077 0.38075
 0.0508998 -0.0333999 0.396425
 0.0535093 -0.066797 0.396161
 0.0564733 -0.0873073 0.389724
 0.0729907 -0.026103 0.400529
 0.0718192 -0.0545963 0.39526
 0.0709871 -0.0748364 0.391518
 0.0898601 -0.0155871 0.403056
 0.100464 -0.0354613 0.407701
 0.109095 -0.0513592 0.410468
