 0.0706475 0.00875231 0.406095
 0.0570448 0.0343124 0.413946
 0.0112844 0.00179985 0.412325
 -0.00488358 -0.0169966 0.410022
 0.0565879 -0.0337712 0.3979
 0.062911 -0.0593986 0.38689
 0.0670453 -0.0761551 0.379692
 0.0773494 -0.0314355 0.395698
 0.0850798 -0.0621465 0.384775
 0.0900873 -0.0820399 0.377699
 0.0960725 -0.0170585 0.396616
 0.103066 -0.0442245 0.389261
 0.108034 -0.0635218 0.384037
 0.108651 -0.00158678 0.398608
 0.125722 -0.0159245 0.39295
 0.139304 -0.0273323 0.388449
