 0.0547372 0.0184696 0.39381
 0.0507741 0.0481602 0.39547
 0.0004944 0.0307811 0.381172
 -0.0190764 0.0171087 0.374097
 0.0276692 -0.0169609 0.384585
 0.0280505 -0.0414836 0.369873
 0.0282998 -0.0575177 0.360253
 0.0474951 -0.0226231 0.388612
 0.0484885 -0.0560029 0.385957
 0.0491903 -0.0776014 0.383981
 0.069463 -0.0159613 0.394191
 0.0668275 -0.0446766 0.391112
 0.0649554 -0.0650744 0.388924
 0.086158 -0.00591071 0.398862
 0.0970425 -0.026159 0.399593
 0.106353 -0.0416042 0.396486
