 0.0282718 -0.00941412 0.424427
 0.0177451 0.0146116 0.438986
 -0.0202692 -0.0166209 0.420629
 -0.0335573 -0.0343858 0.409322
 0.00917182 -0.0449299 0.403287
 0.0128604 -0.0692192 0.388645
 0.0152721 -0.0851007 0.379071
 0.0301682 -0.0454063 0.40277
 0.0434975 -0.0604144 0.375949
 0.0521316 -0.0701361 0.358576
 0.0505661 -0.0350946 0.408744
 0.0544652 -0.0550055 0.388023
 0.0572349 -0.0691491 0.373304
 0.0649624 -0.0230787 0.415809
 0.0788335 -0.038735 0.406245
 0.0898701 -0.0511919 0.398635
