 0.0601826 0.01536 0.402118
 0.0527227 0.0430825 0.410825
 0.00337043 0.0281981 0.388867
 -0.0155628 0.0162687 0.377948
 0.0368361 -0.0212371 0.388382
 0.0374818 -0.0483844 0.379406
 0.038025 -0.0654333 0.371743
 0.0575996 -0.0244158 0.388729
 0.0585211 -0.0552922 0.375765
 0.0591181 -0.0752928 0.367368
 0.0791073 -0.0156685 0.393087
 0.0834479 -0.0428837 0.38406
 0.0865312 -0.0622159 0.377647
 0.0948746 -0.00429022 0.397932
 0.10826 -0.022292 0.392855
 0.118973 -0.0358583 0.38685
