 0.0441647 0.00407134 0.402989
 0.0357403 0.0318988 0.410383
 -0.00335669 0.00257518 0.391417
 -0.0178339 -0.0153683 0.382012
 0.0226402 -0.0326455 0.386814
 0.0243416 -0.0598918 0.378287
 0.025454 -0.0777067 0.372712
 0.0431851 -0.0358475 0.389814
 0.0506944 -0.0673 0.381061
 0.0569039 -0.0758182 0.362094
 0.063994 -0.0270807 0.396758
 0.0678427 -0.048237 0.377301
 0.0706521 -0.0628876 0.363094
 0.0790541 -0.01567 0.403432
 0.0927993 -0.0338307 0.400229
 0.103736 -0.0482804 0.397681
