 0.0311608 0.0123537 0.421253
 0.0215007 0.0401756 0.426965
 -0.0175529 0.00513719 0.424102
 -0.0317557 -0.0151768 0.421728
 0.0109186 -0.0280713 0.415853
 0.00854381 -0.0231331 0.387783
 -0.00259606 -0.00852958 0.391295
 0.0318145 -0.0290442 0.413914
 0.0290371 -0.0233038 0.381027
 0.0268364 -0.00201131 0.384587
 0.0524844 -0.0176082 0.414177
 0.0500866 -0.0127032 0.385696
 0.0480347 0.00746735 0.389342
 0.0672353 -0.00409218 0.415307
 0.0812414 -0.0218208 0.411003
 0.0923853 -0.0359266 0.407578
