 0.0629913 0.00902564 0.417789
 0.0621422 0.0384408 0.423622
 0.0161823 0.0223264 0.402527
 0.0224815 0.0185444 0.378736
 0.0316209 -0.0237426 0.413888
 0.0273165 -0.0295593 0.386219
 0.0272503 -0.0198466 0.370239
 0.0512047 -0.0307518 0.41094
 0.0485706 -0.0243288 0.378168
 0.0522819 -0.0030406 0.376185
 0.074293 -0.0258291 0.41005
 0.0720127 -0.0202689 0.381679
 0.0639561 -0.00158053 0.384872
 0.0923748 -0.0171954 0.410288
 0.0905663 -0.0127856 0.387788
 0.0834571 0.00406559 0.38841
