 0.0336158 0.00885897 0.429675
 0.0215272 0.0346287 0.439151
 -0.013993 -0.000715576 0.423761
 -0.023698 -0.0198611 0.411141
 0.0168992 -0.0303425 0.413648
 0.0181225 -0.0199775 0.38702
 0.00530943 -0.00677672 0.390375
 0.0378818 -0.0301892 0.414671
 0.0393147 -0.0180483 0.383482
 0.0268903 -0.000802908 0.387854
 0.0575558 -0.0183329 0.42019
 0.0587962 -0.00782287 0.39319
 0.0442414 0.00601971 0.397762
 0.0711287 -0.00481646 0.426075
 0.0838042 -0.0228681 0.419558
 0.0938895 -0.0372309 0.414373
