 0.0685246 0.0131624 0.409461
 0.0606139 0.0415214 0.403701
 0.0195109 0.0096406 0.410745
 0.00792645 -0.0120495 0.406827
 0.0461217 -0.0243183 0.42236
 0.0417096 -0.0311201 0.394933
 0.0337777 -0.0144295 0.39207
 0.0667279 -0.027544 0.419845
 0.0615598 -0.0355111 0.38772
 0.0590113 -0.0145766 0.382607
 0.0878429 -0.0185649 0.414222
 0.0833691 -0.0254618 0.386411
 0.0713593 -0.00886785 0.384228
 0.103228 -0.00690077 0.408854
 0.103115 -0.0298751 0.407774
 0.101998 -0.0466674 0.400587
