 0.0364076 0.00493742 0.418123
 0.0260193 0.0297819 0.431345
 -0.0106471 0.00405203 0.403987
 -0.0237081 -0.0117811 0.38989
 0.0172832 -0.0297493 0.395669
 0.0210214 -0.0544479 0.381742
 0.0234657 -0.0705969 0.372635
 0.0381687 -0.0314651 0.397151
 0.0415904 -0.0147069 0.368346
 0.0272542 5.60761e-005 0.375232
 0.0584964 -0.022268 0.404916
 0.061457 -0.00775946 0.379981
 0.050503 0.00937059 0.383287
 0.0728596 -0.0109995 0.413178
 0.0806647 -0.0300895 0.402997
 0.0868751 -0.0452774 0.394894
