 0.069003 -0.00636674 0.442128
 0.0662015 0.0151737 0.46282
 0.0274631 -0.0201205 0.464003
 0.011968 -0.0392373 0.4602
 0.044573 -0.0430095 0.430571
 0.0367829 -0.0590693 0.408225
 0.0316894 -0.06957 0.393614
 0.0617639 -0.0405574 0.418747
 0.0583674 -0.0671934 0.398716
 0.0561672 -0.0844471 0.385741
 0.0810998 -0.0278615 0.413948
 0.0824705 -0.0458233 0.391221
 0.0834441 -0.0585824 0.375078
 0.0959053 -0.0143654 0.413502
 0.0838189 -0.00189464 0.398422
 0.085538 0.0127981 0.409195
