 0.0299608 -0.00849786 0.424086
 0.0199475 0.0158674 0.438441
 -0.0183764 -0.0154299 0.421135
 -0.0282553 -0.0306776 0.404108
 0.0101159 -0.0441338 0.403854
 0.0132849 -0.068603 0.389391
 0.0153569 -0.0846021 0.379934
 0.0310937 -0.0448459 0.402977
 0.0423449 -0.0605342 0.375599
 0.049633 -0.0706965 0.357865
 0.0517018 -0.0346629 0.408427
 0.05506 -0.0575598 0.39095
 0.0574454 -0.0738245 0.378535
 0.0663469 -0.0226938 0.415046
 0.0801566 -0.0384692 0.40559
 0.0911444 -0.051021 0.398065
