 0.0432236 -0.0233672 0.432059
 0.0380891 -0.00280256 0.45329
 -0.00235329 0.00595979 0.417395
 -0.0180114 0.00538976 0.398043
 0.0173256 -0.0533437 0.409614
 0.0142531 -0.0668194 0.384576
 0.0122442 -0.0756304 0.368205
 0.0375116 -0.0540051 0.403833
 0.0346243 -0.0735307 0.376765
 0.0327541 -0.0861786 0.359231
 0.0593806 -0.045483 0.406519
 0.0578317 -0.066478 0.386574
 0.0567315 -0.0813916 0.372406
 0.0758084 -0.035438 0.412067
 0.0779817 -0.0494598 0.393965
 0.0797109 -0.0606162 0.379562
