 0.0359016 0.0124888 0.397648
 0.0304087 0.0407797 0.405982
 -0.0194724 0.0189611 0.400933
 -0.0390332 0.00403612 0.397109
 0.00993714 -0.0236844 0.388138
 0.00865232 -0.0511526 0.380277
 0.00781203 -0.0691108 0.37513
 0.0304878 -0.0276323 0.386287
 0.0334061 -0.0596 0.376706
 0.0352964 -0.0803074 0.3705
 0.0526316 -0.0195498 0.387844
 0.0528416 -0.0474156 0.379816
 0.0529528 -0.0668676 0.373036
 0.0692183 -0.00860423 0.390418
 0.0813319 -0.0272769 0.384622
 0.0909702 -0.0421338 0.38001
