 0.0403674 0.0110508 0.391829
 0.0469481 0.0373972 0.379079
 -0.003549 0.0240461 0.374538
 -0.0191531 0.00546858 0.368935
 0.00210967 -0.0128606 0.397966
 0.00142995 -0.0391794 0.409139
 0.00422851 -0.0464652 0.392145
 0.0190897 -0.0224 0.405842
 0.0130431 -0.0523849 0.392182
 0.0221571 -0.0457722 0.373632
 0.0424225 -0.0219 0.409506
 0.0477142 -0.0418341 0.389119
 0.0457123 -0.0274368 0.374522
 0.0618968 -0.0172518 0.410339
 0.0660797 -0.0331672 0.39427
 0.0643953 -0.0204416 0.381228
