 0.0358193 0.0178462 0.389713
 0.0334399 0.0467141 0.397522
 -0.00713864 0.0385911 0.362187
 0.00848681 0.0428717 0.343279
 0.00620868 -0.0161986 0.38361
 0.00208828 -0.0435993 0.376526
 -0.000621263 -0.0614696 0.37173
 0.0261241 -0.0219461 0.380192
 0.0343872 -0.0526951 0.369777
 0.0397394 -0.0726126 0.363029
 0.0489168 -0.0157591 0.379632
 0.04624 -0.00842448 0.351703
 0.037251 0.00995685 0.349319
 0.0665182 -0.00621618 0.380451
 0.0643952 -0.000399035 0.358301
 0.0572331 0.0164251 0.357563
