 0.0326808 0.002886 0.419149
 0.0240868 0.0264959 0.435542
 -0.0216668 0.00907068 0.411692
 -0.0388713 -0.00305982 0.398393
 0.0112001 -0.0269262 0.392262
 0.0158431 -0.0149261 0.36672
 0.0171289 0.00325974 0.362559
 0.0318724 -0.0304464 0.393529
 0.0371434 -0.0314891 0.360463
 0.0381117 -0.0098192 0.359856
 0.0527574 -0.0239713 0.402473
 0.0577816 -0.0220147 0.373978
 0.0601735 -0.00515554 0.362385
 0.0678501 -0.01505 0.412177
 0.081877 -0.0307298 0.402882
 0.0930376 -0.0432054 0.395487
