 0.0290794 0.00145547 0.393927
 0.0208324 0.0292398 0.38618
 -0.026159 0.00578581 0.401479
 -0.0439492 -0.00971288 0.409436
 0.00712879 -0.0352694 0.4095
 0.00500329 -0.0581219 0.392436
 0.00361354 -0.073064 0.381278
 0.0277684 -0.0384275 0.407182
 0.0296934 -0.0683812 0.392305
 0.0309393 -0.0877825 0.382665
 0.0487714 -0.0296276 0.400894
 0.0503042 -0.0581164 0.395694
 0.051393 -0.0783532 0.392
 0.0640132 -0.0181978 0.394682
 0.077791 -0.036246 0.398347
 0.0887492 -0.0506145 0.401237
