 0.0315556 0.00332254 0.39969
 0.0262589 0.0328213 0.398361
 -0.0173315 0.00386867 0.401422
 -0.0343225 -0.0142677 0.402969
 0.00534605 -0.0337986 0.402547
 0.00355183 -0.058835 0.388839
 0.00237868 -0.075205 0.379876
 0.0258659 -0.0382729 0.402039
 0.0285292 -0.0671282 0.38523
 0.0302544 -0.0858195 0.374342
 0.0480616 -0.0302741 0.400828
 0.0497548 -0.0573637 0.390615
 0.0509575 -0.0766065 0.383361
 0.064721 -0.0191996 0.399657
 0.0767036 -0.0388231 0.400237
 0.086101 -0.0544422 0.398617
