 0.0483273 0.00427407 0.406889
 0.0429708 0.0332476 0.412532
 0.000873211 0.00807734 0.393595
 -0.010326 -0.00778714 0.37801
 0.0222497 -0.0318614 0.397548
 0.0266156 -0.0539698 0.379937
 0.0294703 -0.0684253 0.368423
 0.0427446 -0.0364508 0.398036
 0.0414553 -0.0678318 0.386381
 0.0406202 -0.0881591 0.378832
 0.0648833 -0.0288279 0.401176
 0.0637422 -0.0561065 0.3914
 0.0629317 -0.0754837 0.384456
 0.081488 -0.0181348 0.404566
 0.0804865 -0.0401719 0.398057
 0.0796897 -0.0577058 0.392879
