 0.0407951 0.0105365 0.419142
 0.0312757 0.0382496 0.425573
 -0.00711617 0.0106668 0.401372
 -0.0210735 -0.00653053 0.389994
 0.0203704 -0.0296819 0.412945
 0.021991 -0.0497597 0.392642
 0.0230507 -0.0628876 0.379367
 0.0412482 -0.0306803 0.410832
 0.0382516 -0.024118 0.378118
 0.0361542 -0.00297934 0.382551
 0.0619603 -0.019324 0.411213
 0.0593661 -0.0136432 0.382893
 0.0495964 0.00394514 0.387317
 0.0767671 -0.00588849 0.412552
 0.0790156 -0.0281872 0.407383
 0.080766 -0.0458345 0.402867
