 0.0351754 0.00517016 0.362779
 0.0273952 0.0303116 0.348379
 -0.013253 0.00499685 0.369701
 -0.0285076 -0.0107256 0.381538
 0.0124312 -0.0268981 0.385744
 0.0115895 -0.0554748 0.386534
 0.00986454 -0.0711512 0.376486
 0.0331238 -0.0304534 0.385024
 0.0319532 -0.0639274 0.384417
 0.0306886 -0.085065 0.379675
 0.0544016 -0.0233267 0.377637
 0.0542969 -0.0515364 0.38436
 0.0529383 -0.0712079 0.378399
 0.0699356 -0.0136439 0.369483
 0.0834763 -0.0302858 0.377772
 0.09425 -0.0435269 0.384366
