 0.00260309 0.0322832 0.343347 171 -0.0146862 0.0275808 0.313269 26 0.0152292 0.0611033 0.379041 2
 -0.0160899 0.0540545 0.313815 185 -0.0219975 0.0252338 0.2983 14 0.0121356 0.110125 0.431967 1
 -0.0356025 0.0611995 0.298428 102 -0.0396404 0.00723862 0.272633 84 -0.0388002 0.00475842 0.233086 12
 -0.0508778 0.0662684 0.283681 65 -0.0488148 0.067018 0.267692 43 -0.0559933 -0.00560977 0.248977 38
 -0.0394709 0.00456409 0.270384 102 -0.0369021 0.00965697 0.281308 35 -0.0294696 -0.0127892 0.281711 19
 -0.0394286 -0.000348633 0.287536 68 -0.0143886 -0.0240917 0.245498 47 -0.0180558 -0.0250271 0.267889 29
 -0.0504115 -0.0100085 0.222276 88 -0.0443183 0.0020506 0.271699 50 -0.0200556 -0.0146451 0.266015 36
 -0.00575346 -0.0142803 0.287612 141 -0.00113565 -0.0242193 0.265238 40 -0.0194286 -0.0308508 0.289983 7
 -0.0111937 -0.0271314 0.260545 109 -0.00766051 -0.0272891 0.248587 76 -0.00936513 -0.0275075 0.252757 10
 -0.00557034 -0.0379616 0.233202 182 0.00848442 -0.011327 0.295209 6 -0.00270387 -0.0290938 0.268918 4
 0.00502584 -0.00573562 0.301595 200
 0.00766362 -0.0227225 0.284525 92 0.00685993 -0.0276788 0.261055 63 0.00711974 -0.0267728 0.267348 28
 0.0111649 -0.0375336 0.245161 139 0.0103069 -0.00967263 0.314869 26 0.0062062 -0.022649 0.275365 19
 0.027323 -0.0100776 0.311285 115 0.0262438 0.00324528 0.330213 75 0.0261208 -0.00151571 0.323934 5
 0.0397543 -0.0236272 0.300557 196 -0.00198014 -0.0346009 0.272651 2 0.0437017 -0.0273579 0.340608 2
 0.0509736 -0.035452 0.291345 151 0.0204057 0.00128849 0.321528 31 0.0173701 0.0256144 0.330187 8
