 -0.0384394 0.0451095 0.333991 200
 -0.0567717 0.0623039 0.31815 196 -0.0549589 0.0772711 0.345595 2 0.010276 0.140118 0.430339 2
 -0.0918234 0.053186 0.315762 198 -0.102378 0.0566226 0.355386 2
 -0.10856 0.0392687 0.306355 196 -0.123534 0.0367536 0.355229 4
 -0.075623 0.00516407 0.307211 179 -0.10173 0.0383037 0.335461 8 -0.0624332 -0.0209809 0.34311 5
 -0.0794341 -0.00954191 0.297539 89 -0.064468 0.00756993 0.302392 64 -0.104229 0.0340486 0.307856 24
 -0.0822616 -0.0126359 0.285203 47 -0.0629605 -0.000880037 0.299058 42 -0.0776523 -0.0106531 0.293245 39
 -0.0550714 0.00341874 0.315347 172 -0.0570382 0.0122282 0.296972 22 -0.056789 0.0120528 0.301194 2
 -0.0524476 0.00962452 0.287725 186 -0.0656798 0.000309801 0.303443 12 -0.0656898 -0.0149968 0.352367 2
 -0.0821613 -0.00522877 0.286744 122 -0.0504051 0.0255829 0.287203 66 -0.0617043 -0.019207 0.307686 9
 -0.039038 0.0137654 0.327001 180 -0.0369438 0.0101339 0.29364 14 -0.0633184 0.0177731 0.301451 5
 -0.0387326 0.00602884 0.291234 192 -0.0510112 -0.00780049 0.360111 6 -0.0563084 -0.00566179 0.305661 2
 -0.0351298 0.0192519 0.290025 116 -0.0360002 0.0107278 0.318996 46 -0.0356266 0.00717347 0.307304 19
 -0.0200635 0.0112635 0.329736 195 -0.0410728 -0.0211889 0.372385 3 -0.0397152 -0.0206092 0.367336 2
 -0.0128691 0.00833207 0.321666 181 0.0430267 0.123742 0.464868 12 -0.0664012 -0.00488027 0.317754 4
 -0.0117188 0.0195732 0.325666 136 -0.0222692 0.00200661 0.298932 14 -0.0521143 -0.0206665 0.313231 13
