 -0.0105386 0.0353902 0.300803 200
 -0.03472 0.0505246 0.284863 200
 -0.0636397 0.0394105 0.277326 198 -0.0774392 0.0371714 0.31932 2
 -0.0818537 0.0235145 0.264929 160 -0.0522027 -0.040509 0.268123 32 -0.0944581 0.0197058 0.314761 7
 -0.0438725 -0.00811533 0.279157 200
 -0.0480592 -0.0357489 0.261226 200
 -0.050191 -0.0502711 0.251651 195 -0.13356 0.233245 0.486755 3 -0.0545242 -0.0579999 0.283708 2
 -0.0169983 -0.012921 0.280912 75 -0.0135523 -0.0129654 0.252562 49 -0.0131675 -0.0146184 0.258229 48
 -0.00866431 -0.0232177 0.256461 85 0.00519461 -0.0307587 0.232496 35 -0.0352539 -0.0230656 0.277449 20
 0.00252081 -0.0337388 0.229616 99 -0.027624 0.000563732 0.275611 37 -0.0169744 -0.00444063 0.247207 23
 -0.00220352 -0.00669435 0.282462 200
 0.00369415 -0.0154182 0.247442 92 0.0260069 -0.00943919 0.295774 91 -0.000265436 -0.00117346 0.209952 12
 0.0373944 -0.0256412 0.286039 70 0.0051052 -0.0213455 0.26275 45 -0.00448691 0.0182743 0.281301 41
 0.0234719 0.00851588 0.301709 200
 0.0337949 -0.0187681 0.29306 189 0.0263131 0.0145767 0.30476 8 0.00866872 -0.00304174 0.279912 2
 0.0383959 -0.0308112 0.287664 160 -0.0431942 -0.0291333 0.271613 21 0.0109809 0.0193778 0.289004 10
