 -0.00571834 0.0309746 0.352625 200
 -0.0348302 0.042221 0.343963 198 -0.0057361 0.102812 0.405204 2
 -0.0646749 0.0232689 0.333052 196 -0.0866843 0.0278423 0.380061 4
 -0.0820837 0.00670901 0.325462 200
 -0.0322082 -0.0216922 0.331051 200
 -0.0344072 -0.0487247 0.315681 191 -0.00274932 -0.0415644 0.320492 9
 -0.0368543 -0.0661157 0.309637 188 -0.00278197 -0.0588054 0.323454 8 -0.0383767 -0.0282837 0.330663 4
 -0.00677203 -0.021991 0.333247 200
 0.0012483 -0.0520886 0.312195 200
 0.00678718 -0.0690884 0.301499 198 0.0147916 -0.0586418 0.350824 2
 0.0111081 -0.00855019 0.337455 200
 0.0207761 -0.0355165 0.318614 200
 0.0237464 -0.0516965 0.304801 200
 0.0318319 0.0067802 0.342871 200
 0.0446425 -0.00820264 0.331067 200
 0.055393 -0.0187293 0.305967 186 0.0222379 -0.058987 0.300842 14
