 -0.0481928 0.066943 0.387958 200
 -0.0640922 0.0915523 0.386157 196 -0.0622298 0.108126 0.432407 4
 -0.0952257 0.0984009 0.381434 197 -0.104498 0.116221 0.434451 2 -0.123273 0.0326374 0.4118 1
 -0.115145 0.0959547 0.372143 194 -0.136726 0.105708 0.426756 2 -0.133858 0.10329 0.420942 2
 -0.0970757 0.0421154 0.375319 188 -0.108282 0.0488767 0.411637 4 -0.10671 0.0473276 0.404834 3
 -0.111331 0.0289012 0.350372 184 -0.124283 0.0362513 0.39696 9 -0.0860863 -0.00618663 0.359871 3
 -0.117105 0.0257006 0.351217 138 -0.0939337 -0.0044349 0.345676 45 -0.139951 0.0299759 0.38868 11
 -0.0755157 0.0337879 0.379993 200
 -0.0884556 0.00704444 0.35682 111 -0.0858484 0.0121996 0.364209 86 -0.106922 -0.00605443 0.410981 2
 -0.0924815 -0.00260669 0.348894 192 -0.10749 -0.011927 0.379843 6 -0.106527 -0.0114019 0.375942 2
 -0.0554675 0.0316244 0.37738 200
 -0.0668926 0.00872579 0.365857 200
 -0.0754391 -0.00627685 0.35368 188 -0.0650313 0.0309594 0.375381 12
 -0.0318919 0.0325296 0.379002 195 -0.0303345 0.0518158 0.418991 2 -0.0538188 0.039298 0.380014 2
 -0.030512 0.021072 0.375292 171 -0.0752394 -0.00253925 0.368232 25 0.0395616 0.140885 0.487259 2
 -0.0270686 0.00464083 0.369848 82 -0.0334914 -0.00213038 0.350628 65 -0.0797877 -0.00968767 0.34575 20
