 -0.00734001 0.0215947 0.369958 200
 -0.0296096 0.0353428 0.349513 200
 -0.050461 0.0189345 0.346896 174 -0.0230611 0.024764 0.34178 26
 -0.0510487 0.00145455 0.346148 198 -0.0678918 0.00231919 0.374573 2
 -0.0334201 -0.0203181 0.36584 100 -0.0481707 0.00657439 0.350788 43 -0.0353832 -0.0131163 0.348281 32
 -0.0309181 -0.0259792 0.35226 161 -0.0511391 0.00147192 0.331653 31 -0.0470021 -0.00471037 0.345381 8
 -0.0348981 -0.0322697 0.35486 99 -0.0334526 -0.0284525 0.353163 72 -0.0447708 0.00662818 0.336015 29
 -0.0194083 -0.0189968 0.362016 198 -0.0395 -0.0181617 0.419994 2
 -0.0207427 -0.0291614 0.347869 196 -0.0512452 0.000546767 0.354794 2 -0.0501568 -0.00107235 0.328496 2
 -0.0216184 -0.0171361 0.345451 200
 -0.000871442 -0.0150263 0.362275 196 -0.0392719 -0.0238877 0.372162 4
 -0.00570103 -0.0219096 0.346606 192 -0.0370462 -0.0189099 0.352063 8
 -0.00572146 -0.00889789 0.346581 197 -0.0249602 -0.0494071 0.371317 3
 0.0191214 -0.00481258 0.366796 198 -0.0183955 -0.0499588 0.353952 2
 0.0186894 -0.0167069 0.364358 194 -0.0202039 -0.0455602 0.373025 6
 0.01545 -0.0143895 0.352985 62 0.00597832 -0.0298849 0.353602 60 0.0163224 -0.00731865 0.35477 28
