 0.0011705 0.0309909 0.304166 200
 -0.0208989 0.0452849 0.298265 200
 -0.0542543 0.032382 0.303777 187 -0.0642755 0.0368342 0.332816 12 -0.0617461 0.0360048 0.326657 1
 -0.0752669 0.0146149 0.304485 200
 -0.0337468 -0.015083 0.294098 197 -0.0425821 -0.00687452 0.349298 2 -0.0454703 -0.0233255 0.33026 1
 -0.041686 -0.038702 0.283395 186 -0.0647772 0.02028 0.310249 12 0.00124181 -0.0519363 0.234667 2
 -0.0495444 -0.0507471 0.279546 139 -0.0158679 -0.0710515 0.255575 46 -0.0766127 0.00703881 0.305419 12
 -0.011254 -0.0178293 0.290289 200
 -0.00986118 -0.0420046 0.266584 194 -0.00717981 -0.00475728 0.280468 6
 -0.0141307 -0.0625001 0.254561 200
 0.00843386 -0.0100153 0.288417 199 0.0158671 -0.0169253 0.318918 1
 0.00810047 -0.0310793 0.269612 195 -0.0147892 -0.048406 0.272565 5
 0.0065958 -0.047144 0.248549 194 0.00430076 0.00189905 0.283935 5 0.00571328 -0.0459533 0.287542 1
 0.0305229 0.000359411 0.284953 200
 0.03255 -0.012101 0.260778 199 0.0366133 -0.0223725 0.31152 1
 0.033998 -0.0229816 0.249111 187 -0.00228667 -0.0634712 0.257727 6 -0.0204301 0.0126614 0.294888 4
