 0.00737759 0.0322152 0.307187 200
 -0.0237961 0.0412968 0.301605 200
 -0.0520997 0.0199855 0.304551 193 -0.0644218 0.0272315 0.351659 6 -0.0734661 0.0316147 0.400992 1
 -0.0664983 0.00131194 0.301043 200
 -0.0193217 -0.0162443 0.293066 200
 -0.0159683 -0.0358232 0.273191 200
 -0.0136031 -0.0489307 0.254956 193 -0.113709 0.240074 0.488279 6 -0.0033087 0.0260895 0.279187 1
 -0.00262366 -0.000515035 0.290007 200
 -0.00293933 0.00901362 0.26604 198 0.00510841 0.0030229 0.302066 2
 -0.00431244 0.0300089 0.2781 198 0.0111533 -0.00487456 0.284877 2
 0.0138262 0.00679106 0.293651 198 -0.0248848 0.000361594 0.286573 2
 0.0111398 0.0131255 0.272889 198 -0.0212124 0.0051134 0.26325 2
 0.0099028 0.0269771 0.279502 200
 0.0364805 0.0063512 0.297833 125 -0.0173306 -0.0207932 0.290831 67 0.00695493 0.00193191 0.292869 8
 0.0446057 -0.00484894 0.284725 180 -0.0201615 -0.0372681 0.272644 9 0.0357178 0.0252188 0.3042 5
 0.0199707 0.0247417 0.286225 63 0.0449233 -0.00145494 0.279962 48 -0.0235344 -0.0440999 0.263917 26
