 -0.00510068 0.014417 0.350285 200
 -0.0197685 0.0343467 0.325727 199 -0.0195975 0.0469995 0.354958 1
 -0.0235608 0.0172361 0.317352 152 -0.0614544 -0.0378915 0.341727 20 -0.0456081 -0.0174024 0.340832 10
 -0.0149272 0.00679979 0.311543 137 -0.0695957 -0.0524961 0.333448 39 -0.0307307 0.0340239 0.324555 12
 -0.0472456 -0.0264456 0.334546 200
 -0.060382 -0.0467149 0.327082 200
 -0.0695077 -0.0629119 0.322348 200
 -0.0250962 -0.0337761 0.334149 200
 -0.0271282 -0.0639738 0.314972 199 -0.000360996 -0.0124079 0.313572 1
 -0.0286743 -0.0815819 0.306491 194 -0.0188313 -0.0128527 0.331644 4 -0.00211045 -0.00937206 0.313197 2
 -0.00809517 -0.0242538 0.335647 108 -0.00813535 -0.026038 0.329276 92
 -0.0101962 -0.025126 0.32329 80 -0.00306977 -0.0163198 0.305306 65 -0.00713336 -0.047226 0.323836 23
 0.00234627 -0.000828625 0.311816 105 -0.00644022 -0.0260734 0.314193 75 -0.0334992 -0.074435 0.312298 15
 0.0167608 -0.0137073 0.340767 141 0.0159864 -0.0260155 0.324572 47 0.0258829 -0.00268333 0.373063 8
 0.0103708 -0.0191921 0.315978 82 0.0145517 -0.0193281 0.334999 61 -0.00515966 0.0465278 0.324258 42
 0.0136609 0.00508249 0.334423 143 -0.0186225 0.0472886 0.328205 42 0.0221142 -0.0380342 0.32809 11
