 -0.0415219 0.0285583 0.304507 200
 -0.0572926 0.0509035 0.291899 200
 -0.085832 0.0555416 0.282144 200
 -0.104075 0.0495633 0.262267 197 -0.121614 0.0520279 0.315863 3
 -0.0933903 0.00648607 0.285597 197 -0.0716565 -0.0244832 0.279399 3
 -0.0795715 -0.0322356 0.254325 52 -0.0872642 -0.0246615 0.27091 49 -0.0903623 0.00237828 0.270561 24
 -0.0841115 -0.0362578 0.243248 109 -0.105378 0.0476929 0.248242 36 -0.0777334 0.0390877 0.280997 24
 -0.0772075 -0.00886232 0.28704 200
 -0.0805984 -0.0281725 0.259707 188 -0.0867845 0.0266893 0.279989 6 -0.0745345 0.0122034 0.253466 2
 -0.0834821 -0.0324724 0.243923 190 -0.0840853 0.0296547 0.298299 6 -0.190669 0.0788242 0.479246 2
 -0.0562145 -0.0112414 0.287218 199 -0.0612958 -0.037719 0.301021 1
 -0.0671188 -0.0326648 0.26772 194 -0.0719829 0.0379211 0.277592 6
 -0.0748749 -0.0432889 0.255575 158 -0.060992 -0.0050994 0.286767 36 -0.0693692 0.0397206 0.293952 6
 -0.0332725 -0.0136801 0.293334 200
 -0.0402149 -0.0373264 0.279153 198 0.0327602 0.0870369 0.423259 2
 -0.0450699 -0.0494428 0.265266 192 -0.0387661 -0.00651269 0.28729 8
