 -0.0286059 0.0471878 0.372757 199 -0.028283 0.0894518 0.395372 1
 -0.04575 0.0655496 0.362428 200
 -0.0788695 0.0603542 0.356088 198 -0.0819274 0.063796 0.389999 2
 -0.0942076 0.0489106 0.345638 113 -0.0934883 0.0476968 0.340426 77 -0.108092 0.0477574 0.399014 3
 -0.0553344 -0.00282144 0.347841 112 -0.0539467 -0.00607838 0.349906 60 -0.0667361 0.0311127 0.356206 26
 -0.0489157 -0.002718 0.329543 156 -0.0654826 0.0211117 0.32192 40 -0.0841749 0.00541286 0.341444 2
 -0.0531027 0.0111184 0.336408 112 -0.0735209 0.00609403 0.334422 36 -0.0613325 0.0351154 0.327835 25
 -0.0354344 -0.00736586 0.352556 109 -0.0505875 0.0025729 0.348499 46 -0.0526718 0.0055623 0.345007 33
 -0.044008 0.00278076 0.328748 131 -0.0406793 0.000768728 0.330038 67 -0.0626573 0.0066961 0.375761 2
 -0.0441251 0.0118794 0.326097 199 -0.0548678 -0.0186336 0.33195 1
 -0.0265541 0.00177669 0.365049 200
 -0.0272298 -0.00166987 0.347473 190 -0.0491006 0.0234094 0.339241 8 -0.0714899 0.0151044 0.323314 2
 -0.0250061 0.0140904 0.351267 176 -0.0295157 0.0492633 0.366447 22 -0.0626665 0.0187209 0.317077 2
 -0.00892728 0.00914305 0.369859 198 -0.00531882 0.00187586 0.410222 2
 -0.0103578 -0.0101813 0.355437 156 -0.0022814 0.0119978 0.378906 37 -0.0034849 0.00510986 0.375084 3
 -0.00834606 0.000520489 0.351394 194 -0.00231902 0.0126568 0.411584 3 -0.00317541 0.0132231 0.367115 3
