 -0.00743728 0.0200568 0.319019 200
 -0.023842 0.041476 0.295508 200
 -0.0418355 0.0343526 0.286761 200
 -0.0424494 0.0194554 0.271049 194 -0.0478774 -0.000310525 0.277447 6
 -0.0481964 -0.00301666 0.304657 149 -0.0505798 -0.0241771 0.282688 44 -0.0499753 -0.0113609 0.289799 3
 -0.0499214 -0.0173922 0.279034 113 -0.0522746 -0.0182385 0.295749 73 -0.0503445 -0.0184763 0.284982 9
 -0.0505685 -0.0236638 0.276395 87 -0.0486517 -0.0207373 0.273886 38 -0.0482367 -0.00445249 0.267112 26
 -0.0376365 -0.0226035 0.312509 200
 -0.0393881 -0.0380571 0.302944 196 -0.0343987 6.79048e-005 0.302603 4
 -0.0441114 -0.0495109 0.275147 104 -0.0424397 -0.0496382 0.286928 61 -0.0432483 -0.0499621 0.280927 24
 -0.014612 -0.024132 0.313165 196 -0.0211559 -0.041715 0.340788 4
 -0.0221824 -0.0403149 0.307697 198 -0.0544907 -0.0284587 0.31048 2
 -0.027276 -0.05123 0.287531 82 -0.0242958 -0.0454992 0.303939 81 -0.0260161 -0.0489511 0.29678 27
 0.00535172 -0.024332 0.324193 198 -0.00841029 -0.0363916 0.354486 2
 0.00286963 -0.0411002 0.325535 178 0.021783 -0.00843331 0.319843 18 0.0194212 -0.011905 0.321223 2
 -0.00132217 -0.0506647 0.320285 195 -0.0549755 -0.0456851 0.280206 2 0.0189194 -0.0196382 0.318936 2
