 -0.00244184 0.0213186 0.307187 200
 -0.0240613 0.0369316 0.293739 200
 -0.0533125 0.0222173 0.277419 199 -0.0619035 0.0551376 0.32455 1
 -0.0706369 0.00505942 0.261917 200
 -0.0344035 -0.0246161 0.286432 200
 -0.0367667 -0.0469542 0.273968 198 -0.0606305 0.00982223 0.285051 2
 -0.0404629 -0.0663041 0.266362 194 -0.163541 0.2247 0.485754 3 -0.119411 0.235267 0.486755 3
 -0.0114066 -0.0218088 0.288578 192 -0.0361318 -0.0140993 0.304021 4 -0.00448428 -0.0124685 0.315304 4
 -0.0059402 -0.0421974 0.276476 90 -0.00535831 -0.00649163 0.282577 71 -0.00404986 -0.0363009 0.242242 37
 -0.0401844 -0.0564899 0.271491 98 -0.00915348 -0.0035894 0.289057 58 0.00105255 -0.046507 0.227984 33
 0.00688478 -0.0168132 0.283705 200
 0.00397146 -0.0201809 0.278835 184 0.0087954 -0.00211409 0.273051 16
 0.0018913 -0.0340334 0.285388 69 0.00346701 0.00343899 0.273239 49 0.00504722 0.00102002 0.288405 48
 0.0328825 -0.0135701 0.30572 190 0.0296041 -0.0101109 0.276337 10
 0.0414801 -0.0270571 0.297482 200
 0.0416579 -0.0286139 0.292918 112 0.0175409 0.0032928 0.278258 37 0.0475004 -0.0315281 0.267603 36
