 -0.0569763 0.028613 0.360021 200
 -0.0689429 0.0517726 0.344141 200
 -0.0856257 0.0466395 0.326573 170 -0.118306 -0.0141857 0.343968 26 -0.129712 -0.0238902 0.371819 2
 -0.0808139 0.0341619 0.319426 138 -0.131664 -0.0308106 0.341834 53 -0.137422 -0.0364788 0.380754 6
 -0.105539 -0.00273593 0.349987 198 -0.0927298 -0.0422494 0.372091 2
 -0.12245 -0.0240732 0.34286 169 -0.133375 -0.0370842 0.374656 24 -0.145655 -0.0425818 0.407958 4
 -0.135098 -0.0374516 0.344365 192 -0.15732 -0.0516386 0.404957 6 -0.101393 -0.0647188 0.347844 2
 -0.0855373 -0.0138235 0.354045 200
 -0.0961063 -0.0444063 0.343587 200
 -0.103233 -0.0630788 0.346881 196 -0.0925386 -0.060399 0.328159 4
 -0.0641655 -0.0160821 0.353375 200
 -0.073005 -0.0407814 0.337702 198 -0.0388555 -0.0262634 0.356072 2
 -0.0775765 -0.0572169 0.332543 198 -0.0417497 -0.043641 0.347802 2
 -0.0419779 -0.0130495 0.357643 200
 -0.0417226 -0.0360923 0.363674 200
 -0.0387414 -0.0501465 0.35914 200
