 -0.00874846 0.0177155 0.357065 200
 -0.0324092 0.0267961 0.338173 200
 -0.0553012 0.0125845 0.344266 184 -0.0682372 -0.0216471 0.345958 7 -0.0195999 0.0161378 0.337265 4
 -0.0600963 -0.00333303 0.347161 139 -0.0716406 -0.033146 0.343698 57 -0.0475844 0.0310091 0.33833 2
 -0.0327024 -0.0317421 0.343846 92 -0.0526225 0.00942374 0.353395 78 -0.0382663 -0.0111401 0.356907 17
 -0.0328318 -0.0225308 0.330986 102 -0.0641647 -0.0131151 0.345791 96 -0.053044 0.0100192 0.346022 2
 -0.0351356 -0.0132693 0.331621 167 -0.0713736 -0.0267314 0.340454 28 -0.0673145 -0.00281482 0.35147 4
 -0.0159568 -0.0266531 0.349539 78 -0.0329593 -0.0177211 0.34684 72 -0.0233147 -0.0228034 0.347962 40
 -0.0146708 -0.0261411 0.328083 144 -0.0395525 -0.0320853 0.337537 52 -0.0397863 -0.00560976 0.331635 4
 -0.0197537 -0.0120437 0.3288 102 -0.0169347 -0.0194106 0.32896 63 -0.039354 -0.0403133 0.335454 32
 -0.00147159 -0.0192887 0.349261 193 -0.0223696 -0.0238151 0.351972 7
 -0.00179046 -0.0228353 0.329228 194 -0.0414517 -0.0268715 0.33018 3 -0.0378867 -0.0400328 0.343102 2
 -0.00325458 -0.0078605 0.332292 158 0.00161311 -0.0327747 0.335847 21 -0.0260827 -0.0310334 0.333427 14
 0.019436 -0.00603576 0.355971 196 -0.0135018 -0.0337349 0.340462 4
 0.0212646 -0.0209098 0.351247 180 -0.00960439 -0.0399512 0.348118 14 0.0283962 -0.0321766 0.384345 6
 0.0204762 -0.0223348 0.340053 150 -0.0122786 -0.0271691 0.321022 26 0.00107087 -0.0375278 0.346092 19
