 -0.0319055 0.0369498 0.325325 200
 -0.0359312 0.0623481 0.308283 200
 -0.0501505 0.0761452 0.294938 176 -0.0839858 0.0210591 0.295621 9 -0.0816187 0.0277599 0.296354 8
 -0.0612811 0.0866718 0.271649 197 -0.0898755 0.165764 0.483362 2 -0.10281 -0.00408574 0.249839 1
 -0.0790453 0.0239019 0.294474 200
 -0.0945437 0.00924072 0.269571 197 -0.0857392 -0.0328444 0.283209 3
 -0.105911 0.00345259 0.258134 173 -0.0789911 -0.0312563 0.267978 13 -0.0572776 -0.0446486 0.266999 4
 -0.0666286 0.00319595 0.301122 200
 -0.0787405 -0.01895 0.2789 200
 -0.0854441 -0.0340903 0.263294 196 -0.0874328 -0.0353417 0.300419 2 -0.1108 -0.0441688 0.337733 2
 -0.0446965 -0.00200442 0.306335 200
 -0.0576233 -0.0265395 0.284118 195 -0.0526326 0.0151431 0.299938 5
 -0.0632049 -0.0403907 0.268537 200
 -0.0191514 -0.00506712 0.314917 200
 -0.0252131 -0.0262301 0.301688 199 -0.0306419 -0.0327544 0.335227 1
 -0.0256604 -0.0380249 0.28929 182 -0.068722 -0.0433573 0.269588 8 -0.0343333 -0.038092 0.335421 4
