 -0.0345473 0.0200387 0.286069 200
 -0.0462456 0.0407493 0.266528 200
 -0.0604484 0.0337979 0.250481 155 -0.0776449 -0.0125105 0.261332 44 -0.0930527 -0.0265919 0.319116 1
 -0.0816485 -0.0210377 0.244346 98 -0.0609307 0.0203658 0.23961 64 -0.055244 0.00702799 0.276528 17
 -0.0715619 -0.00520801 0.281781 91 -0.0800165 -0.010393 0.263923 91 -0.0767389 -0.00820506 0.272689 16
 -0.0644535 -0.0129123 0.246742 169 -0.0589405 -0.0363314 0.251706 22 -0.133915 0.233843 0.490168 9
 -0.0664779 0.00272897 0.254764 119 -0.0815068 -0.0226163 0.255969 60 -0.136265 0.229897 0.482562 8
 -0.0553868 -0.0172109 0.270002 160 -0.0372162 -0.0187108 0.257476 40
 -0.0477112 -0.0141706 0.2464 183 -0.0705615 -0.028452 0.269309 10 -0.0945213 -0.0263249 0.332153 7
 -0.0489732 0.00312508 0.251312 146 -0.073847 -0.0243313 0.253406 45 -0.101826 -0.0317618 0.312654 7
 -0.0424843 -0.0181324 0.268275 196 -0.0421471 0.0117591 0.240523 4
 -0.0421092 -0.0199269 0.246887 200
 -0.0375171 -0.00704072 0.250839 185 -0.0611833 -0.0351875 0.257164 9 -0.0607254 -0.0388728 0.261389 6
 -0.0193553 -0.0117689 0.279291 200
 -0.0234917 -0.0251058 0.267236 191 -0.0520859 0.0346213 0.248365 4 -0.022325 -0.0337561 0.311175 3
 -0.0217236 -0.0117867 0.27175 78 -0.020969 -0.0236894 0.262914 72 -0.0211048 -0.0196195 0.266093 43
