 -0.00478662 0.0247611 0.318388 200
 -0.0246188 0.036128 0.303542 200
 -0.0571863 0.0186484 0.304319 197 -0.049125 0.0389735 0.328386 2 -0.0671865 0.0197319 0.335129 1
 -0.0727538 -0.00125983 0.312845 181 -0.0518197 -0.0553385 0.280569 18 -0.0601484 -0.058278 0.315942 1
 -0.0456414 -0.0356379 0.284563 109 -0.0576629 0.00805486 0.311456 76 -0.0405301 -0.0181715 0.308792 11
 -0.0486647 -0.0476682 0.282244 92 -0.0706412 -0.00564782 0.307427 91 -0.0307341 -0.0169487 0.300985 9
 -0.052859 -0.0581597 0.274181 148 -0.078542 -0.0154193 0.310216 41 -0.0970515 -0.0223731 0.358894 4
 -0.04162 -0.00922544 0.310058 86 -0.0195285 -0.0192269 0.30869 58 -0.0228549 -0.0271794 0.28394 32
 -0.0437438 -0.029474 0.288108 184 -0.0132065 -0.0257068 0.2979 15 0.0153719 -0.0158532 0.298528 1
 -0.0493235 -0.045414 0.280636 191 -0.0193141 -0.0281293 0.25702 7 -0.0262875 -0.00626282 0.30358 2
 0.00193749 -0.0162764 0.31165 192 -0.0446928 -0.0243649 0.295665 6 -0.00158916 -0.0302917 0.272246 2
 -0.00901071 -0.0208956 0.24743 69 0.00249792 -0.021329 0.302011 61 -0.00438133 -0.0252673 0.267601 21
 0.00696945 -0.0109609 0.305857 147 -0.0307393 -0.00919111 0.29898 18 -0.0219243 -0.0386616 0.267288 17
 0.0232266 -0.0105916 0.317421 195 0.0322558 0.00258654 0.358595 5
 0.0286965 -0.0210227 0.315246 198 -0.045355 -0.0365425 0.292719 2
 0.0277793 -0.0347007 0.288387 59 0.0286534 -0.0200778 0.310018 38 0.028905 -0.0283294 0.303079 38
