 -0.0188926 0.0228094 0.340451 200
 -0.031521 0.0470276 0.330075 198 -0.0599098 0.0564 0.363489 2
 -0.0674539 0.0483318 0.337922 200
 -0.0922512 0.0458255 0.340532 198 -0.123663 -0.0226612 0.376234 2
 -0.0773333 0.00363348 0.327985 189 -0.0754493 0.00073708 0.288572 4 -0.108613 -0.001739 0.373621 4
 -0.10157 -0.011727 0.326303 96 -0.103574 -0.0118118 0.330925 68 -0.120815 -0.0187321 0.369291 10
 -0.118432 -0.0218441 0.331459 77 -0.11574 -0.0214456 0.325848 74 -0.0813081 -0.00928693 0.275173 21
 -0.0650608 -0.0158179 0.322456 176 -0.0505025 0.000508346 0.335886 22 -0.0736668 -0.0192869 0.354474 2
 -0.0877566 -0.0453144 0.290792 103 -0.0714037 -0.0379125 0.305525 59 -0.0745604 -0.0114671 0.295438 19
 -0.0804301 -0.0414551 0.293239 135 -0.105771 -0.0128921 0.313448 36 -0.0893532 -0.00837651 0.263397 8
 -0.0454631 -0.0191216 0.327983 199 -0.0502144 -0.0417132 0.303128 1
 -0.0630252 -0.0312397 0.312873 184 -0.0454854 -0.0493987 0.343777 10 -0.0687927 -0.0427947 0.352696 6
 -0.075951 -0.0384162 0.301517 178 -0.041658 -0.0096335 0.32284 5 -0.0463946 -0.0180678 0.317735 5
 -0.0206936 -0.0191687 0.334819 200
 -0.0350041 -0.0473005 0.335217 194 -0.0510248 -0.0641779 0.375217 5 -0.0159423 0.0062918 0.330711 1
 -0.0419689 -0.0607797 0.332244 191 -0.0217752 -0.0286173 0.364723 4 -0.0535378 -0.0729856 0.358459 3
