 -0.0197842 0.0315642 0.357317 200
 -0.0359319 0.0516416 0.337686 200
 -0.0638756 0.0461719 0.318253 187 -0.0699477 0.0513596 0.351663 9 -0.0834488 -0.014978 0.34947 4
 -0.081213 0.0418235 0.312158 138 -0.0919557 -0.0300359 0.345511 29 -0.0936422 0.0465644 0.356443 15
 -0.0694962 -0.00429412 0.351372 198 -0.0783149 0.00608738 0.392399 2
 -0.0852824 -0.0235489 0.342253 198 -0.109309 -0.0414287 0.417051 2
 -0.0965692 -0.0361621 0.339566 194 -0.1181 -0.0522461 0.405336 6
 -0.0485134 -0.0143634 0.353454 198 -0.0539887 -0.0136419 0.40151 2
 -0.0580627 -0.0464823 0.346772 178 -0.0487804 -0.0446143 0.301252 14 -0.0374156 0.0038537 0.350947 6
 -0.0630306 -0.0625127 0.336456 196 -0.040092 -0.00227546 0.353508 3 -0.0504357 -0.0339844 0.34995 1
 -0.0282119 -0.013328 0.351694 200
 -0.0305585 -0.0309485 0.334989 57 -0.0211201 -0.0102493 0.328179 51 -0.0308721 -0.0174202 0.34959 48
 -0.0308374 -0.0388355 0.332056 69 -0.02172 0.00424766 0.337139 67 -0.0578156 -0.0548435 0.338601 56
 -0.00355242 -0.00877278 0.349452 200
 -0.0054504 -0.0144308 0.336571 119 -0.00397542 -0.0101552 0.341506 79 -0.0717564 -0.0678922 0.352294 1
 -0.00652095 -0.0106641 0.331587 116 -0.00552714 0.00812547 0.349951 38 -0.0656551 -0.0530866 0.347958 17
