 -0.0272848 0.0312448 0.376903 200
 -0.0450475 0.0451112 0.350533 200
 -0.0581802 0.0237388 0.345368 159 -0.0758187 -0.0274268 0.407706 19 -0.0656137 0.00385581 0.374494 18
 -0.0839689 -0.0537961 0.401415 89 -0.049195 0.00840946 0.345226 78 -0.0682701 0.0248528 0.341329 13
 -0.0634066 -0.0159203 0.390611 189 -0.0702638 0.0103448 0.341511 10 -0.0700174 -0.0230167 0.434738 1
 -0.0731633 -0.0384812 0.388054 200
 -0.0784386 -0.0546312 0.385975 193 -0.05261 -0.0542483 0.444143 6 -0.0850541 -0.0556344 0.406287 1
 -0.0417429 -0.0217907 0.388375 191 -0.0441173 -0.0204457 0.422492 9
 -0.0411143 -0.0554152 0.401118 181 -0.0430494 -0.0489523 0.436149 12 -0.0540557 -0.0684146 0.453954 4
 -0.0428444 -0.07349 0.39886 197 -0.058608 -0.0727758 0.46009 3
 -0.0211299 -0.0182654 0.386802 200
 -0.0250984 -0.0389023 0.397539 200
 -0.0227967 -0.0609938 0.39716 197 0.00216833 -0.0536046 0.407436 3
 0.000706905 -0.000911352 0.380626 199 -0.00405353 -0.04659 0.460183 1
 0.00377941 -0.0306035 0.399965 131 0.00376445 -0.0261388 0.394694 69
 0.00495477 -0.046933 0.402033 198 -0.0467311 -0.0702329 0.408013 2
