 -0.0126364 0.0325669 0.352881 200
 -0.0341377 0.0486769 0.338691 198 -0.0300671 0.0687685 0.381004 2
 -0.0633574 0.043274 0.329245 194 -0.0738743 0.0518233 0.360027 3 -0.0724968 0.0500379 0.355445 2
 -0.076081 0.035286 0.298248 190 -0.0680562 -0.0274419 0.325003 3 -0.0502891 -0.00480895 0.325405 3
 -0.0467582 -0.00752263 0.328985 200
 -0.0554365 -0.0281505 0.304715 196 -0.0606726 0.0398131 0.292007 2 -0.0260143 -0.0326788 0.363588 2
 -0.0585872 -0.0317196 0.287492 192 -0.0261443 -0.0643657 0.318963 5 -0.164527 0.237354 0.482754 3
 -0.0250858 -0.0139594 0.332912 200
 -0.0272372 -0.0384518 0.294245 95 -0.0272218 -0.0367238 0.317385 64 -0.0547149 -0.0267783 0.299025 15
 -0.0281635 -0.0501504 0.282171 187 -0.0575707 -0.0356719 0.296165 4 -0.0171914 0.0087929 0.333295 4
 -0.00588767 -0.0083587 0.337069 200
 -0.00340866 -0.0310821 0.332423 181 -0.0305957 -0.0397826 0.297793 11 -0.00801479 -0.0367364 0.289905 8
 -0.00551202 -0.0415455 0.293166 118 -0.0040517 -0.0379008 0.326323 55 -0.0342208 -0.0462774 0.280826 13
 0.0165237 -0.00115096 0.339455 200
 0.0218612 -0.0111174 0.336609 122 0.0232618 -0.0120427 0.309098 72 0.0230665 -0.0120233 0.323186 6
 0.0272071 -0.0217165 0.297535 96 0.024597 -0.0183282 0.337218 88 0.0173182 0.0397346 0.344169 10
