 0.00659195 0.0319545 0.30738 200
 -0.0249049 0.0408203 0.302254 200
 -0.0544021 0.0173925 0.305528 200
 -0.066414 -0.00017852 0.300037 199 -0.0807901 0.00607469 0.338716 1
 -0.0184116 -0.0168083 0.290772 200
 -0.0151989 -0.0358407 0.27266 198 -0.0589401 0.00681876 0.302233 2
 -0.0133004 -0.046931 0.252436 188 -0.114145 0.236847 0.485805 6 -0.0848446 -0.0103944 0.339281 4
 -0.00341777 4.98827e-006 0.289635 196 -0.016345 0.0155358 0.271828 4
 -0.00371341 0.0100684 0.266804 200
 -0.00478867 0.0304156 0.277814 200
 0.0134542 0.0063396 0.290823 200
 0.0109308 0.0140449 0.272061 192 -0.0183229 -0.0247992 0.283739 8
 0.0104705 0.0279902 0.279326 199 -0.00719707 -0.00643433 0.274134 1
 0.035248 0.00882148 0.297997 147 -0.0169851 -0.0209388 0.290184 47 0.00452883 0.000186714 0.28742 4
 0.044776 -0.00381517 0.286331 175 0.0257501 0.027567 0.284699 8 0.0285718 0.0263356 0.288821 6
 0.021953 0.0277503 0.28887 78 0.0447509 -0.000878402 0.281221 39 -0.022384 -0.0422099 0.256741 35
