 -0.00147961 0.0281795 0.342072 200
 -0.020564 0.0470215 0.330535 176 -0.0192063 0.0390955 0.306826 24
 -0.0260714 0.0431902 0.311542 130 -0.0564814 -0.0192452 0.34901 62 -0.0380354 0.00349611 0.332039 7
 -0.0309052 0.0347913 0.294263 65 -0.0674034 -0.0390142 0.340866 56 -0.0473977 -0.0123025 0.340484 50
 -0.0441194 -0.0103789 0.333166 195 -0.0438585 -0.0514463 0.362847 3 -0.0500388 -0.00812491 0.362818 2
 -0.0581854 -0.0335058 0.329011 200
 -0.0655896 -0.0487745 0.324947 199 -0.0843205 -0.0590371 0.377209 1
 -0.0233125 -0.0171239 0.334194 186 -0.0251018 -0.029898 0.371134 14
 -0.0293161 -0.0555425 0.336827 199 -0.0403255 -0.0614835 0.405453 1
 -0.0302204 -0.0724067 0.330916 183 -0.0165679 0.0201234 0.324852 8 -0.0370024 -0.0764122 0.359242 8
 -0.00301857 -0.018411 0.337148 200
 -0.00667723 -0.0446491 0.33762 198 -0.00913995 -0.0465987 0.366574 2
 -0.00850427 -0.0669645 0.337947 200
 0.0196256 -0.0109201 0.343307 199 0.0213091 -0.0213689 0.387103 1
 0.0228558 -0.0357112 0.34841 200
 0.0238868 -0.0515922 0.344435 200
