 -0.00592075 0.0175924 0.349906 200
 -0.0260051 0.0353323 0.327945 198 -0.0581844 0.0410209 0.382635 2
 -0.0591665 0.0251369 0.326895 200
 -0.0747026 0.0108164 0.318112 195 -0.0825425 0.0226375 0.363613 2 -0.0889534 0.0235547 0.386142 2
 -0.0392811 -0.0166833 0.331277 200
 -0.0388586 -0.0243993 0.302605 115 -0.0325563 -0.032025 0.309769 35 -0.0457682 0.00959789 0.327181 25
 -0.0408373 -0.0345736 0.321317 60 -0.0353447 -0.0123154 0.339196 48 -0.0397745 -0.0261059 0.289733 22
 -0.0242651 -0.0272178 0.325053 194 -0.0513733 -0.0174635 0.305636 4 -0.0359121 0.000375805 0.311316 2
 -0.0238166 -0.0325501 0.318398 113 -0.0234377 -0.0242691 0.313256 65 -0.0485055 -0.0210682 0.291165 19
 -0.0178809 -0.00543758 0.313731 115 -0.0180321 -0.0146654 0.312295 66 -0.0217215 -0.0488623 0.334162 12
 -0.00518971 -0.0212453 0.350153 136 -0.00657012 -0.0310745 0.320884 64
 -0.00227917 -0.0354538 0.319078 169 -0.0195729 -0.023944 0.348137 12 -0.00881133 -0.0533759 0.356412 9
 -0.00179947 -0.0169679 0.345044 129 -0.00298598 -0.019002 0.31766 53 -0.00624118 -0.0340922 0.317056 9
 0.0169094 -0.015578 0.351111 199 0.0269015 -0.035504 0.38652 1
 0.0211465 -0.0427371 0.347631 200
 0.0222349 -0.0584152 0.336408 170 0.0271304 -0.0610397 0.365854 18 0.0277835 -0.0118074 0.350176 12
