 -0.012952 0.0245586 0.279993 200
 -0.0328233 0.0457242 0.263387 198 -0.0320809 0.0629826 0.308385 2
 -0.0644392 0.0455075 0.258347 199 -0.085775 0.0537152 0.309126 1
 -0.0865167 0.0417672 0.248212 183 -0.107552 0.046392 0.312453 9 -0.0434214 0.0114394 0.257489 8
 -0.0597896 -0.00351991 0.250218 194 -0.0241249 -0.02558 0.279498 2 -0.0762376 0.00614528 0.294291 2
 -0.0758099 -0.0208556 0.226297 171 -0.0361528 -0.00168909 0.241038 14 -0.0438536 0.020669 0.252003 10
 -0.085897 -0.0333334 0.222314 147 -0.0418963 0.0191266 0.239424 33 -0.0989024 0.0374972 0.245695 5
 -0.0375881 -0.00633479 0.257084 192 -0.0128463 -0.00871401 0.283369 7 -0.0082283 -0.0273829 0.284607 1
 -0.0304155 0.00414566 0.237369 100 -0.0710189 -0.0136267 0.222518 88 -0.0358925 -0.016942 0.256681 8
 -0.0249953 0.0208142 0.2476 163 -0.080711 -0.0182478 0.229211 37
 -0.0212291 -0.00500958 0.260064 180 -0.001091 0.00468232 0.28588 10 0.00209474 0.00610804 0.288326 8
 -0.0188654 0.0020886 0.23822 173 -0.00200771 -0.00660409 0.276352 25 -0.00532115 -0.0101779 0.265094 2
 -0.0122055 0.0126077 0.249166 139 -0.0205581 -0.0441233 0.243196 46 0.0023632 -0.0224419 0.278293 15
 -0.00571213 -0.0160256 0.276119 200
 -0.00933855 -0.0370513 0.270015 160 0.00452187 -0.0123343 0.28012 34 0.0191945 0.0263775 0.289507 6
 -0.0165015 -0.0497101 0.254966 163 0.0139256 -0.00126622 0.287024 37
