 -0.0134536 0.075217 0.355183 200
 -0.0289415 0.0912715 0.341257 200
 -0.0550112 0.100035 0.319439 86 -0.0523076 0.0973699 0.308807 69 -0.0535461 0.0985615 0.314835 35
 -0.0634582 0.0954267 0.289896 153 -0.0846564 0.0144011 0.292887 32 -0.0683788 0.0365388 0.327239 6
 -0.0621834 0.035762 0.316657 190 -0.0504613 0.0157102 0.351138 6 -0.0693616 0.0500504 0.356014 4
 -0.0742678 0.0202088 0.30244 193 -0.080203 0.0259985 0.349965 7
 -0.0858991 0.00911323 0.294722 183 -0.0928812 0.010061 0.341529 14 -0.0934793 0.00989826 0.332442 3
 -0.0395479 0.0254019 0.328108 200
 -0.0486668 -0.00411891 0.312154 192 0.00947603 0.00611908 0.350786 6 -0.0395589 0.0448826 0.31662 2
 -0.0547626 -0.0213248 0.301029 200
 -0.0171655 0.0260232 0.331941 200
 -0.0254282 -0.00199937 0.31689 200
 -0.0295374 -0.0193167 0.306346 200
 0.0055404 0.030424 0.339617 200
 0.0098756 0.00819687 0.333191 200
 0.0142341 -0.00405218 0.325874 198 -0.00526716 0.0656526 0.3505 2
