 -0.0102941 0.0478906 0.302098 200
 -0.0284576 0.0676456 0.290391 200
 -0.0597667 0.0597557 0.279313 200
 -0.0821197 0.045204 0.266021 200
 -0.0454561 0.00788817 0.266031 197 -0.0453671 0.00738455 0.30706 3
 -0.0529453 -0.0163577 0.255575 196 -0.0202813 -0.0486713 0.26827 4
 -0.061419 -0.0356608 0.253878 197 -0.205153 0.21999 0.488755 3
 -0.0223871 -7.65563e-005 0.279025 197 -0.0163587 0.00236768 0.312057 2 -0.0382915 0.0388008 0.298722 1
 -0.0198039 -0.0305255 0.264931 178 -0.0289532 0.0214464 0.278155 20 -0.00725831 -0.00976141 0.239641 2
 -0.0197852 -0.0475089 0.259286 196 -0.0033291 -0.0194288 0.219994 2 -0.0563505 -0.00234737 0.258536 2
 -0.00287156 0.00684674 0.27927 196 -0.020117 -0.000400609 0.313836 2 0.00547033 0.00916797 0.313348 2
 -0.0026363 -0.0135762 0.27081 183 0.000124708 -0.0204531 0.23518 12 -0.000774375 -0.0195564 0.243737 2
 -0.00779681 -0.0146312 0.278248 76 -0.00376632 0.0103057 0.273222 29 -0.0255023 -0.0492966 0.257987 25
 0.0204764 0.0182168 0.290677 192 -0.00299401 0.0045297 0.295193 8
 0.028076 -0.00797315 0.28889 185 -0.0138745 -0.00436133 0.276428 13 0.0244211 0.0381646 0.299986 2
 0.0311287 -0.0226032 0.282024 200
