 -0.0122048 0.0445841 0.325107 200
 -0.0301748 0.0647489 0.310564 200
 -0.0643692 0.0621401 0.307974 200
 -0.0830762 0.053476 0.292377 199 -0.100507 0.0634315 0.363747 1
 -0.0552618 0.00703622 0.316067 200
 -0.0678597 -0.0146119 0.306193 196 -0.078959 -0.0301393 0.365214 4
 -0.0750657 -0.0283339 0.302294 190 -0.0913679 -0.0419775 0.354595 7 -0.195005 0.21999 0.488755 3
 -0.0344256 -0.000707909 0.323296 200
 -0.040176 -0.0348112 0.307478 200
 -0.0443603 -0.0527976 0.297992 199 -0.042497 -0.0656923 0.337789 1
 -0.0127213 0.0016418 0.323205 200
 -0.0178698 -0.0284268 0.31069 200
 -0.0220127 -0.0467824 0.298839 199 -0.0186846 -0.0398923 0.347218 1
 0.00914769 0.00816151 0.32684 200
 0.0134416 -0.0180825 0.322676 200
 0.0162604 -0.0319143 0.317641 199 0.0238526 -0.0418747 0.360142 1
