 -0.00298946 0.0237595 0.319182 200
 -0.0260535 0.0333488 0.301383 200
 -0.056861 0.0140622 0.299168 200
 -0.0727805 -0.00535509 0.297429 200
 -0.0381529 -0.0312402 0.316255 188 -0.0386106 0.00148172 0.302424 12
 -0.0403885 -0.0575233 0.304225 176 -0.0637743 0.000282511 0.313047 24
 -0.0412815 -0.0668388 0.301638 197 -0.112725 0.233933 0.475754 3
 -0.0157657 -0.0210121 0.306069 117 -0.0182495 -0.0169761 0.30483 83
 -0.0167966 -0.01657 0.2835 162 -0.0186413 -0.00764274 0.294075 38
 -0.016001 0.00854205 0.298675 121 -0.0440365 -0.0518215 0.304069 60 -0.0318722 -0.032869 0.281493 9
 0.00495746 -0.00729391 0.307902 190 -0.0342463 -0.00292588 0.331602 10
 0.00350906 -0.00581686 0.289719 190 -0.0351941 0.00372294 0.306628 10
 0.00138076 0.0119281 0.300885 155 -0.0107994 -0.0315534 0.280896 41 -0.00194589 -0.0291628 0.305418 2
 0.0202314 -0.00445476 0.309241 189 -0.0253156 -0.0342368 0.293304 4 0.0361958 0.029123 0.342162 4
 0.0195985 -0.0057411 0.301488 197 -0.0277806 -0.0125225 0.332368 2 0.0312495 -0.00142735 0.348528 1
 0.0187248 0.00513676 0.299516 94 -0.0441318 -0.0651922 0.31094 81 0.0155284 -0.0144351 0.299278 21
