 -0.000911993 0.0233625 0.30945 200
 -0.0217896 0.0468673 0.28935 200
 -0.0528529 0.0397765 0.279244 199 -0.061183 0.0410404 0.331309 1
 -0.0786825 0.0288291 0.276959 198 -0.0831985 0.0252039 0.303649 2
 -0.0428165 -0.0128248 0.27072 146 -0.0321165 -0.0392323 0.294184 49 -0.0391616 0.0381254 0.291053 5
 -0.0304287 -0.0518101 0.284396 87 -0.0309526 -0.0559807 0.283324 85 -0.0414285 -0.0154043 0.251444 12
 -0.031205 -0.0691348 0.276485 176 -0.11979 0.237627 0.48635 8 -0.0869308 0.0265995 0.280968 5
 -0.026016 -0.0184512 0.296836 200
 -0.0334651 -0.052738 0.289081 91 -0.0165362 -0.0623094 0.300366 68 -0.0327989 0.000682533 0.260555 14
 -0.0360936 -0.0680255 0.276838 162 -0.0155863 -0.0781783 0.287933 27 -0.0381599 -0.005895 0.238951 6
 -0.00351241 -0.0194036 0.304086 200
 -0.0117967 -0.0471921 0.301053 179 -0.0336806 -0.0341096 0.296239 16 -0.0114825 -0.00393465 0.299215 4
 -0.0159627 -0.0653032 0.296339 200
 0.0174247 -0.010873 0.309561 199 0.0192519 -0.0597483 0.361229 1
 0.0186812 -0.0434836 0.32061 200
 0.0191589 -0.0594747 0.315149 198 0.00667447 -0.00743636 0.306988 2
