 -0.0109229 0.0480435 0.30916 200
 -0.0270848 0.0689331 0.296732 198 -0.0687348 0.0194939 0.333704 2
 -0.0487668 0.073719 0.275876 181 -0.0691085 0.00237194 0.271937 15 -0.0558489 0.0242294 0.290596 4
 -0.0620764 0.0736947 0.249105 152 -0.0807974 -0.0141566 0.258352 48
 -0.0545035 0.01253 0.277621 113 -0.0575128 0.00846035 0.275299 86 -0.0386248 -0.0209756 0.285605 1
 -0.0673985 -0.00660169 0.262098 200
 -0.0794264 -0.0201717 0.254814 181 -0.0900849 -0.0243907 0.29063 13 -0.124565 0.229302 0.482599 4
 -0.0345528 -0.000783364 0.287535 199 -0.0518485 -0.00268669 0.335505 1
 -0.0431533 -0.0307955 0.269729 200
 -0.0461431 -0.0460027 0.258327 199 -0.0343121 -0.0490491 0.291789 1
 -0.0130413 0.00115498 0.2933 200
 -0.0208993 -0.0278614 0.272814 200
 -0.024153 -0.0440672 0.266387 200
 0.00852257 0.00475006 0.299243 200
 0.0121849 -0.0187787 0.290629 200
 0.0167923 -0.0336903 0.284012 200
