 -0.00101154 0.0408972 0.316289 200
 -0.026482 0.0518434 0.297887 200
 -0.054046 0.0337489 0.292559 198 -0.0623558 0.0249947 0.320743 2
 -0.070724 0.01351 0.287549 200
 -0.0314746 -0.0112401 0.299205 178 0.00536266 -0.0364212 0.300328 22
 -0.0338991 -0.0355963 0.290514 189 0.00919578 -0.0476643 0.295971 11
 -0.036639 -0.0544053 0.286597 197 -0.0174979 0.00274466 0.301935 2 0.0117547 -0.0544997 0.291032 1
 -0.00531848 -0.0105422 0.308649 200
 0.00403148 -0.0389294 0.294628 196 -0.0082613 0.00646198 0.29976 4
 0.011638 -0.0573108 0.285023 198 -0.00368521 0.0162675 0.299781 2
 0.0159982 0.0016188 0.30735 200
 0.0223332 -0.0229715 0.290975 138 0.0151652 0.000716343 0.308303 37 0.036519 -0.00362003 0.310225 9
 0.0222837 -0.0472249 0.291464 61 0.0175063 -0.00471036 0.302396 47 0.0540006 -0.0103814 0.315522 39
 0.0348917 0.0116905 0.321401 191 0.0514956 0.0157113 0.365598 7 0.0460719 -0.0107223 0.319207 2
 0.0544063 -0.0149762 0.31944 82 0.0447823 -0.00173645 0.322009 64 0.0473758 -0.00518542 0.32138 35
 0.0613828 -0.0280638 0.311768 191 0.012784 -0.0601456 0.285403 4 0.0295064 -0.0172946 0.24377 2
