 -0.0200429 0.0239963 0.329322 195 0.0124281 0.0652669 0.422652 5
 -0.0293486 0.0442197 0.308159 184 -0.027785 0.0107665 0.336408 7 0.00430487 0.0872464 0.419668 5
 -0.0436062 0.0470063 0.305636 68 -0.0803864 0.00422529 0.274962 53 -0.0445842 0.0477742 0.300984 53
 -0.0668931 0.000893935 0.283575 91 -0.0410372 0.0428409 0.283256 86 0.00584959 0.0988863 0.487617 8
 -0.0695965 0.00654877 0.282903 196 -0.0545063 0.00798156 0.230496 2 -0.0785863 0.0210759 0.334153 2
 -0.0863651 -0.00100412 0.269124 160 -0.0531626 0.00961294 0.285107 25 -0.1306 0.237348 0.493701 9
 -0.0924478 -0.00428868 0.256165 178 -0.132505 0.232632 0.485423 9 -0.0245689 0.0273715 0.303622 4
 -0.0453444 -0.00308586 0.286387 109 -0.0523799 0.00542104 0.315231 67 -0.0386021 0.0252664 0.308013 22
 -0.0465875 0.00341105 0.287248 116 -0.033111 0.000752553 0.253457 79 -0.0629112 -0.0150291 0.263542 5
 -0.0293445 0.0151928 0.260614 88 -0.0364586 0.0186707 0.295318 65 -0.0879214 0.00232246 0.273316 35
 -0.0315448 -0.0117495 0.291646 193 -0.0158493 0.0130393 0.259295 5 -0.0406873 0.0314893 0.300691 2
 -0.0238253 -0.00877195 0.271984 97 -0.0366017 -0.00319573 0.291786 58 -0.0237727 0.00475975 0.248324 34
 -0.0150874 0.00190219 0.277725 95 -0.0158498 0.00846291 0.256918 56 -0.0053383 0.00861795 0.314621 28
 -0.0084469 -0.017523 0.309524 190 0.0286076 0.0383055 0.40729 6 -0.0122361 0.0274089 0.321737 2
 -0.00989891 -0.0327968 0.29966 186 0.00774825 -0.00547881 0.320601 14
 -0.0134614 -0.0459043 0.294627 182 0.0119077 0.00538661 0.327881 18
