 -0.0155133 0.0240699 0.352369 200
 -0.0339445 0.0433916 0.326549 198 -0.0359763 0.0547457 0.35332 2
 -0.0657605 0.0307459 0.322909 196 -0.061769 -0.0307353 0.354671 4
 -0.0835409 0.0239334 0.315219 178 -0.069915 -0.0515686 0.352238 22
 -0.0525211 -0.0195767 0.353148 199 -0.0624027 -0.0231536 0.382366 1
 -0.0618135 -0.0425625 0.350405 199 -0.0718045 -0.0373661 0.406082 1
 -0.0687442 -0.0572501 0.347894 195 -0.0863421 0.0227549 0.296946 4 -0.0799044 -0.0519886 0.402036 1
 -0.0302121 -0.0233151 0.358549 194 -0.0288848 -0.0349682 0.401964 6
 -0.030693 -0.0584023 0.366704 200
 -0.032086 -0.0766954 0.364295 198 0.0238445 -0.0612869 0.396678 2
 -0.00966817 -0.0206215 0.35693 200
 -0.00931814 -0.0498187 0.354282 200
 -0.00940151 -0.067697 0.358309 196 0.0197416 -0.049082 0.340757 4
 0.0146522 -0.0102484 0.352632 198 0.017413 -0.0245472 0.384947 2
 0.020928 -0.0367832 0.352696 197 -0.0133775 -0.0687976 0.367494 3
 0.0241069 -0.0522237 0.347569 182 0.0161567 -0.0269075 0.357045 16 -0.0162593 -0.0841234 0.364392 2
