 -0.0136874 0.0413488 0.316121 200
 -0.0310508 0.0578317 0.296599 200
 -0.0623448 0.0592248 0.286785 196 -0.0683517 0.0627238 0.326777 3 -0.0754977 -0.0244084 0.2958 1
 -0.0806487 0.0533227 0.275611 200
 -0.053639 0.000869445 0.30264 173 -0.0326282 -0.0344764 0.320125 23 -0.0585032 0.0333038 0.317154 4
 -0.0667523 -0.0254335 0.299991 198 -0.0843352 -0.0388474 0.343034 2
 -0.0764729 -0.040778 0.296609 200
 -0.0305906 -0.00687524 0.309178 197 -0.0142635 -0.0368316 0.311522 3
 -0.0338597 -0.0423578 0.305698 200
 -0.0352145 -0.0622244 0.303919 199 0.000454667 -0.0757288 0.323194 1
 -0.00939784 -0.00176505 0.31009 200
 -0.0066012 -0.0348195 0.297101 200
 -0.00624097 -0.0543289 0.291677 200
 0.0144039 0.00407028 0.308625 200
 0.0209479 -0.0165769 0.301573 199 0.0254265 -0.00491163 0.335831 1
 0.0253 -0.0301855 0.2948 196 0.0119795 0.0163908 0.308057 2 -0.00386858 -0.0667236 0.295611 2
