 -0.0202156 0.0554374 0.342471 200
 -0.0391086 0.0739117 0.329197 200
 -0.0728743 0.0655369 0.313253 200
 -0.0905437 0.0573998 0.298484 194 -0.107425 0.0598806 0.357575 5 -0.0996076 0.0609217 0.336766 1
 -0.0607268 0.0114975 0.325066 174 -0.0636251 0.0442034 0.342856 26
 -0.0699743 -0.0147489 0.316939 151 -0.0552457 0.042407 0.319835 26 -0.0862195 0.0578309 0.289444 22
 -0.0751465 -0.0276425 0.316316 151 -0.0440727 0.0540732 0.323414 26 -0.0836343 -0.0417029 0.337101 19
 -0.0379669 0.00582092 0.332561 200
 -0.037647 -0.0239058 0.321261 153 -0.0410343 0.0331605 0.322852 30 -0.0337598 -0.0155377 0.295436 8
 -0.0394131 -0.0328544 0.313512 174 -0.0360301 -0.0340191 0.296654 15 -0.0328109 0.0136907 0.325845 8
 -0.0170262 0.0133939 0.335651 200
 -0.0169719 -0.00716782 0.330158 186 -0.0188381 -0.0116902 0.295747 14
 -0.0186793 -0.0126185 0.330184 160 -0.0166309 -0.0205866 0.282965 38 -0.0176325 -0.0195866 0.30172 2
 0.00487896 0.0211338 0.33999 200
 0.0105743 0.0108447 0.337592 195 -0.0171088 -0.00727078 0.33445 5
 0.0135748 0.000391577 0.328736 198 0.00793784 0.0567627 0.336275 2
