 0.00604729 0.00820717 0.350469 200
 -0.00965132 0.0298603 0.32513 198 0.00233617 0.0371451 0.361976 2
 -0.0382731 0.0325238 0.315268 177 -0.0401207 0.0361787 0.353529 17 -0.0453873 0.0394919 0.388368 6
 -0.0593938 0.0343676 0.303756 163 -0.10272 -0.041204 0.357088 9 -0.0940812 -0.037173 0.342099 7
 -0.0545093 -0.0136927 0.336629 186 -0.0874014 -0.0484227 0.356797 6 -0.0516462 -0.00718652 0.38034 6
 -0.0755792 -0.0306043 0.328224 162 -0.0843468 -0.0344454 0.347601 30 -0.107062 -0.0460388 0.380347 5
 -0.0918067 -0.0402488 0.34335 183 -0.0585086 -0.0264979 0.334729 11 -0.116056 -0.0521623 0.399451 4
 -0.0330856 -0.0252861 0.337507 95 -0.0359627 -0.0279752 0.334117 75 -0.0210656 0.00126857 0.340327 22
 -0.0245342 -0.0167066 0.329997 72 -0.0638762 -0.0214317 0.32877 71 -0.0155534 -0.0234044 0.302554 22
 -0.0845112 -0.032028 0.331092 129 -0.0095514 -0.00414854 0.334765 37 -0.00650263 -0.00795809 0.303704 22
 -0.0144576 -0.0282307 0.330452 168 0.018502 -0.0213883 0.349495 32
 -0.0396248 -0.0329165 0.315459 86 -0.0113624 -0.0323255 0.309558 59 -0.00873843 -0.0255145 0.338604 51
 -0.0540073 -0.0416094 0.30512 68 -0.00109611 -0.0181656 0.309357 60 -0.0523493 -0.0420966 0.283469 17
 0.0163554 -0.0253043 0.342996 200
 -0.0023511 -0.0493961 0.333242 94 -0.000266732 -0.0472626 0.338053 64 0.0178617 -0.0116834 0.335992 42
 -0.0137774 -0.0644015 0.313752 143 0.0335899 0.00659709 0.338509 20 0.0149871 -0.0160384 0.334572 15
