 -0.00942452 0.0211525 0.31836 200
 -0.0284608 0.0403424 0.297593 200
 -0.0583858 0.0340821 0.293383 200
 -0.0768841 0.0231552 0.278051 197 -0.0907427 0.0146568 0.319465 3
 -0.0523389 -0.0167027 0.307804 178 -0.0316577 -0.0482365 0.319268 22
 -0.0623304 -0.0383279 0.29187 181 -0.0339885 -0.0385941 0.297716 19
 -0.0699404 -0.0538947 0.284006 200
 -0.0325021 -0.026632 0.308642 200
 -0.028529 -0.0245855 0.302064 115 -0.0291936 -0.0336298 0.297507 85
 -0.0323485 -0.0499187 0.274321 115 -0.0219745 -0.0180927 0.294057 58 -0.0251925 0.00100402 0.309907 12
 -0.0106106 -0.0237891 0.307602 142 -0.0106043 -0.025372 0.282619 54 -0.0113337 -0.0250596 0.291126 2
 -0.0120749 -0.0363756 0.295778 182 -0.043853 -0.0358024 0.29479 14 -0.00931297 0.0223798 0.309947 4
 -0.00990573 -0.0218423 0.27896 126 -0.0116594 -0.0425171 0.296571 25 -0.055615 -0.0491035 0.291981 19
 0.0125952 -0.016477 0.314073 190 0.00890614 -0.0198163 0.286855 6 0.0196888 0.00392347 0.355401 2
 0.00947459 -0.0285598 0.302615 200
 0.011709 -0.0288147 0.300293 198 -0.0303456 -0.0467764 0.304552 2
