 -0.0250283 0.0621751 0.316963 200
 -0.0302467 0.08959 0.305332 200
 -0.0586896 0.099833 0.295332 199 -0.048728 0.105672 0.323996 1
 -0.0752104 0.0993875 0.271932 197 -0.0205689 0.0124357 0.310666 2 -0.066722 0.116571 0.310656 1
 -0.0689994 0.0434963 0.27399 98 -0.0700872 0.0478276 0.289096 47 -0.0606703 0.0212153 0.28826 24
 -0.063162 0.053398 0.26762 92 -0.0649019 -0.00669424 0.277447 90 -0.0525174 -0.0178445 0.293137 8
 -0.0639432 -0.0166986 0.276197 83 -0.0556893 0.0609314 0.268319 57 -0.0519875 0.0777498 0.293055 51
 -0.0531367 0.0306236 0.29727 197 -0.0243195 0.0084561 0.306251 3
 -0.0594947 0.000160547 0.286867 170 -0.0537668 0.044397 0.285616 24 -0.057803 -0.00698474 0.328014 6
 -0.0718794 -0.00972248 0.276567 194 -0.0870451 -0.0167675 0.312887 4 -0.0929878 -0.016072 0.339732 2
 -0.0323762 0.0247242 0.307347 162 -0.0492789 0.0412982 0.30561 38
 -0.0442899 0.000985496 0.299212 185 -0.0482206 0.0427314 0.290763 14 -0.0248541 0.0301698 0.304258 1
 -0.0512585 -0.012193 0.289861 200
 -0.00912765 0.0198373 0.314141 200
 -0.0151547 -0.00214523 0.314968 200
 -0.0186759 -0.0176137 0.309527 200
