 -0.0335065 0.0148949 0.330614
 -0.030021 0.0357786 0.351868
 -0.0558426 0.0607855 0.31123
 -0.0460257 0.0678962 0.28948
 -0.0672469 0.00338039 0.302293
 -0.0671146 -0.0175902 0.282846
 -0.0670282 -0.0313017 0.270131
 -0.0501707 -0.00864271 0.300014
 -0.0605129 -0.029097 0.275583
 -0.0672121 -0.0423465 0.259757
 -0.0281246 -0.013594 0.30691
 -0.0371922 -0.0304916 0.285156
 -0.0436333 -0.0424947 0.269703
 -0.0101654 -0.0141294 0.315783
 -0.0100646 -0.0309924 0.300142
 -0.0099845 -0.0444094 0.287698
