 -0.016025 0.0281429 0.305248
 -0.0136438 0.0580481 0.305174
 -0.0580953 0.0543503 0.270947
 -0.0770368 0.0466103 0.256758
 -0.046633 -0.00156077 0.289313
 -0.0544743 -0.0288846 0.286169
 -0.0569059 -0.0462885 0.279775
 -0.0304344 -0.0108521 0.298937
 -0.0298264 -0.0425611 0.288147
 -0.0286041 -0.0625856 0.279875
 -0.00994039 -0.00844285 0.310438
 -0.0122816 -0.0347593 0.298481
 -0.0137581 -0.0533498 0.289731
 0.0066158 -0.00171337 0.319502
 0.0136859 -0.0235644 0.320746
 0.0230849 -0.0366858 0.312122
