 -0.0198873 0.0111451 0.320309
 0.000953556 0.0322479 0.324818
 -0.0436727 0.0509119 0.304621
 -0.0381091 0.0358954 0.285554
 -0.0624004 0.0111218 0.304008
 -0.0819846 -0.00457541 0.290296
 -0.0924284 -0.0146242 0.278479
 -0.0557935 -0.00799163 0.309698
 -0.0759577 -0.032073 0.298047
 -0.0854018 -0.0469987 0.28544
 -0.0384345 -0.0213421 0.318559
 -0.0529309 -0.0398833 0.301616
 -0.0631909 -0.0530449 0.289539
 -0.0213718 -0.0284697 0.32628
 -0.0225783 -0.0456822 0.311072
 -0.0235382 -0.0593774 0.298972
