 -0.023551 0.00459163 0.351231
 -0.0339456 0.0266402 0.368718
 -0.0698732 0.0171358 0.330195
 -0.0791535 0.0118998 0.30769
 -0.0427765 -0.0290645 0.327341
 -0.0392076 -0.0515682 0.310055
 -0.036874 -0.0662822 0.298753
 -0.0218246 -0.0288641 0.325818
 -0.0195501 -0.0198189 0.293643
 -0.0251005 0.000428579 0.288154
 -0.00142016 -0.0186369 0.331914
 -0.00155778 -0.0125061 0.30357
 -0.00387119 0.00578182 0.294374
 0.0130026 -0.00700688 0.339548
 0.0154853 -0.0216578 0.321993
 0.0173564 -0.0324391 0.307324
