 -0.0560057 0.0205588 0.386703
 -0.050419 0.0497017 0.391116
 -0.100565 0.0495005 0.369255
 -0.119382 0.0420633 0.354743
 -0.0937003 -0.00422023 0.380522
 -0.105254 -0.0300113 0.376129
 -0.112777 -0.0468169 0.372864
 -0.0761571 -0.0157742 0.380229
 -0.0796324 -0.0451198 0.364449
 -0.081666 -0.0632217 0.352656
 -0.0525994 -0.0164221 0.381876
 -0.0561966 -0.04094 0.366812
 -0.0580314 -0.0553713 0.352227
 -0.0331082 -0.0122281 0.383889
 -0.0287877 -0.0306931 0.370875
 -0.0257502 -0.0400068 0.355418
