 0.0029342 -0.000227726 0.316667
 0.0158206 0.0184043 0.297
 -0.0359953 0.0137793 0.29056
 -0.0527902 -0.00455231 0.289184
 -0.0396742 -0.0144685 0.32407
 -0.050245 -0.0410426 0.323874
 -0.0566093 -0.0585986 0.322889
 -0.0258004 -0.0228156 0.337456
 -0.0209153 -0.0484307 0.316426
 -0.00862419 -0.0499175 0.298604
 -0.0033343 -0.0243809 0.344592
 0.000907824 -0.0465431 0.326375
 0.00250332 -0.0333201 0.31066
 0.0164741 -0.0226078 0.347048
 0.0198386 -0.0401847 0.3326
 0.0212559 -0.0284381 0.318639
