 0.0098814 -0.00776084 0.371628
 0.00902891 0.0210791 0.379845
 -0.0384709 0.0214633 0.3495
 -0.057803 0.0156231 0.334934
 -0.0215432 -0.0389527 0.361015
 -0.0272386 -0.0658139 0.353015
 -0.0309112 -0.0831048 0.346913
 -0.00192389 -0.0463859 0.359931
 -0.00610807 -0.0782782 0.35057
 -0.00881842 -0.0989368 0.344507
 0.0212054 -0.042232 0.362355
 0.0209905 -0.0696392 0.352879
 0.0208378 -0.0891077 0.346147
 0.0393191 -0.0342979 0.365595
 0.048256 -0.0547514 0.360047
 0.0536167 -0.0616269 0.343957
