 -0.00899875 0.0152143 0.30747
 -0.00340446 0.0445502 0.304622
 -0.0467095 0.0306812 0.277503
 -0.0426658 0.0160267 0.257783
 -0.0460455 -0.0108776 0.303017
 -0.0396491 -0.0168374 0.275786
 -0.0425844 0.00104358 0.271166
 -0.0288977 -0.021819 0.308269
 -0.021412 -0.028759 0.276362
 -0.0248287 -0.00799968 0.271045
 -0.00581046 -0.0216453 0.313274
 0.000305676 -0.0255373 0.285194
 -0.00324692 -0.00555762 0.281651
 0.0133108 -0.0167718 0.316763
 0.018196 -0.020052 0.294528
 0.0150472 -0.00233064 0.291222
