 -0.0302444 0.0232772 0.308745
 -0.0212538 0.0511506 0.315245
 -0.0716747 0.0484336 0.300977
 -0.083718 0.0388161 0.28142
 -0.0703296 0.00406244 0.298894
 -0.0771493 -0.00871752 0.274233
 -0.0723108 -0.00215851 0.257403
 -0.0544378 -0.00967782 0.298911
 -0.0614426 -0.0231358 0.269043
 -0.0659231 -0.0317654 0.249644
 -0.0313178 -0.0135213 0.301875
 -0.040469 -0.0299788 0.279821
 -0.0469695 -0.0416692 0.264154
 -0.0116223 -0.0120539 0.305264
 -0.0121674 -0.0346599 0.30106
 -0.0125167 -0.0525417 0.297186
