 -0.0345405 0.0145916 0.343418
 -0.0157312 0.0374772 0.348157
 -0.065936 0.0520944 0.344473
 -0.0905328 0.0528926 0.340682
 -0.0795996 0.010777 0.338106
 -0.101585 -0.00584739 0.330476
 -0.115929 -0.0166871 0.325333
 -0.0696244 -0.00767857 0.336996
 -0.0769686 -0.0215887 0.307419
 -0.0787785 -0.0258493 0.286218
 -0.0491484 -0.0194329 0.337812
 -0.0630621 -0.0292913 0.314356
 -0.0729415 -0.0362909 0.297689
 -0.0299541 -0.0250133 0.339222
 -0.0397489 -0.0455278 0.335727
 -0.0475421 -0.0618503 0.332946
