 -0.045454 0.0215526 0.282462
 -0.0306194 0.0463052 0.290662
 -0.0719412 0.0663694 0.260624
 -0.0766446 0.0581885 0.237582
 -0.0826604 0.013323 0.257541
 -0.0997284 -0.00609583 0.245312
 -0.110888 -0.0187928 0.237316
 -0.073792 -0.00417691 0.265054
 -0.0851724 -0.0305245 0.247776
 -0.0924938 -0.0475794 0.236532
 -0.0564431 -0.0139402 0.277774
 -0.065869 -0.0332576 0.258306
 -0.0725647 -0.0469795 0.244477
 -0.0403581 -0.017648 0.289135
 -0.0403521 -0.0368339 0.27645
 -0.0396083 -0.0516021 0.265669
