 -0.0254287 0.000906802 0.365796
 -0.0123307 0.0258673 0.376063
 -0.0624386 0.0399124 0.361511
 -0.0859512 0.0405617 0.353341
 -0.0665569 -0.00906256 0.348998
 -0.0829652 -0.0280707 0.335308
 -0.0931513 -0.0400938 0.32524
 -0.0537625 -0.0257075 0.349767
 -0.0708143 -0.0509182 0.33577
 -0.0799262 -0.0656719 0.322724
 -0.0324943 -0.0343519 0.355338
 -0.0456295 -0.0580658 0.345036
 -0.0532451 -0.0735299 0.333757
 -0.0135971 -0.0371432 0.361392
 -0.0159685 -0.0592647 0.355559
 -0.0178553 -0.0768657 0.350919
