 0.0252733 0.0229078 0.317194
 0.0182049 0.0510807 0.324699
 -0.0222205 0.0364671 0.290831
 -0.0375304 0.0245565 0.275218
 0.00143745 -0.0138223 0.304711
 0.017757 -0.0367182 0.299475
 0.0284275 -0.0516885 0.296052
 0.0221395 -0.0173294 0.305395
 0.0362439 -0.0468231 0.298085
 0.0453802 -0.0659279 0.29335
 0.0437511 -0.00877189 0.309615
 0.0444242 -0.0347762 0.296796
 0.0449023 -0.0532481 0.28769
 0.0596634 0.00252945 0.314156
 0.0619749 0.0049598 0.291402
 0.0638141 0.00689352 0.273298
