 -0.00909591 0.022474 0.359963
 -0.0118045 0.0502369 0.348923
 -0.0578371 0.0249775 0.351879
 -0.0579658 0.0050751 0.336916
 -0.0383304 -0.00875756 0.375552
 -0.0337695 -0.0307086 0.357795
 -0.0324062 -0.042884 0.343668
 -0.0183422 -0.0151907 0.37621
 -0.0219665 -0.0325607 0.347795
 -0.0197875 -0.0142644 0.336332
 0.00438845 -0.0103261 0.371997
 0.00176214 -0.0212187 0.345249
 -0.00716787 -0.00373605 0.339006
 0.0218878 -0.00200497 0.36689
 0.0181037 -0.0243629 0.363042
 0.0157177 -0.0363028 0.349381
