 -0.00130278 0.0178764 0.306622
 -0.0021614 0.0425921 0.323604
 -0.0524642 0.0290431 0.311084
 -0.0731617 0.0182917 0.302365
 -0.031452 -0.0143872 0.295524
 -0.0368889 -0.0384864 0.281115
 -0.0404438 -0.0542436 0.271693
 -0.012592 -0.0174395 0.286788
 -0.0121283 -0.0450426 0.267811
 -0.0118415 -0.0628967 0.255481
 0.00962439 -0.00990286 0.284008
 0.0041993 -0.0343705 0.269417
 -0.00158313 -0.0461866 0.253565
 0.0270167 3.47681e-005 0.284557
 0.0314932 -0.0126869 0.265926
 0.0340118 -0.0206233 0.24963
