 -0.0364425 -0.00810423 0.287962
 -0.0443113 0.00484687 0.313854
 -0.0584338 0.0498535 0.281949
 -0.0626619 0.0658439 0.263336
 -0.0587272 -0.0201064 0.250115
 -0.0479395 -0.000156836 0.232691
 -0.0570467 0.0130999 0.242231
 -0.03823 -0.024647 0.249346
 -0.0368821 -0.0383049 0.218787
 -0.036009 -0.047152 0.198991
 -0.0172265 -0.0242229 0.260152
 -0.0155381 -0.0334181 0.232701
 -0.0143388 -0.0399498 0.2132
 -0.00192317 -0.0217973 0.272859
 -0.000997751 -0.0311744 0.251878
 -0.000261442 -0.0386353 0.235184
