 -0.0067076 0.0356318 0.262296
 0.00258554 0.0594722 0.246635
 -0.0522073 0.0652804 0.244245
 -0.0768746 0.0627439 0.246503
 -0.0474091 0.0189781 0.274091
 -0.0510412 -0.00707085 0.262856
 -0.0533855 -0.0240258 0.255325
 -0.031422 0.00735731 0.281212
 -0.0408235 -0.0239488 0.273878
 -0.0447205 -0.0418585 0.262261
 -0.00805056 0.00422749 0.282654
 -0.015648 -0.0236531 0.280214
 -0.0196062 -0.0420993 0.271942
 0.0118921 0.00560689 0.281263
 0.0131739 -0.0136867 0.293717
 0.0141938 -0.0290377 0.303627
