 -0.0485706 0.0214127 0.296792
 -0.0510943 0.0501927 0.304875
 -0.0832648 0.0390351 0.264285
 -0.0804123 0.0309744 0.2409
 -0.0754936 -0.00821151 0.275098
 -0.0639563 -0.000660948 0.250041
 -0.0714725 0.0163831 0.251684
 -0.0570592 -0.0165306 0.280782
 -0.0437895 -0.00713984 0.251491
 -0.0409651 0.0130353 0.258966
 -0.0361072 -0.0134657 0.291256
 -0.0253358 -0.0119313 0.264375
 -0.0221557 0.00830743 0.26653
 -0.0199815 -0.0064005 0.300827
 -0.0118217 -0.00521247 0.279356
 -0.00532933 -0.00426722 0.262272
