 -0.0240873 0.0376838 0.320736
 -0.024651 0.0664409 0.329263
 -0.0690089 0.0505997 0.306249
 -0.0873005 0.0380585 0.294929
 -0.0540467 0.00950471 0.301205
 -0.0596544 -0.0166929 0.291195
 -0.0633209 -0.033822 0.28465
 -0.0355678 0.000339687 0.30519
 -0.0382352 -0.0313251 0.294584
 -0.0399622 -0.0518356 0.287712
 -0.0136746 0.00238032 0.313828
 -0.0151949 -0.0250095 0.304421
 -0.0161367 -0.0443412 0.297367
 0.00351019 0.00863353 0.322021
 0.011777 -0.012557 0.318612
 0.0186094 -0.0291852 0.31519
