 -0.0591205 0.0222368 0.347011
 -0.0557011 0.0519257 0.349635
 -0.103787 0.0376842 0.33438
 -0.124452 0.0256136 0.327506
 -0.0935631 -0.00508512 0.335167
 -0.102605 -0.0318949 0.330991
 -0.10688 -0.0485434 0.323626
 -0.0760057 -0.0156087 0.339893
 -0.0664679 -0.0142168 0.307809
 -0.0593068 0.00604547 0.310817
 -0.0534128 -0.0147744 0.346745
 -0.0450567 -0.0132865 0.319015
 -0.043679 0.0072115 0.32053
 -0.0350328 -0.00932261 0.352577
 -0.0310622 -0.0319757 0.352306
 -0.0279031 -0.0499996 0.352091
