 -0.00882048 0.0179443 0.308471
 0.0068092 0.0402061 0.321125
 -0.0300596 0.0580025 0.287969
 -0.0486033 0.0607686 0.271583
 -0.0482934 0.0153489 0.285927
 -0.0665653 -0.00080391 0.270988
 -0.0782816 -0.0112821 0.260858
 -0.0387865 -0.00327242 0.287978
 -0.0558748 -0.0272995 0.272074
 -0.0669381 -0.0428611 0.261763
 -0.020312 -0.0155081 0.296168
 -0.0346783 -0.0368573 0.282796
 -0.0448834 -0.0520226 0.273297
 -0.00321037 -0.021569 0.304674
 -0.00722188 -0.0423878 0.295759
 -0.0104136 -0.0589523 0.288665
