 -0.0291598 0.0473025 0.359024
 -0.0287863 0.077276 0.357822
 -0.0788369 0.0712134 0.332058
 -0.0996854 0.0624779 0.321616
 -0.061249 0.0154571 0.353618
 -0.0679372 -0.0123487 0.353363
 -0.0723102 -0.0305295 0.353197
 -0.0423423 0.00738833 0.35795
 -0.0492741 -0.0250979 0.35361
 -0.0533704 -0.045952 0.349226
 -0.0195117 0.0112939 0.362599
 -0.0236989 -0.0170837 0.358335
 -0.0264939 -0.0371424 0.354568
 -0.00143588 0.0192152 0.366073
 0.00715863 -0.00207372 0.364688
 0.0140606 -0.0189509 0.363134
