 0.00225187 0.019706 0.313302
 -0.00448786 0.0424286 0.331693
 -0.0467442 0.0185617 0.311789
 -0.0625118 0.00433654 0.298788
 -0.0219835 -0.0120604 0.29147
 -0.020126 -0.0344302 0.273747
 -0.0192038 -0.0470004 0.259933
 -0.00133975 -0.0136044 0.287893
 -0.00437007 0.00673515 0.261447
 -0.0064025 0.0266664 0.269784
 0.0203509 -0.00516262 0.291937
 0.017922 0.0119186 0.268627
 0.0127195 0.0278172 0.280649
 0.0363787 0.00516739 0.298097
 0.0423073 -0.0074871 0.279829
 0.0470173 -0.0175218 0.265268
