 -0.0302776 0.0131321 0.32767
 -0.022954 0.0318654 0.349928
 -0.0458976 0.0588364 0.310242
 -0.0241233 0.0572002 0.298275
 -0.0620232 0.0130774 0.295031
 -0.0736236 -0.000317364 0.272582
 -0.0812084 -0.00907546 0.257904
 -0.0496221 -0.00386953 0.294432
 -0.0580843 -0.0245501 0.269472
 -0.0635658 -0.0379461 0.253305
 -0.0314411 -0.0156965 0.303795
 -0.0417577 -0.028156 0.279726
 -0.0471678 -0.035472 0.261244
 -0.0159121 -0.0220045 0.314777
 -0.0100953 -0.0356074 0.297166
 -0.0054671 -0.0464305 0.283155
