 -0.0387614 0.0291769 0.320625
 -0.0273572 0.0523086 0.335951
 -0.0493369 0.0764053 0.291877
 -0.0608229 0.0816051 0.270405
 -0.0776063 0.0217804 0.298054
 -0.0907628 0.00617355 0.278022
 -0.0993651 -0.00403092 0.264924
 -0.0646461 0.00525004 0.2977
 -0.0754546 -0.0197236 0.278162
 -0.0822906 -0.035746 0.265222
 -0.0439466 -0.00408537 0.304218
 -0.052724 -0.0224721 0.283581
 -0.0588079 -0.0353783 0.268722
 -0.0257714 -0.00771719 0.311835
 -0.0243713 -0.0256612 0.297515
 -0.0208708 -0.0357901 0.282681
