 -0.00397091 0.0257563 0.305491
 0.00156594 0.0551738 0.303501
 -0.0341199 0.0421256 0.265753
 -0.0412909 0.0283346 0.246301
 -0.0404148 -0.00051765 0.298101
 -0.0455343 -0.0243751 0.283182
 -0.0457714 -0.0363897 0.268855
 -0.0235765 -0.0114238 0.304336
 -0.0228721 -0.0336033 0.279239
 -0.0224136 -0.047967 0.26298
 -0.000886248 -0.0111709 0.310907
 -0.00422896 -0.0335079 0.292717
 0.00443477 -0.0274872 0.275024
 0.0179124 -0.00622181 0.315772
 0.0235853 -0.0282845 0.312601
 0.0280988 -0.0458387 0.310077
