 -0.0315775 0.00964574 0.325551
 -0.0239087 0.0269969 0.348792
 -0.0435571 0.059047 0.31039
 -0.0211612 0.0583104 0.299532
 -0.0649388 0.0105483 0.294578
 -0.0771103 -0.00166645 0.271761
 -0.0850686 -0.00965302 0.256843
 -0.0518816 -0.00571992 0.292089
 -0.0546002 -0.0270684 0.266416
 -0.0482597 -0.0300768 0.245882
 -0.0327578 -0.0173595 0.299632
 -0.0422528 -0.0269967 0.273981
 -0.0479608 -0.0328383 0.255069
 -0.0164291 -0.0237428 0.309336
 -0.0154295 -0.0411359 0.29432
 -0.0146342 -0.0549747 0.282373
