 -0.0252133 0.0107338 0.311144
 -0.0212789 0.0404581 0.31015
 -0.0746815 0.0328167 0.304382
 -0.0929412 0.0194395 0.294007
 -0.0613556 -0.0168577 0.308794
 -0.0689412 -0.0411989 0.295835
 -0.0738979 -0.0571093 0.287351
 -0.0432457 -0.0272518 0.311104
 -0.0521701 -0.055815 0.296046
 -0.0578854 -0.0742146 0.286062
 -0.0197572 -0.0262461 0.313423
 -0.0257593 -0.0520926 0.301721
 -0.0286866 -0.0676843 0.28858
 -0.000587376 -0.0206534 0.315093
 0.00514894 -0.0393886 0.303048
 0.00971143 -0.0542801 0.293439
