 -0.0292203 0.0157019 0.320707
 -0.0192788 0.0415921 0.309267
 -0.0711909 0.0404733 0.316453
 -0.09461 0.0329124 0.320247
 -0.0701351 -0.000509724 0.332379
 -0.0828621 -0.0249863 0.324837
 -0.0890612 -0.0381502 0.313091
 -0.0546076 -0.0142535 0.335748
 -0.0588243 -0.0266622 0.304918
 -0.0472362 -0.010246 0.296726
 -0.0314935 -0.0189996 0.334604
 -0.0349775 -0.0295055 0.307799
 -0.0357628 -0.0108431 0.299112
 -0.0116492 -0.0185646 0.331854
 -0.0109536 -0.0399993 0.340165
 -0.0123557 -0.0556689 0.330817
