 -0.0533147 0.0252287 0.337788
 -0.0412352 0.0526178 0.339769
 -0.0783215 0.0694435 0.299162
 -0.0898051 0.0654482 0.277433
 -0.0942086 0.00906837 0.325973
 -0.107474 -0.0131488 0.313791
 -0.116148 -0.0276753 0.305827
 -0.0806316 -0.00606481 0.331264
 -0.0854524 -0.0389094 0.326765
 -0.0885752 -0.0601849 0.323851
 -0.0588869 -0.0117972 0.338503
 -0.0713372 -0.0375585 0.333776
 -0.0801813 -0.055858 0.330418
 -0.0397779 -0.0118985 0.344535
 -0.0404957 -0.0348589 0.343393
 -0.0410669 -0.0531274 0.342484
