 -0.0244271 0.038031 0.318483
 -0.0260039 0.0670279 0.326013
 -0.0734831 0.0498884 0.309308
 -0.0928598 0.0367587 0.300813
 -0.0541689 0.007429 0.302608
 -0.0590092 -0.0194259 0.294044
 -0.0621635 -0.0369735 0.288403
 -0.0349024 -0.000500313 0.305305
 -0.036385 -0.0326857 0.296131
 -0.0373418 -0.0535303 0.290175
 -0.012524 0.00313008 0.311947
 -0.0126496 -0.024835 0.30427
 -0.0127381 -0.0446992 0.298814
 0.00488008 0.0106765 0.318405
 0.0142335 -0.00996454 0.314472
 0.0222097 -0.0254375 0.308828
