 -0.0319921 0.0293939 0.306855
 -0.0311996 0.0592681 0.304226
 -0.0789999 0.0449503 0.282388
 -0.0990015 0.0328096 0.27387
 -0.0619738 -0.0029428 0.295518
 -0.0665778 -0.0308412 0.291224
 -0.0681988 -0.04869 0.285887
 -0.0447109 -0.0106268 0.304699
 -0.035165 -0.0407298 0.293522
 -0.0289766 -0.0602235 0.28627
 -0.0236609 -0.00630497 0.314513
 -0.0184152 -0.0333778 0.305539
 -0.014689 -0.0526088 0.299163
 -0.00692239 0.00192864 0.321833
 0.00368364 -0.0180837 0.317831
 0.0129656 -0.0323318 0.311069
