 -0.0285095 0.0284144 0.301043
 -0.0203441 0.0569469 0.305427
 -0.0589772 0.0674343 0.265654
 -0.0678189 0.0614305 0.243165
 -0.0658922 0.00792421 0.28505
 -0.0722653 -0.0129764 0.266597
 -0.0764324 -0.0266421 0.254532
 -0.0508733 -0.00564855 0.290667
 -0.0583512 -0.037414 0.283099
 -0.0631951 -0.0579904 0.278196
 -0.0291731 -0.00899273 0.299386
 -0.0364235 -0.0367397 0.29508
 -0.0406025 -0.0561997 0.28977
 -0.0107313 -0.00702492 0.306974
 -0.00873967 -0.0298809 0.305351
 -0.00712037 -0.048057 0.303973
