 -0.0221214 0.0301904 0.30903
 -0.0195128 0.0543264 0.326655
 -0.0553316 0.0667979 0.288333
 -0.0679263 0.0674463 0.266863
 -0.0556818 0.0123505 0.28396
 -0.0642413 -0.00848857 0.266341
 -0.0687736 -0.0201338 0.252429
 -0.0379187 0.00117317 0.28302
 -0.0399637 -0.0259914 0.263523
 -0.0411471 -0.043328 0.250525
 -0.0154465 -0.0012913 0.289877
 -0.0180966 -0.0245475 0.272756
 -0.0190953 -0.0393338 0.258448
 0.00270744 0.000660851 0.298134
 0.00909055 -0.0179911 0.286287
 0.0141693 -0.0328316 0.27686
