 -0.016016 0.018239 0.344712
 -0.0154451 0.04822 0.343808
 -0.0601876 0.0318284 0.319114
 -0.0788742 0.0188048 0.309054
 -0.048893 -0.0130443 0.348392
 -0.0562927 -0.0395018 0.340442
 -0.061131 -0.0567875 0.335199
 -0.0296928 -0.0214568 0.347004
 -0.0307015 -0.0549291 0.347919
 -0.0313549 -0.0766112 0.348511
 -0.0064211 -0.0179599 0.344932
 -0.0070202 -0.0469501 0.345391
 -0.00744577 -0.0675431 0.345717
 0.0120347 -0.01036 0.34315
 0.0199258 -0.0319639 0.343091
 0.02619 -0.049157 0.342878
