 -5.83705e-005 0.0168612 0.289184
 0.0092829 0.0450461 0.2849
 -0.0393419 0.0362485 0.267408
 -0.0580802 0.023121 0.257582
 -0.0384109 -0.00588706 0.279982
 -0.0426988 -0.0295615 0.264519
 -0.0407572 -0.0410903 0.249924
 -0.0238761 -0.0177906 0.289383
 -0.0261258 -0.0436592 0.268217
 -0.0275773 -0.0604116 0.254501
 -0.00222379 -0.0192914 0.298712
 -0.00566078 -0.0459755 0.287888
 -0.00468108 -0.0622121 0.275248
 0.0163702 -0.0159251 0.305381
 0.0168145 -0.038053 0.311639
 0.017168 -0.0556591 0.316618
