 -0.0392758 0.000227535 0.333212
 -0.033413 0.0296337 0.332261
 -0.0830779 0.0178205 0.320362
 -0.104905 0.00681617 0.315621
 -0.0762414 -0.0252895 0.325761
 -0.0878324 -0.051421 0.324893
 -0.0954111 -0.068507 0.324326
 -0.0593857 -0.0366394 0.331091
 -0.0696295 -0.0685345 0.33099
 -0.074809 -0.0890186 0.326043
 -0.036527 -0.0369234 0.337049
 -0.0459661 -0.0631434 0.329023
 -0.0526711 -0.0817685 0.323321
 -0.0175427 -0.0323999 0.341597
 -0.0255489 -0.0539598 0.341327
 -0.0319191 -0.0711139 0.341113
