 -0.00841109 0.0251765 0.293937
 -0.000956245 0.0541392 0.296301
 -0.0477828 0.0478038 0.272765
 -0.0347883 0.0394191 0.253249
 -0.0472188 0.00264915 0.286219
 -0.0587933 -0.0216259 0.276487
 -0.0654861 -0.0366323 0.267559
 -0.0307012 -0.0100918 0.288706
 -0.0384937 -0.0382068 0.272241
 -0.0435079 -0.0563712 0.26148
 -0.00752674 -0.0122441 0.292756
 -0.0158111 -0.0347486 0.276449
 -0.0215969 -0.0506051 0.26464
 0.0119638 -0.00926633 0.296334
 0.00708773 -0.029286 0.286115
 0.00776889 -0.0358556 0.269048
