 0.026084 -0.0189055 0.339494
 0.027987 -0.0191962 0.309556
 -0.0209373 -0.0130339 0.327338
 -0.036693 -0.0224467 0.344165
 -0.00801832 -0.0145797 0.369351
 -0.0150381 -0.0154417 0.397062
 -0.0196279 -0.0160053 0.415181
 0.0107093 -0.0169106 0.37858
 0.00654361 -0.0501505 0.378638
 -0.000199647 -0.051613 0.358064
 0.0340181 -0.019836 0.376082
 0.0313106 -0.0485684 0.378932
 0.0249094 -0.0499026 0.359397
 0.0527181 -0.0221914 0.369277
 0.0498097 -0.0450059 0.369479
 0.055035 -0.0458701 0.351962
