 -0.0197116 0.00919361 0.283351
 -0.0217698 0.0317273 0.303049
 -0.0583839 0.0353162 0.265203
 -0.070818 0.0329504 0.24376
 -0.0478368 -0.00904267 0.252537
 -0.0356657 -0.0296411 0.236868
 -0.0267659 -0.0405637 0.224573
 -0.0291034 -0.01853 0.253164
 -0.0156765 -0.0441658 0.236289
 -0.00428923 -0.0451133 0.217841
 -0.007582 -0.0196945 0.262837
 -0.0118124 -0.0397277 0.2423
 -0.0148175 -0.0539581 0.227711
 0.00906812 -0.0169753 0.27365
 0.00571296 -0.0328637 0.257362
 0.00304341 -0.0455053 0.244403
