 -0.0372251 0.027097 0.3487
 -0.0276322 0.0541891 0.357302
 -0.0696913 0.0684429 0.324132
 -0.0770298 0.0636369 0.300829
 -0.0751929 0.0113156 0.329143
 -0.0764004 -0.016818 0.324143
 -0.0771899 -0.0352131 0.320874
 -0.0611169 -0.00377568 0.333076
 -0.0777314 -0.0304155 0.321391
 -0.0884936 -0.0476717 0.313822
 -0.0399005 -0.00959238 0.341685
 -0.0533786 -0.0333204 0.331871
 -0.0629526 -0.0501755 0.324899
 -0.0216099 -0.00980817 0.349868
 -0.0243871 -0.0321278 0.345059
 -0.0265967 -0.0498864 0.341233
