 -0.0133879 0.0399152 0.275793
 -0.00975922 0.0684724 0.267348
 -0.0646568 0.0637343 0.267829
 -0.0732921 0.0450824 0.253774
 -0.0494059 0.0130603 0.283182
 -0.0537463 -0.0137 0.274071
 -0.0547874 -0.0250345 0.259234
 -0.0310934 0.00328231 0.286405
 -0.0295759 -0.0105265 0.255921
 -0.0340643 0.00872781 0.246976
 -0.00750062 0.00449773 0.286443
 -0.0147047 -0.0206677 0.273961
 -0.0198221 -0.0385438 0.265094
 0.0117022 0.0100675 0.285109
 0.0173838 -0.0113142 0.291398
 0.0215338 -0.028791 0.2879
