 -0.0638207 0.0786471 0.377586
 -0.0549272 0.107299 0.377534
 -0.109624 0.112744 0.382324
 -0.134168 0.109058 0.384323
 -0.104103 0.0576502 0.380673
 -0.116976 0.0388565 0.36338
 -0.125344 0.0266784 0.351919
 -0.088005 0.0442735 0.378869
 -0.0963682 0.0179342 0.359933
 -0.101138 0.00534033 0.342917
 -0.0646816 0.0412182 0.376682
 -0.0752091 0.0158895 0.367268
 -0.0809136 0.00523236 0.350587
 -0.0448413 0.0434332 0.374949
 -0.0448279 0.0216333 0.367616
 -0.0455983 0.00879142 0.354601
