 -0.00928921 0.0245675 0.343022
 -0.015461 0.0535743 0.347551
 -0.0571641 0.0275876 0.328153
 -0.0731902 0.0107842 0.319163
 -0.0343978 -0.013043 0.337721
 -0.0350259 -0.0413108 0.333421
 -0.0354785 -0.0591911 0.327964
 -0.0137451 -0.016778 0.336795
 -0.0144808 -0.0498892 0.33176
 -0.0149573 -0.0713373 0.328498
 0.00821348 -0.00811584 0.337737
 0.0074077 -0.029002 0.317634
 0.0068353 -0.0438334 0.303349
 0.0245444 0.00340266 0.339211
 0.0365223 -0.0139343 0.329993
 0.0460525 -0.0277285 0.32266
