 -0.0171207 0.0266854 0.297346
 -0.0232917 0.0531414 0.310074
 -0.065755 0.0393409 0.280122
 -0.0820968 0.0281241 0.265051
 -0.0412336 -0.00384621 0.273692
 -0.0416624 -0.0288718 0.259854
 -0.0419428 -0.0452347 0.250806
 -0.0211788 -0.00951453 0.276342
 -0.00265849 -0.0186877 0.249977
 0.00441941 -0.0115215 0.230756
 6.35017e-005 -0.00432512 0.285282
 0.00431463 -0.0149133 0.258621
 0.00924439 -0.000876517 0.244372
 0.0158293 0.00404123 0.294392
 0.0281323 -0.0142706 0.287887
 0.038673 -0.0265593 0.279357
