 -0.0799272 0.034741 0.383466
 -0.0804168 0.0644033 0.387927
 -0.126002 0.0475589 0.3669
 -0.137625 0.0347592 0.348981
 -0.111789 0.00254194 0.37887
 -0.117472 -0.0240482 0.370003
 -0.121188 -0.0414341 0.364205
 -0.0922365 -0.00503265 0.377582
 -0.0991574 -0.0374537 0.372763
 -0.101131 -0.0430512 0.35189
 -0.0690226 -0.000675695 0.378059
 -0.0738072 -0.0192258 0.356288
 -0.0749157 -0.0206372 0.335766
 -0.0507836 0.00755146 0.379156
 -0.0551629 -0.0105222 0.365622
 -0.0586473 -0.0249026 0.354854
