 -0.0269406 0.0228167 0.31662
 -0.0132558 0.0482052 0.324876
 -0.0475013 0.0594523 0.285303
 -0.0304331 0.0504837 0.269547
 -0.0679165 0.0126313 0.299582
 -0.0809698 -0.00505492 0.281285
 -0.0890476 -0.0163235 0.268737
 -0.0557454 -0.00427198 0.302318
 -0.0735156 -0.0268784 0.28513
 -0.085016 -0.0415164 0.273978
 -0.0349586 -0.0130322 0.309337
 -0.047985 -0.0341556 0.294333
 -0.0569683 -0.0489934 0.28322
 -0.0163464 -0.0158457 0.316208
 -0.0195962 -0.0382549 0.312175
 -0.0197028 -0.0542093 0.303212
