 -0.0297787 0.0315706 0.302214
 -0.0139561 0.0566789 0.306598
 -0.0610778 0.0764508 0.286002
 -0.0638923 0.0671458 0.263078
 -0.0732897 0.0224767 0.292356
 -0.0901172 0.00382931 0.278679
 -0.100148 -0.0077377 0.267942
 -0.0615358 0.00517267 0.294295
 -0.0703377 -0.020282 0.274375
 -0.0758324 -0.0365193 0.261069
 -0.0402808 -0.00419474 0.298605
 -0.0554041 -0.0214675 0.280887
 -0.060584 -0.0294555 0.262619
 -0.0209539 -0.00753267 0.302713
 -0.024285 -0.0284628 0.293778
 -0.0248598 -0.0415513 0.281001
