 -0.0195937 0.0113876 0.327472
 -0.0202653 0.0395624 0.337754
 -0.0632341 0.0373705 0.303942
 -0.0809269 0.0306147 0.287776
 -0.050759 -0.0173929 0.310935
 -0.0565316 -0.0432951 0.300271
 -0.0597148 -0.058947 0.290546
 -0.0314592 -0.0256694 0.311533
 -0.0379109 -0.0558168 0.298427
 -0.0420901 -0.0753451 0.289937
 -0.00863078 -0.0228276 0.316907
 -0.0112602 -0.0497527 0.306461
 -0.0130199 -0.0686612 0.298478
 0.00927457 -0.0160362 0.322808
 0.0178368 -0.0365364 0.316856
 0.0246531 -0.0528402 0.312101
